1000 
0 1 1 2 2 1 5 7 7 8 7 3 2 10 14 4 14 13 10 17 7 11 2 11 12 13 25 22 7 19 11 11 9 5 32 2 19 9 16 7 22 39 17 5 28 16 28 8 5 7 11 49 27 49 15 29 7 39 22 25 33 35 28 3 43 40 29 6 3 42 2 27 21 39 48 32 70 68 9 15 3 31 79 39 67 75 45 33 81 77 31 53 3 13 35 79 53 95 72 86 75 99 46 13 98 71 96 13 48 98 18 76 89 85 90 72 18 109 30 14 82 1 15 57 60 102 19 107 71 59 1 34 93 10 10 47 64 121 40 138 36 10 79 3 6 143 73 115 132 44 104 130 91 29 72 117 52 140 146 153 127 36 85 131 111 59 146 77 132 117 91 21 76 132 98 33 106 100 40 35 110 143 73 174 115 175 76 81 19 100 120 20 191 56 96 64 180 192 168 32 191 178 119 93 179 95 196 131 197 159 117 80 131 11 192 110 138 108 154 189 162 88 178 152 102 196 209 20 145 42 182 217 162 65 26 19 101 196 103 183 40 46 229 123 59 166 34 221 152 80 83 228 140 37 223 162 84 210 1 78 88 66 234 188 36 114 109 27 154 177 66 207 50 234 169 213 94 77 156 55 150 265 91 176 41 147 3 167 9 66 204 124 287 186 197 214 29 17 283 23 131 283 195 46 243 151 174 76 200 304 290 186 67 61 59 62 309 79 38 109 262 266 312 168 1 280 257 322 222 241 86 303 131 80 112 242 43 283 145 300 202 316 94 285 319 118 14 309 221 156 341 215 266 4 242 341 115 34 76 8 94 63 308 175 362 99 55 254 347 340 75 184 295 264 145 324 194 210 282 216 75 16 239 323 341 192 62 33 31 113 255 130 173 232 90 386 144 192 192 227 306 363 23 80 63 86 360 149 45 201 55 404 345 385 356 258 40 136 222 89 123 366 41 56 227 289 97 200 366 308 33 29 368 60 119 163 151 383 119 98 95 424 321 20 123 125 423 340 130 96 42 289 78 16 400 221 233 427 271 129 295 138 93 461 37 345 324 264 154 163 270 98 368 457 417 196 407 268 230 292 35 327 340 119 373 426 93 173 293 457 158 252 83 323 274 6 274 185 434 460 436 465 134 251 200 189 484 353 331 214 299 146 459 142 42 415 86 143 372 211 169 280 257 275 123 348 503 367 454 235 505 407 357 32 249 287 352 439 202 528 46 311 143 485 26 140 323 486 491 76 119 460 533 431 339 146 501 400 342 482 1 400 284 41 297 371 424 217 287 46 418 112 132 212 169 539 241 242 457 34 63 408 565 329 455 191 522 487 111 478 548 19 515 390 168 141 217 573 340 16 245 391 41 289 302 484 319 572 47 256 309 146 227 9 7 99 177 194 30 14 61 613 20 547 429 508 59 45 188 98 627 108 283 209 531 139 555 210 295 34 180 83 564 579 321 591 646 562 194 301 26 136 125 297 355 555 221 475 351 135 530 76 185 519 367 38 544 182 335 231 632 152 545 182 98 333 223 553 400 475 114 602 353 178 269 261 274 436 470 360 227 290 108 605 633 404 595 292 564 17 522 541 393 120 468 325 261 327 156 176 37 570 258 114 275 529 72 361 374 311 21 315 438 163 301 296 276 581 238 303 344 197 421 429 246 735 15 693 18 122 613 446 55 137 153 539 42 568 610 716 459 349 395 732 334 476 633 60 492 158 657 74 587 731 47 641 355 42 273 382 201 656 92 424 277 375 423 650 683 725 335 354 386 382 617 614 778 597 128 548 219 631 634 589 485 741 440 528 215 113 59 541 511 434 795 207 426 156 556 438 61 308 28 311 450 454 798 703 202 416 14 44 430 232 355 430 781 487 792 352 467 278 172 553 619 516 721 642 490 461 448 374 400 659 628 245 817 626 715 217 94 26 764 807 459 614 507 800 453 26 652 774 745 376 580 38 216 246 707 618 82 233 716 126 204 522 199 304 1 243 798 173 299 353 417 103 120 259 475 189 91 401 810 631 665 894 99 200 71 390 847 481 588 293 151 827 612 152 225 872 234 731 585 223 476 833 253 151 495 772 98 68 353 687 452 213 756 767 489 490 795 534 427 632 244 208 562 923 848 914 87 526 911 141 411 298 727 123 773 113 826 337 295 10 145 709 314 50 661 580 823 926 207 372 894 876 671 631 475 966 325 488 344 116 729 502 421 160 474 234 716 931 431 941 237 48 165 741 822 797 676 751 812 323 353 71 765 134 426 381 
1000 
1 302 
1 891 
1 825 
1 215 
2 568 123 914 2 
2 617 209 378 4 
1 726 
2 728 168 5 4 
1 988 
1 236 
1 344 
2 440 200 3 3 
2 761 226 3 10 
2 43 445 10 8 
2 620 527 492 7 
1 740 
2 394 879 731 10 
1 947 
1 916 
2 205 236 365 17 
2 804 145 8 18 
1 965 
1 131 
2 619 518 6 8 
2 537 9 114 20 
1 227 
1 527 
1 185 
2 126 299 303 13 
2 39 674 224 18 
2 787 426 760 21 
1 971 
2 145 318 8 21 
1 320 
1 764 
1 153 
1 250 
1 994 
1 397 
1 192 
2 564 214 142 3 
2 52 802 545 9 
2 715 935 9 29 
1 795 
1 434 
1 399 
2 152 880 4 17 
1 516 
1 136 
1 70 
1 857 
1 562 
2 323 6 438 35 
1 649 
1 298 
2 462 473 8 40 
2 224 610 6 12 
2 732 85 3 28 
1 645 
1 274 
2 184 520 8 33 
1 308 
1 420 
1 818 
1 610 
1 831 
2 479 655 173 23 
2 551 468 8 34 
2 241 385 952 32 
2 71 36 135 22 
1 186 
2 99 454 567 71 
2 400 279 265 24 
2 947 455 682 25 
2 965 7 620 72 
1 206 
1 668 
2 143 474 128 7 
1 978 
2 507 586 574 24 
1 48 
2 488 477 359 68 
1 886 
1 360 
2 28 859 3 61 
1 213 
1 662 
2 563 322 10 46 
2 531 13 355 14 
1 966 
1 893 
2 390 719 849 68 
1 291 
2 263 911 1 77 
2 392 913 9 22 
1 868 
2 348 130 545 78 
1 134 
2 9 359 2 80 
2 563 19 447 28 
2 403 771 4 54 
1 743 
2 81 394 8 78 
2 10 754 163 93 
2 963 625 924 94 
1 842 
1 560 
2 373 106 4 72 
2 132 423 181 48 
2 258 81 108 39 
1 524 
1 120 
1 498 
2 904 127 1 75 
1 7 
2 130 351 664 43 
1 814 
1 96 
2 398 959 2 21 
2 956 246 2 114 
2 838 549 7 17 
2 947 447 6 13 
2 114 510 866 48 
2 178 161 6 12 
2 494 874 4 18 
2 384 599 3 92 
2 612 470 4 83 
2 807 69 8 103 
1 585 
2 606 237 593 53 
2 818 996 3 116 
1 789 
1 287 
2 997 532 4 75 
1 762 
1 416 
2 308 654 12 70 
2 187 291 5 131 
2 787 925 10 98 
2 148 604 116 38 
1 901 
2 559 993 887 107 
1 234 
1 218 
2 975 505 158 50 
1 569 
2 606 350 1 128 
2 935 996 954 130 
1 292 
1 957 
1 93 
1 394 
1 271 
2 229 437 66 10 
1 977 
2 364 333 10 67 
1 166 
1 771 
1 494 
1 356 
1 749 
2 436 871 671 20 
1 737 
1 358 
2 481 690 204 152 
2 996 404 583 33 
1 17 
1 15 
2 795 640 759 159 
2 703 741 900 58 
2 92 479 983 126 
1 763 
1 147 
2 98 179 230 96 
1 252 
2 424 113 5 62 
1 937 
2 607 595 4 8 
2 73 234 891 18 
2 266 157 1 40 
1 149 
2 137 44 4 27 
1 217 
2 716 95 1 84 
1 294 
2 710 95 656 173 
1 451 
2 846 540 10 185 
2 681 156 3 32 
1 71 
2 849 63 9 46 
1 477 
2 926 338 10 159 
1 552 
2 828 32 6 17 
2 241 415 3 161 
1 875 
2 213 40 605 0 
2 424 808 3 83 
1 262 
1 987 
2 383 500 6 73 
2 822 364 544 175 
2 865 619 346 91 
1 588 
1 438 
1 285 
2 294 204 5 47 
1 882 
1 200 
1 269 
1 444 
1 839 
2 70 318 7 137 
1 826 
2 983 231 727 179 
1 917 
2 413 798 2 200 
1 130 
2 799 923 7 115 
2 856 601 3 29 
1 689 
2 362 3 9 15 
1 888 
2 969 800 937 218 
1 5 
2 340 273 7 95 
2 510 1 5 79 
1 99 
2 603 40 588 57 
1 251 
2 175 241 861 203 
1 249 
1 592 
1 781 
1 229 
2 806 450 9 10 
2 201 204 8 164 
2 510 156 979 20 
2 930 681 111 177 
1 484 
2 853 1000 2 173 
2 99 265 5 158 
1 832 
2 294 444 749 156 
1 997 
1 366 
1 922 
1 322 
1 415 
1 811 
1 92 
1 808 
1 341 
1 752 
2 230 920 4 119 
1 395 
1 767 
1 197 
1 511 
1 624 
2 179 337 966 156 
2 376 708 10 163 
1 260 
1 620 
1 546 
2 935 924 10 86 
2 732 502 8 111 
1 241 
2 608 108 10 219 
1 28 
1 684 
2 531 358 974 162 
2 650 983 490 95 
1 871 
2 523 198 482 236 
1 384 
2 818 551 2 82 
1 907 
1 318 
1 16 
1 168 
2 729 281 748 66 
2 703 952 71 167 
2 867 81 233 217 
1 751 
2 222 498 3 93 
2 876 147 204 147 
2 531 47 3 152 
2 906 362 979 278 
1 87 
2 585 140 556 90 
1 8 
1 34 
2 425 829 710 269 
2 459 588 378 134 
1 778 
1 517 
1 582 
1 793 
2 537 221 3 126 
2 248 756 9 215 
2 226 689 127 56 
1 861 
2 211 844 5 100 
2 517 518 2 296 
1 765 
1 718 
1 210 
1 688 
1 323 
1 312 
1 537 
1 355 
1 13 
1 854 
2 809 293 717 266 
2 722 29 9 220 
2 549 996 711 266 
2 995 459 4 220 
2 712 635 6 38 
2 614 322 3 239 
1 135 
1 529 
2 15 375 820 129 
2 430 581 2 55 
1 591 
1 214 
2 730 319 8 238 
1 883 
1 972 
1 482 
1 840 
1 757 
2 398 13 902 290 
1 429 
1 393 
2 755 136 8 198 
1 941 
2 626 96 337 28 
2 332 526 831 217 
2 238 395 2 16 
2 282 478 1 50 
1 465 
1 313 
2 657 905 692 326 
2 626 396 548 307 
2 692 776 629 61 
2 354 813 7 296 
1 162 
2 608 129 160 67 
1 223 
2 298 153 367 44 
2 614 788 448 51 
2 769 463 257 5 
1 921 
2 331 718 40 258 
2 481 540 419 135 
1 710 
1 632 
2 555 183 10 157 
2 29 809 10 2 
1 317 
2 418 653 5 184 
2 898 160 674 151 
1 126 
2 423 959 402 218 
2 910 839 10 116 
1 240 
2 810 386 7 80 
1 169 
1 370 
1 495 
1 10 
1 139 
1 804 
2 993 221 4 192 
1 40 
1 519 
2 356 467 5 176 
2 49 362 9 119 
1 785 
2 428 961 4 65 
2 864 354 698 263 
2 35 807 393 301 
2 453 189 376 356 
2 790 417 35 237 
2 296 32 401 227 
1 55 
2 945 355 567 290 
2 636 676 577 326 
2 251 895 5 57 
2 996 772 9 325 
1 437 
1 188 
1 368 
2 828 662 186 28 
2 739 122 420 37 
1 935 
2 618 882 367 187 
1 165 
2 427 818 527 61 
2 326 706 5 112 
2 278 523 3 139 
1 547 
2 73 267 856 230 
2 305 513 7 27 
2 211 735 9 56 
2 618 881 3 336 
2 439 778 838 315 
1 928 
2 921 562 55 128 
1 656 
2 590 895 9 227 
2 402 603 74 364 
1 587 
1 328 
2 850 756 603 314 
1 306 
1 413 
2 310 215 148 407 
1 111 
2 121 965 6 59 
2 914 384 957 403 
2 97 606 280 123 
1 309 
1 756 
2 769 139 7 113 
1 374 
1 565 
2 153 35 6 240 
2 748 793 4 76 
2 577 326 10 426 
2 370 991 1 428 
1 90 
2 148 180 5 239 
2 907 55 706 378 
2 193 174 897 413 
2 53 346 985 412 
1 357 
1 97 
1 389 
1 968 
2 291 875 660 325 
2 40 48 7 238 
2 661 948 132 96 
2 356 787 547 48 
1 848 
1 545 
1 753 
1 594 
1 961 
2 406 703 514 68 
2 663 622 508 405 
2 902 180 10 253 
2 16 895 5 304 
2 876 527 158 29 
2 534 549 8 37 
1 189 
2 44 245 812 122 
2 933 777 988 37 
1 204 
1 540 
1 338 
1 735 
1 817 
1 508 
2 52 796 495 260 
2 924 45 3 219 
1 21 
1 288 
1 82 
1 419 
1 114 
2 470 222 1 261 
2 694 686 6 304 
1 348 
2 408 468 269 137 
1 171 
1 993 
1 497 
2 367 912 904 138 
2 540 545 393 47 
1 466 
2 982 287 371 368 
1 84 
1 256 
1 354 
1 958 
1 503 
2 96 249 538 138 
2 900 312 9 78 
2 372 87 1 92 
2 61 922 682 327 
2 34 134 9 459 
1 584 
1 873 
2 764 872 1 488 
1 746 
1 406 
1 459 
2 249 227 5 179 
1 895 
1 952 
1 526 
1 220 
2 754 703 6 148 
1 801 
1 230 
1 481 
2 416 141 3 193 
2 478 906 1 447 
1 643 
2 65 391 7 417 
2 462 527 2 259 
1 85 
1 211 
1 960 
1 910 
1 945 
2 543 717 887 206 
1 80 
2 718 277 861 387 
2 232 914 5 387 
2 834 740 1 415 
2 443 663 960 482 
1 904 
2 980 597 10 401 
1 261 
1 64 
2 520 581 3 171 
1 425 
1 144 
1 435 
1 561 
1 433 
1 729 
2 24 170 2 405 
2 687 65 963 167 
1 574 
2 622 15 7 241 
1 616 
1 73 
2 211 998 271 508 
1 557 
2 318 253 645 418 
1 72 
1 896 
2 20 837 1 61 
1 431 
1 195 
2 546 639 920 338 
1 999 
2 44 836 574 209 
2 316 226 514 276 
1 530 
1 794 
2 726 880 747 290 
2 794 754 1 84 
2 597 715 10 434 
2 577 846 1 35 
2 679 518 8 470 
2 220 261 7 466 
1 555 
1 463 
2 430 573 338 170 
1 802 
2 660 146 1 553 
2 270 176 6 274 
2 210 500 7 567 
1 233 
1 521 
2 343 168 777 226 
2 316 916 894 73 
2 19 710 3 438 
1 62 
2 644 463 973 412 
2 25 731 10 186 
1 331 
2 3 463 749 358 
1 513 
2 381 721 532 182 
2 930 463 3 208 
1 744 
2 414 504 7 541 
2 894 217 475 282 
1 850 
2 845 430 6 169 
2 46 316 499 145 
1 255 
2 449 855 5 179 
1 950 
1 336 
2 981 30 2 413 
1 266 
2 430 365 2 569 
2 891 229 418 385 
2 926 259 162 165 
2 165 238 375 292 
2 980 555 1 556 
2 751 858 688 591 
2 474 331 280 452 
2 622 424 204 550 
2 759 763 8 583 
2 451 899 2 424 
1 724 
1 299 
2 681 496 973 561 
1 421 
1 41 
2 760 907 3 109 
2 387 66 7 148 
1 51 
2 717 945 179 256 
1 411 
1 122 
1 124 
1 690 
1 453 
2 298 330 7 447 
1 648 
1 974 
2 964 389 75 421 
1 426 
1 31 
1 371 
2 682 366 3 481 
1 212 
2 653 319 888 285 
1 409 
1 109 
2 830 577 654 361 
2 108 715 4 593 
1 143 
2 890 397 6 11 
2 861 511 4 420 
2 521 635 7 146 
1 611 
2 222 662 832 217 
1 635 
2 35 939 1 447 
2 571 462 8 126 
1 894 
1 441 
2 260 318 9 313 
2 508 948 3 605 
2 434 87 10 30 
1 63 
1 148 
1 849 
1 69 
2 928 286 8 280 
2 549 331 504 58 
1 509 
1 913 
2 816 32 123 107 
1 476 
1 615 
2 834 301 520 70 
2 302 31 9 314 
1 152 
1 56 
1 663 
1 659 
1 651 
2 359 729 5 21 
2 981 50 8 148 
2 595 353 614 335 
2 600 679 155 185 
1 254 
2 562 267 8 334 
1 110 
1 410 
2 88 283 750 360 
2 265 355 312 254 
2 222 636 453 463 
2 920 701 10 226 
1 349 
1 190 
1 6 
2 779 282 3 489 
1 243 
2 257 783 274 303 
1 969 
2 833 405 7 149 
2 291 649 9 672 
1 833 
1 30 
2 381 40 568 647 
1 145 
2 308 445 769 75 
1 705 
2 857 568 959 113 
1 170 
2 209 961 987 633 
1 324 
2 890 133 38 674 
2 603 101 5 677 
1 670 
1 228 
2 309 462 51 250 
2 238 541 694 465 
2 713 889 462 233 
2 691 370 164 109 
1 697 
1 539 
2 343 242 960 23 
1 558 
2 783 60 4 253 
2 853 453 828 513 
2 514 507 5 477 
1 734 
1 141 
1 382 
2 687 896 37 364 
2 137 400 734 151 
2 440 45 329 231 
2 58 541 1 680 
2 629 93 5 672 
2 720 266 489 92 
1 822 
1 45 
1 386 
1 151 
2 61 644 10 308 
1 657 
1 219 
1 640 
2 636 620 1 212 
1 289 
1 889 
1 773 
2 115 830 16 92 
1 282 
1 790 
2 807 410 6 8 
2 965 379 58 74 
1 400 
2 74 590 502 713 
2 75 947 6 63 
1 671 
1 788 
2 91 167 7 627 
1 181 
1 117 
1 975 
2 521 128 181 558 
1 939 
1 732 
2 204 836 738 381 
1 613 
1 731 
2 595 318 582 466 
1 452 
2 738 726 384 20 
2 751 393 5 91 
1 160 
2 637 902 530 112 
1 365 
2 273 971 5 35 
1 121 
2 930 402 383 204 
2 134 628 136 253 
2 95 803 641 424 
2 923 231 855 260 
1 201 
2 705 227 10 620 
2 889 327 5 532 
1 523 
1 920 
1 450 
1 79 
1 4 
1 535 
2 128 526 34 433 
2 715 664 1 685 
2 165 801 645 268 
2 983 159 715 277 
2 914 546 5 43 
1 666 
2 318 574 2 98 
1 627 
2 160 168 182 512 
1 177 
1 112 
2 774 704 857 358 
2 167 913 666 461 
1 346 
1 646 
1 158 
1 81 
2 97 954 5 76 
2 280 194 9 653 
1 528 
2 730 399 517 136 
1 179 
1 330 
1 24 
1 401 
1 892 
1 924 
1 862 
1 60 
1 522 
2 152 716 849 554 
1 847 
2 495 448 860 45 
2 861 307 7 10 
1 105 
1 948 
2 469 647 3 790 
1 182 
2 830 573 2 180 
2 634 725 524 762 
1 660 
2 70 867 1 360 
1 67 
2 652 510 8 114 
1 981 
1 500 
2 441 770 3 29 
2 160 831 776 160 
2 554 472 1 629 
2 726 829 4 741 
2 663 80 7 146 
1 676 
1 12 
2 856 207 2 149 
1 499 
2 746 925 274 324 
2 207 852 484 214 
2 169 218 9 366 
1 116 
2 777 681 250 110 
1 25 
1 967 
2 410 124 4 673 
2 27 297 601 761 
1 510 
1 556 
1 275 
2 6 464 227 304 
2 838 324 4 842 
1 742 
1 890 
1 638 
2 450 702 588 806 
1 551 
1 125 
2 238 258 10 748 
1 445 
1 259 
2 270 980 7 478 
2 101 740 197 30 
1 779 
1 872 
1 980 
2 849 366 576 91 
1 460 
2 124 303 655 197 
2 599 37 358 199 
2 576 4 1 598 
2 680 473 3 849 
2 854 711 151 137 
1 461 
1 867 
2 744 567 579 522 
1 273 
2 978 569 2 196 
1 443 
1 878 
1 391 
2 992 368 1 297 
1 205 
1 784 
1 780 
2 789 722 2 205 
1 163 
1 639 
1 297 
1 943 
1 869 
1 132 
1 439 
2 908 112 3 620 
1 231 
1 106 
1 383 
1 281 
1 115 
2 636 216 8 156 
1 925 
1 934 
2 465 746 211 826 
2 393 70 548 227 
1 827 
1 589 
1 222 
1 176 
1 576 
1 745 
1 550 
2 896 430 10 528 
2 194 480 983 79 
2 95 855 9 194 
2 952 968 306 644 
1 609 
2 82 947 701 108 
2 786 239 309 579 
1 776 
1 468 
2 816 581 10 315 
2 990 847 1 514 
2 54 385 272 9 
1 900 
1 820 
1 46 
1 989 
1 187 
2 258 457 2 118 
1 265 
2 731 48 3 708 
1 669 
2 963 110 115 334 
1 22 
2 521 748 733 653 
1 946 
1 985 
2 404 465 137 368 
1 918 
1 95 
2 384 950 330 632 
2 135 162 7 623 
2 412 818 4 12 
1 264 
2 161 958 5 705 
1 404 
2 393 221 6 686 
2 364 973 208 435 
1 766 
1 919 
2 730 128 8 574 
2 220 800 189 69 
2 90 707 3 357 
1 553 
1 667 
2 784 595 3 781 
2 686 146 61 39 
1 951 
1 748 
2 457 839 637 303 
1 515 
2 547 831 9 210 
2 679 564 10 94 
2 991 720 190 457 
2 404 8 579 715 
1 655 
2 68 836 3 798 
1 29 
1 396 
1 178 
1 637 
1 245 
1 876 
1 628 
2 376 802 2 309 
1 194 
2 728 658 1 406 
1 728 
1 838 
2 119 203 444 157 
2 611 263 585 956 
2 943 567 4 234 
2 381 922 749 300 
2 712 354 5 439 
1 489 
1 335 
2 104 365 678 784 
1 549 
2 182 46 167 616 
2 190 301 9 683 
2 717 199 608 222 
1 973 
2 819 972 641 110 
1 100 
1 995 
2 488 404 3 897 
1 863 
1 47 
2 439 109 8 982 
1 506 
2 879 729 3 101 
1 361 
2 279 569 5 118 
1 533 
2 728 750 242 24 
1 246 
1 976 
2 552 874 8 431 
1 841 