2000
6934303
7855568
7173295
18989041
27839051
35015411
6835427
24340053
1481661
32351038
2112217
3426984
35791111
28321777
31662573
29399743
3552881
36046691
1395609
45397409
34048051
28708587
48832421
33318105
34355551
13513717
45603669
955536
28306409
49571775
6469169
26789148
30888321
41181981
22741824
43643561
24155697
11646030
21689180
13064248
12150903
34373185
28169461
624561
44297408
33309001
323041
10065981
753559
26529097
27503985
21776633
42636467
4860796
31971841
11169789
43888217
21206109
8363407
43741326
35525482
28224601
45501551
19312923
91594
12458441
37024021
32392929
36545931
40868758
30476451
37468123
22459245
29517977
13732501
45070121
20629401
6104107
37738641
16642545
42730725
3345386
7328053
39665961
22907961
19398459
3067888
41685347
7166581
43216283
9723385
23595147
36296381
5268189
30503674
37287502
16960541
1328977
36589091
24041471
21907572
35349225
10687115
46528
29250311
1541417
37653765
38465094
48622761
10065317
4162646
27801235
22189501
42778858
26239961
3276339
5706006
4131325
17806811
34570557
43562251
4560433
16556113
49583253
32915801
32531425
19383201
2153264
38905439
23231585
39576780
32941636
28341661
47087872
38861651
18054031
34581961
43676161
12753126
15017501
48153429
46702209
39581885
36107541
1669981
42717453
36310812
2049683
30050438
9339905
49773931
8990443
20668801
14200081
6794491
35786983
12892937
45741699
39392211
37852979
40500897
28688471
39871246
40302717
2794114
15418997
20157176
932901
33937801
22584701
34584737
2366785
8249441
29701706
17360153
46423681
33252229
48909528
4339623
34706486
12837817
7316689
31200905
1762473
1175289
3760953
44963691
9831474
30359413
18782951
33697151
7021731
27633360
34105375
21495527
29343787
13831503
4173780
20485641
25150126
39547009
473720
2904402
12766898
9768001
37269917
5921689
13752321
1838717
38494221
31960551
44244238
28159691
634215
25607649
18756187
34587480
45155993
12367726
15421941
40423300
23722466
31546320
43996337
48847735
7248901
20257177
31177543
388125
3407736
17743529
10733777
35333375
3560099
1073101
16291376
8047922
14450638
34560001
12222241
21532513
7819551
41202553
31514976
15621049
43308118
43493501
14634084
30793369
5507889
26380711
43920741
47265616
15051297
315079
2421321
46277681
11100033
45565641
4094171
25002334
17145737
3966785
40590896
14426400
18073502
467481
37473841
34460545
5717217
24049747
15653087
23361553
28708404
17872949
24421463
44479169
33419045
31060568
30877779
33554545
2848573
13449501
295873
45113017
15473459
9920046
19043001
18694282
16674791
28817825
2957930
8279516
35711365
31932196
49261050
22790264
35106429
19288444
18917137
43118145
7792957
35816541
4199403
20158209
42090010
25136151
11664864
27014433
36837768
28728926
4207929
4838022
30519255
12603853
19777451
21384503
40544741
38214961
18042117
25225501
2384033
23408669
9999351
40793926
15963319
40474492
12471713
27204643
4030739
3139073
6883487
11291101
9762041
23793695
2701121
11130549
11909375
43811425
5032579
15590751
38631621
49684057
44463298
20130166
21025441
11191914
12382901
12861191
24979747
16076617
7720961
10024028
5466561
4087099
1367434
43019405
36371075
43321339
15422559
8629253
5564681
16576203
28609959
11612565
46092601
40626231
2835893
8350291
796349
17460769
40018522
28044147
37136897
18721830
19482481
22860229
28062519
44162339
11786199
335251
2430378
8850115
46930025
5000022
41746669
11177311
46722861
37621514
35638121
28253426
29767309
36861226
26938507
14611941
25409897
32520153
8071297
19014686
23692765
10249485
16435571
27778609
45344740
46440577
36277921
19285841
13295441
6982940
41917436
8823005
19899545
17573383
45677147
49093869
18053387
10633707
1489728
4113296
45617238
47763937
23531427
31270640
10739077
35357671
37132753
42489622
32490416
32120226
31386776
31649881
19727027
37699459
32576011
40574761
20595331
36307825
30851961
48364831
35148447
31008169
43400830
34957293
21727161
17751901
38239037
17726551
41647769
12848477
32401228
19281231
15297801
41486371
15335081
38600497
16436841
33157076
5887263
46591885
25748483
33786085
29144925
31353973
21716321
37439229
47706261
33487721
25048943
13708033
19076301
35833946
27823809
22876689
404803
5905038
17345084
28838251
22635201
1274969
16495472
21240433
18005926
5665647
31130086
24334571
31170769
48185857
26655957
34245446
37367925
33731255
32972666
4819629
15136479
29518097
2771319
44804254
40744294
45705779
4422343
21598749
8943046
13294137
14353165
36359401
11344846
20560166
1530473
40181381
4307086
47359981
38083837
37708141
6330189
13051305
38903505
18186241
29403329
17992583
23824711
18369541
29792001
31810751
6358397
49941576
2790377
35485402
41383599
31151677
44865521
46404437
43127901
30713383
917685
3075057
43486187
29478839
4881119
1384081
12022926
7260533
23340510
26878788
17780176
25578375
32565713
47499586
39117511
27147951
9720361
49151180
11263041
38636225
37605193
34401849
2448126
46202601
46840837
7714202
41199217
41654684
1348496
49734966
13944242
1931531
879435
22004581
10566066
35948348
9063324
24684708
30734273
40350401
17405681
9647422
35855113
34220826
13597724
1477481
18795921
18063665
15176711
28235881
3586581
18685081
13301674
6285936
4663553
15256969
38551398
27523315
31562993
13406373
4578799
20476441
4262081
13275887
7019819
12761647
23564027
13188132
17988570
29152362
35740861
14803517
36141160
20126291
5095870
36631385
45714429
25047505
45485546
43714989
4555151
10144795
34447489
29919314
29324321
18615333
7635256
39840096
4084961
14975484
5986287
18685953
33980731
40091851
48744300
48410587
37485203
49156865
12457826
4174565
43223823
14175201
49534409
43848914
6624241
19703242
8978140
41739025
16394561
19571523
8428827
24554039
5504108
47495431
38190391
31615229
3476228
49633881
17525129
34477111
1653081
21190289
26103381
9299351
41638801
17364794
36315001
30790641
6335361
12602801
32536575
13558238
35751001
37627111
5806599
27832231
24319317
23926018
25792813
41456921
35607933
20002403
43425617
10891477
9298442
47561096
1984241
12089035
28132686
8441631
24590789
32494736
32672367
3805292
24671773
8935975
36276878
44583930
29176432
28322452
33000493
6885101
7567149
41663827
10943173
11943961
7701233
25545596
47621200
6048171
48672841
49211137
25305337
37625046
41796553
7416041
15798685
4669415
40272341
1377411
41313793
29547537
28271167
27662655
33083611
19559480
8773985
44617437
28299361
7376244
49945491
33554799
5185091
10719291
43738233
27959065
27267273
39959251
22547103
20569765
12441493
41843521
28629017
28910885
23160803
20606471
27561165
18196924
1224020
12221988
24800982
11862103
33045061
36978169
4258505
16484117
37693015
45618146
46086661
17815521
31551781
25479271
11589209
10207253
47543399
46694236
48616617
15737746
26357332
43342982
44747977
1035001
10246316
13842401
43001115
17742348
5170161
14847029
32040423
18021515
26365086
32531213
11572041
10907441
21918641
2592554
43442796
46325545
46095425
22437935
32783279
49535461
93913
4368169
16977281
3348381
27931013
10772596
47422709
12427820
6798889
30164517
15547393
33619389
25737461
30465297
34293441
14007623
48070527
31269299
11408084
28985654
15080161
21299156
15817697
25884945
39677005
24085965
14273692
17686149
12176715
34737521
33499535
1295491
20365041
25197557
42125677
1960981
46550065
49652726
6110324
20023947
11692561
29019616
18598141
13365521
24994864
19743704
25739591
45367129
43812043
31241673
43625818
15771031
5880881
15182971
43381101
48099581
47363394
13435910
29369887
10088014
46496556
32672461
4071809
41341237
30192426
14881358
6290491
5928305
45460207
36510285
38240397
21446977
22469261
26838199
32197974
30323101
35672657
39162767
22194661
15096096
49229701
4625327
5577281
41674329
48067257
1433356
9524851
6898669
9367265
23702382
6462903
11386801
45289180
3124013
45236097
44476011
33630346
39697187
43439521
16500142
30315828
6036630
9732793
21087751
294001
18647531
15063131
7777927
15295824
5841023
7298345
3329158
2239850
32148328
47906593
977285
32936811
19313329
359823
2928436
48443264
47296571
18870955
32324435
25237909
11410831
11735677
29868071
27727597
4636121
15733845
39730201
8794601
44726315
46996732
5250721
30280209
47084128
6507556
18333621
40981869
29930441
17395321
618001
2564691
14896646
8556716
15390477
40778561
49094976
32493213
38866025
41489669
48166465
5326914
13861361
16500461
37220771
29730431
49563573
19917568
46202171
43575614
27564739
7993826
27128469
7328327
27621657
13636275
22556937
22565141
13856535
38332901
1710993
12208211
41286943
28271318
6756305
11010261
43190023
13078682
33643693
6847928
685321
10756565
24909985
24548387
4041377
38555586
99499
42899585
12665267
31894151
24056493
19168702
10771031
26033279
21264979
17730233
49285885
1931775
28415087
15183361
29131797
49846751
38662401
30113292
8424550
12418943
46098097
21478851
42915097
38028059
28687548
10475393
34929781
36519509
10553803
26013917
28560829
9503897
10167583
22102795
45328443
14953781
47261732
30915761
29230801
11037057
38350657
27913481
38556001
49833977
504635
21015706
35468987
14118821
49904641
10378691
6573721
16399673
29344061
10295376
25345365
13860341
27882091
6345251
23829662
45614281
34810401
7829849
1788701
20579797
9617229
40954975
9374525
16021600
811153
3542585
28734881
22598751
27157761
18487719
38999290
35367696
16481856
22732769
7558561
10271969
8294425
17218412
21547153
20992793
23903497
8790188
23131009
22031552
3372732
35609412
19120841
19541649
19565121
1545961
18555278
43700422
9315837
26511365
25147541
20034999
6093909
15469368
4559281
3814261
49219573
37238209
16139801
46602943
2971313
30227905
709931
33094958
33173873
5740767
23683987
21433978
26639745
22460362
9399157
48452828
13496933
3054233
26076100
20906626
17071701
23914071
39849509
17723437
25251717
30931441
9192788
10608796
49325611
12343792
33730651
27447843
27726229
17370717
44449401
44388821
11946284
7148822
6053111
32001553
20976481
2429526
13431441
28179050
42790714
4377491
40783530
43129149
45508244
37688860
9455393
34042041
15922761
13511237
41366133
32122351
46766185
6077611
4914841
46251841
1152616
10251205
35795173
40483136
10252101
13486593
35167001
6893057
11715260
30427406
21732701
10083821
44672003
30082928
7513339
24065201
17423913
38360627
4476481
30906253
29061523
36032521
2368379
15841851
13425817
47922623
34080817
17677121
45400415
23231445
11280487
13551693
43048275
41267263
29117761
40689153
34877741
37641597
25690007
42898573
31372056
238941
42329607
8791498
42002561
23608271
48775502
42255401
21701001
33519479
37339996
26201682
31276568
32402999
292519
20539937
1449176
1080392
20410983
18201971
27519926
26998681
7865179
34147291
3347401
12534101
19077934
16947586
37863543
41178507
37241610
49389213
33881334
2620065
37785989
7257866
27515617
3969367
16517079
10062121
36013456
48864549
19724431
31103489
43742443
4886086
9204991
12678749
5953564
26404225
21273347
7399260
49040689
19197633
12914016
13360049
1969205
5869713
33813401
12254121
26567893
35310241
33086977
49754446
48676104
32740391
36683627
46848444
9185404
34914089
5145669
7423105
7120196
14895479
27493311
994603
38661844
27820405
6979713
35507175
46082242
19284121
30916516
9880361
47178957
47369033
7565869
40612551
29904537
11142401
13469953
16942585
9271776
5991336
24385501
1032287
29955993
41446741
6752921
8078515
13675496
21569301
9780576
6983236
39278497
35066517
28738543
5694017
27966561
11125516
30536633
46004829
11255161
43153347
40706181
10921681
2748787
2018751
19229253
24339990
20902651
16779227
47446751
36232015
22246072
11576129
2377601
10139969
19597083
24583053
10866884
26755605
41850941
42505649
45166021
46136312
46359194
27246721
25842089
20783437
38518916
25167554
43630861
13146565
17562055
43211839
44071992
16871781
43101844
44809363
1539231
8461480
6165951
28966289
7536361
35527425
11541971
13015561
44556363
11190186
23649223
25219121
982369
26661441
2969209
10400241
30912232
38369521
6849159
26831795
12650516
13822529
36039399
2008589
37819002
7534425
47320081
16459507
39550883
31748398
13529961
26510017
8594364
23796861
12188948
4859163
5266483
43321801
8220583
49478242
22089809
15385161
23967421
19586649
42823811
2270161
13341727
16314993
3695116
13068217
42095901
10900813
38480747
15595496
19761436
33062689
24587021
24090521
44888044
42063187
7278973
5556363
30563526
13418157
42068351
4677341
13037173
28663137
43035696
46734996
1950446
44028091
8362001
13583082
27214921
3434999
43520692
12362881
7400277
47398481
35380457
42267136
18167126
13529101
26373885
31080097
34276205
35899195
3709625
45671821
27011854
19735740
40399740
24856480
15999881
28101853
27528151
21463833
38885441
7670529
49416401
40712916
35904594
31394641
22497691
1396119
17522321
24874291
40812636
44291011
23158945
46442767
43024853
38185043
19335795
23544149
40949981
8179899
13548432
32597551
25419916
14812268
32429999
4740881
45895905
49530337
14576791
55339
10455001
10130613
13810273
12969743
7131808
4639306
14018547
34555721
11791492
20613676
7096241
39081653
44405438
45209001
22822234
45941
4325121
4966101
36864166
15598479
9240768
29398657
31740897
16913881
36771073
4325075
46605458
2602251
2891309
45746811
41490875
49164833
2070616
22775041
35783033
27713243
37688691
508033
17118561
1916291
23990761
6113537
19660609
37226049
17381423
21855021
22945246
30302416
7749777
29499679
24459366
11666229
83001
30871765
21501164
14390791
41006931
45701167
21338881
20982849
40955193
42407509
6691297
30777343
49873271
8192833
6185398
8761101
12188891
32452469
31724953
12833407
1089381
19985475
30424481
647773
1453289
44691625
8813054
47646641
18076417
8160213
36288659
45166726
16556261
33312880
2527279
8967273
47561985
7030307
1652801
17989161
19723675
19103533
18137786
24383311
32938493
38712935
4423006
38858619
41421325
39354604
35443001
30852493
3482785
40983181
28183531
18102581
5778396
37378699
14462249
38335984
37832771
36515226
16768155
22032949
24617221
7399535
32401451
46392001
46107811
19021520
2602936
42260645
14252865
12594833
38001613
33806841
24052065
36550409
31284901
33748929
22707437
6166535
11543588
13720234
38047465
9211297
22991161
20856016
10931037
12426251
38055205
19332893
1058489
49725101
45216001
28576576
27439100
36574805
38564801
41231719
32741281
35924243
11921641
38349406
43500901
26977876
32627441
7007089
3396228
16862098
46429753
16506994
26387305
43598721
9415157
21392081
6927093
30094796
26453857
49397737
48774529
46456959
43180244
49183894
27720583
13176129
1873560
25366271
46639288
31384337
42458404
22557969
37647611
38783988
8925225
40881265
49212041
29614792
1421472
8748871
23093853
44027207
248177
5849497
970030
5263781
7777221
42834202
28196558
15361351
2951191
33624688
31599360
42615802
10719743
47616492
5589153
39002093
23856460
26506651
29966311
34817058
14702847
9619461
30234874
11720151
210741
38074093
2681823
20585026
8547254
42368533
8091895
12378881
3720576
7962151
22017721
7692651
9027633
1696741
7698449
17771049
41352361
46868001
41513220
42711555
10429674
28950553
35665910
18473609
10618142
23881111
33991714
2708901
41696207
18037495
34799825
11697668
866821
6187451
15420250
23802947
2118721
19366645
9915503
24313832
29478441
9164937
36377061
18698847
42339561
17364419
44817201
18026745
11577303
36932331
8913731
20872509
20160584
10758349
20526094
29547249
19676883
4315255
43142153
36514427
39582927
48935937
11883964
49047361
13149709
6591625
1485826
45988957
36259051
29081761
6996720
14930649
22435610
13353585
22153491
40323801
9367191
1791955
20973066
4314926
24254641
46887973
34934769
29144599
40739585
38273633
30653457
20968931
22140909
44593684
15793361
7189461
38389892
38435758
9500102
43097893
43333153
39797658
3982061
8796083
25289001
33484781
39833433
4956293
8124201
10932617
28851481
1933155
23371852
43522273
28963415
22311761
17991189
35949416
680113
35455110
33558903
9793661
15434953
6718411
33273569
43777829
39085398
39973935
36852117
43647353
3092803
16995457
42600527
34390905
22080732
49761436
10071447
17955727
38400505
32903828
34852777
1614944
29786139
31035469
5591716
31772599
25023329
37053747
5278910
37609297
11298935
2096086
48859831
11571061
334164
22648857
30288481
16543801
26455525
6502510
237655
44901277
36244651
25487512
46810001
12497721
44124865
48159798
43467617
25602679
42989211
28239231
24957323
468921
7556585
2251901
16443833
5204856
10913433
41885525
24723785
31525099
19550201
39188597
17720111
8573059
765076
11095976
43981357
31737601
28516801
46611646
2934195
33762850
34967881
39015320
34145352
44105617
29992571
38015173
8098188
6521601
5187116
39849016
24383301
9219493
309095
39007353
16348382
12947137
49677923
24925601
26174721
19691013
10347925
32173456
12559186
17413541
9879045
9344525
5142266
44247744
29420801
26317188
35192620
6327946
1407133
2807555
6000849
46825164
22845736
27817106
474085
28196281
9506137
12629993
38683113
31089032
27186895
3684247
24668687
15006199
3828649
8806569
37865906
20278505
12260601
12211291
4049313
44429153
30542787
32949631
20642347
31910764
44877026
33431421
48365449
48346769
9192865
11428082
21200729
4535873
34905369
1580905
41384061
9017725
43250273
38821036
1425327
28823373
3675521
1632715
23836135
22561232
35803477
4956121
47420066
1885769
4380617
10611041
7912804
8589261
23872657
38837532
2916937
24772697
26488993
28088281
14168019
17723963
24972933
19648892
26753061
12152877
44907565
47323677
43598596
27526199
49385953
4048411
8731459
46616421
29500422
49887801
9104786
14227793
6717865
17232976
110308
45654959
21534777
34364989
36949727
29889535
12994885
33304048
9343396
148038
14719429
24808620
42363253
12999931
33533646
35635801
33578341
8194083
29501501
46455860
171749
9300417
