50 50
76 2 0
85 3 8
56 10 4
63 5 6
77 22 7
16 12 16
100 9 0
35 13 11
94 0 21
69 19 0
64 15 0
55 0 14
18 26 34
79 18 0
34 33 23
4 17 41
11 27 0
21 0 0
46 0 20
100 0 0
99 0 29
42 24 28
21 44 25
17 45 0
16 0 0
69 0 31
55 0 35
33 0 46
41 36 30
35 32 50
78 0 38
65 0 0
6 42 47
100 0 37
42 40 39
68 0 43
24 0 0
45 0 0
64 0 0
10 49 0
98 0 0
33 0 0
94 0 0
42 0 0
26 0 0
7 0 0
95 0 48
15 0 0
6 0 0
18 0 0
2 26
2 43
3 19
2 7
2 33
1 50 78
2 12
3 16
1 50 26
2 33
2 20
1 36 26
3 1
3 30
3 30
3 40
1 5 87
3 10
1 13 10
1 9 41
3 20
1 26 38
2 1
1 18 55
1 19 48
1 22 47
2 45
1 41 26
1 17 44
2 34
2 32
2 35
1 9 81
1 11 26
2 20
2 10
1 36 11
1 3 2
2 16
2 10
3 26
1 21 29
3 27
3 36
2 40
1 15 67
3 1
3 24
3 18
1 44 98
