609822964
29162435
304485682
276167276
960994009
693503665
303983084
67688330
110282112
17568073
425475567
171692943
469396892
742052527
632356038
236156926
203540982
907887251
477844729
741811919
27297003
368215147
527103605
252602485
705605229
776701269
550215983
241148068
20008091
735470209
612207670
403336634
717660880
20396622
10077196
792575425
441954124
948063396
684369319
774692823
256811586
356002440
70876802
239562021
351750575
270068650
325668300
723243624
757367801
769730485
932094895
902620140
27910773
35412221
668279814
807485177
115044173
762606053
913626440
165805120
607228778
243111593
937537923
952660650
234165185
544591071
448296014
856883973
785883384
792061562
486013574
877372083
244378150
968397699
313779814
133254676
181432741
990590543
55545279
663176424
191342184
325218034
845556410
974864499
111360799
36790632
203824749
432624051
528860735
555063513
428479766
951087571
595625609
639745624
227554023
720530967
664989011
643727138
641495735
460638037
755696113
382937000
827600584
639982111
126644210
575925572
949793329
709260260
923860243
966149433
760979655
306909750
779623064
951271724
988013
186775943
870451764
962321938
693427564
405923492
643694866
669922960
257662538
879943566
285664041
356290672
523996893
851214925
632397728
102510724
145025168
766194898
445092811
269196073
649489009
773333851
497324596
155463310
121795416
159399381
122864585
190126966
202306328
305539745
932956332
2672497
671605015
65336779
870029490
437731296
210786935
848953106
145378044
571904983
22852695
122806789
696672826
934393657
761297230
671687226
77550855
334754249
278499877
871575704
504743763
433648935
189997545
890398497
572560152
513016831
992599790
67510456
843152508
581347054
440710592
155323167
658477002
408278381
801545840
303418081
641465568
320321770
694811890
91316987
101560093
184587370
752079749
187481075
109216509
615623525
82437749
775355560
963722204
321124742
781229289
149026779
795525934
351105318
185077138
519877039
663897601
447468185
298696892
161134723
337801722
780401409
568349666
590542332
439869450
878554626
636718758
803794061
602273345
601911411
342914224
648400775
408079629
923957531
624290943
763425674
797648161
806726261
578068966
737407383
879942667
40798231
784758584
623000406
261495312
732580021
78859372
264221912
187998680
301827022
429941353
750405972
636551660
632963388
516843579
143109326
410879684
728865864
986284841
582478954
483038197
136097293
796957831
123777137
939451366
333117310
298881081
720104537
663130431
934665043
770908918
70062565
154699806
179643513
264068967
31185406
209482317
413981970
346006280
950076128
482165089
719274413
718118187
844644862
563979829
64627219
716244081
555574773
622593313
981676848
30550416
739516913
308545614
909439377
28040423
625132172
802651492
245515754
796858340
655925205
816862898
902539755
355717599
747339290
496763356
159572329
207880132
452616322
249987002
570687302
412506505
395266105
644484882
230216415
316549064
181501414
267222176
369536719
470023278
199243935
55295091
501810144
188872299
879401818
629376670
3710304
161309300
3790972
573251590
188656187
192053548
723753084
21728688
200566834
429564365
766369773
9903729
80758474
226147499
336943512
847513611
40061377
48028150
406026186
895518846
954194663
24204410
689670427
494214731
850742191
609252181
323456997
361325174
701810914
356900630
159847712
452785754
972281211
451363731
125448989
403383438
689869852
854130686
642054774
626491189
372696138
722460335
402828935
333565894
710544948
118600335
528839218
598064977
270132713
401487686
6222756
718001733
689531258
505558068
266071434
436609033
44861777
951271724
781752176
545168277
278489096
7841688
21434739
134978067
990845799
675268250
589010133
241238443
737623090
950053798
188167718
182611359
242773595
750137820
663672098
599102431
780169854
202584634
850647925
677039943
694209251
665916798
459665415
660591417
355363891
255539766
921014018
350525014
193842355
783496613
663921605
223696637
13766117
93678741
246257484
881724158
733115960
418433383
544680607
444592630
792834410
508523191
869591217
725429269
421817785
383902361
557994855
895372671
342270331
708351970
804723087
681085137
869354
766786471
603933475
365412635
843118167
62378249
220190556
987939127
921269219
425683146
795447814
216915988
504595153
661101911
852636518
420857199
37760788
710240574
466532662
244570808
438329615
908911483
630194385
904362544
385831436
74043378
243143693
200326187
404383648
88729181
687097602
61712577
12460930
928219845
407028234
596766731
117329037
428898490
162586873
164724439
662838373
1475865
332104230
48287718
80743804
639745624
943783697
473932261
945030533
613667984
741514463
350026047
7266221
66122110
102545975
167448873
737862994
733817302
721910227
390604433
706252383
626055140
805670270
875697130
317895474
838795917
27910773
865192465
680024423
931482030
495787466
171504219
811579227
648472518
427202295
381043158
434670046
44781339
563528995
187643141
34201171
916890866
524763453
517387972
678443793
608953838
953759075
62649899
741461610
150119896
578615193
983882073
667045528
26673328
152507168
963136780
383116621
839117220
300763435
127953080
517619904
695158654
972319800
543906115
468706974
685709913
2697445
832687830
788139069
3823137
141518795
806499288
117999044
856226071
801094119
877209890
937930890
578446064
82057447
579392961
617018659
216761572
444368562
521158888
439596817
177791283
98591291
452399502
225505412
755247209
955374215
973079518
148701113
441693558
214675849
915873484
951189958
2093545
23846368
500234745
290135492
779445649
751089199
829588100
257648177
558836844
248209176
116860470
141808629
682821614
432104541
790625868
187782968
773252674
371892642
637828006
552082740
700233245
951326221
697959516
601206090
997400706
367261808
610241201
73907178
71857636
89417646
624204745
363376817
747408291
121455267
531698904
237009781
660727278
821927825
865058795
844834532
472358209
429151941
876587221
883945292
9226993
240949069
622254899
814371622
217270072
816969581
734297371
911252806
668623176
63136986
130179812
308338254
51161936
313442120
967182261
672025925
583141402
360757035
757267130
207933923
9317
796911823
174923352
887473520
75792877
183643419
779665913
639806060
988267136
420355691
893020630
276885634
613023825
964537772
85916468
964701791
365351397
988427001
177644921
924237985
464744468
157088621
182811085
289537650
379416717
303681708
129355483
241711082
482549293
457860270
453286878
412630722
121997069
313926535
979963036
594366151
334739669
565925601
187689948
918361087
300550234
795454413
684855592
774163675
913334781
908861146
160079161
787684246
301674580
443790344
726484562
986484345
219156479
727847003
269478909
867879031
27267050
756958437
605623407
952376942
350830712
416707136
577779437
725609923
148968154
81159880
915714995
928161316
355257774
725612747
548920733
53127918
984456848
601722772
169939472
867718194
807977431
578832200
150215900
156011214
629231835
419860228
938634290
167415596
655095687
920102554
306175011
613440110
57242515
865687688
354194729
244601513
142065335
31620870
586309491
834312655
96779717
322917259
28826778
89570087
851528884
955653301
960527380
10920768
410976833
795543540
181913193
966832690
404180065
163052099
704891663
238910194
349627566
837886142
551903664
566689455
792063952
233997525
22262712
471440953
928168854
76081785
323904531
86002160
387624200
231401048
259804732
36497184
764738513
443472229
541677755
169773305
367564696
669115901
258628704
724485683
206873915
178018260
341013090
792157387
778907696
17170043
551142515
353100311
41220575
594685356
309168461
316877727
436301885
639559198
402943581
652552620
652374162
680952251
965982036
589968738
371958046
522530849
559073738
898997409
673075597
368820940
555934820
96178176
503638316
35896226
416528439
244722518
496414022
947848780
304127087
622133082
845237467
469126738
52008700
378232644
708599946
1359163
961073690
904820667
853556504
173947357
167786395
184753503
187335462
92036939
781634199
499036775
719949973
889902111
421669014
211285383
826801980
329013919
111999227
749943258
50255058
717531631
395185044
370352992
546559470
615292981
252266375
180600645
197759199
838852668
179764722
254919452
40879803
523920902
366174263
834077403
24061605
705754287
405338730
331975613
334135611
984519730
509253794
362161932
244893794
818134406
726708524
400946184
964265333
28100609
728308232
755985719
991708854
183135135
347176627
481110774
870312528
345871830
35935686
467052589
312985321
680851093
836196155
259608462
255704949
670980139
491259427
450777941
115814908
257978042
629272602
331244794
126679747
88540529
31492974
389399829
693266339
936598469
863968011
9958561
379330302
963286069
740332335
200616353
833991103
388898697
505118673
152285400
943832401
172272001
987655778
731776098
12260964
977794603
311630845
892893607
880165095
158839403
907242214
214600090
634928142
777168543
39070992
251248548
580078486
726666325
951471183
387431219
772887628
709610146
349205935
875313107
878262812
566707056
451700500
803633626
996806256
913202384
230925710
980642633
475703722
796543235
90422784
723343114
965604918
922351443
789735471
901529675
126584499
17687473
119818971
570163546
262052655
518129789
739105072
910728644
928945951
502370867
782305661
168935326
356373520
538351954
505838891
629100834
559451876
443957055
621012474
405509900
682213991
410148238
863735810
939138248
853142554
799920877
240391567
209753609
14539874
772132100
570722424
258994853
716426097
79030718
560571289
623740588
98388498
420787506
916484472
772972755
722309522
517556305
80072063
224482910
655364839
619115973
200335959
530962472
52909298
542835465
748640999
12698290
728576520
190136367
155197227
353287064
876600532
162464483
320030813
628347671
473409381
187521951
212135907
931448701
419521962
450484796
867487337
579744591
782874987
227803106
655363754
465154292
146376664
68560370
126186753
105439591
271211808
580971027
298425961
71771102
569021769
836726181
284309412
254076156
486033154
43432363
212108267
674900752
293758388
156953306
959421274
729326519
206327363
707323431
977078594
760070076
85843674
580004002
786104176
120285706
45710767
561000549
741805444
255645719
899539084
916568711
469186203
362166522
615880189
15466680
275956730
172390424
701950796
920983826
246599215
483317142
708030324
584348144
366505272
343696980
325488842
304470180
957576420
61494048
432811638
890064726
993164151
990626743
611980138
226098349
471799928
947817974
749756529
612386080
425625890
498567843
514848197
551386086
26357251
933947845
529559659
544362123
359469672
6362200
737602690
556597402
63258562
692389763
74331247
669693708
711570805
615812062
710639308
497318536
784021753
745101017
538403068
170734127
631556135
382514151
615032165
913940535
273982972
953594248
383136010
207210285
668962723
543889239
860342567
823581453
93784659
560965655
685396741
85932568
442777825
942705863
435409139
344292764
777480658
623729062
746133975
442924499
539047628
197473665
701509875
528934196
632875603
810317033
726342915
76721904
632659332
313853868
28065827
387729335
769446359
696506680
416616789
821232766
632747248
680286158
486489425
975766413
152940495
691941379
942615846
348795921
648668724
389270207
158570632
748455475
802009344
871286103
332076075
701018398
16452473
27751667
415153739
561529234
797521299
240386364
380426320
883967413
883408687
109784679
41037270
728219343
846694012
264068967
492396698
530128107
581207501
82727747
1422569
1855749
29801357
845503170
864085977
785644015
636220360
45616601
58596375
611464141
1324433
584462512
214021371
349010363
761932310
312678024
833525649
86956112
735249407
502431803
159480060
970733147
840576659
231812716
137182643
840391417
655940718
852160348
766102960
825919772
322494263
438812795
71232922
708852132
955181951
960677380
188814631
548569265
218898433
973175150
114709288
437580738
326700839
586110746
252099633
274061055
6967336
827818743
892125679
387574030
276401392
478741533
36228408
114641685
131445242
941277940
474965721
840552321
680092505
412412133
11125429
268788862
931058174
814776798
996629556
1350866
945674760
469647295
87519500
593465614
212708065
966712595
561812204
774375263
854711532
934043092
26728454
492329608
176054431
618491814
559510407
456672669
71809116
568981660
523593780
245371877
121497006
774143395
854328520
356314555
768861403
297411981
827801254
112984115
706150707
278440981
135052705
415600689
374341180
327437436
186469636
174795296
615819834
856630998
825165390
358704000
915247366
819586042
474507759
411221356
102287736
30209720
806835317
712449190
910562926
733110724
103420008
775923157
356383324
509970301
197682076
838045192
491311817
927562568
474960126
892853881
294007074
647712473
185639622
394150341
120761895
332469058
971042064
609128502
510053860
852043439
346538512
522463943
439102296
988142062
419996037
244968806
417487428
384986093
816154370
576812087
496839511
650540175
523687200
798443674
403028384
898205395
820334885
460127040
794364127
666206387
286198965
286521736
198496386
76058318
184648612
766289724
14259583
253360379
598775939
590044440
401526009
296392266
599626075
988826926
800206328
83624579
539171167
841482644
296660989
376052973
758452403
532933587
184039747
967584865
117665362
941794791
568089614
629825764
775436464
11322611
453737407
448377036
189588590
114483397
209244226
867487337
708371946
798069895
514609663
711957848
294484619
873951209
661216484
854834721
92606189
164600720
447400646
545783413
342092797
43095474
687348411
109838537
9317
745922656
766716295
645815558
592973236
14476118
290388416
683403620
676525434
612760640
370341057
344783405
500890726
555518560
905462355
369138105
627145631
355942314
650586361
623943833
37806729
752744434
469298967
234024926
656431337
653570664
806146396
260748512
184648533
557700365
744888445
340140246
854894713
852498534
848346784
279037962
314521882
176903447
270579557
848387210
202339878
31062650
542004430
869845985
4629501
78956577
844913855
309885586
682630213
618153048
1871686
508901958
413154915
907822374
688941335
261771437
363492967
606740939
304177955
543299466
671553134
450799895
150911968
436048803
2714729
559776478
447530698
873392236
51005119
645394830
327957475
197382132
765053995
46594969
387192713
7790846
849334217
288905277
513174931
791840124
858200731
593779516
966955367
937595486
430458722
460110657
682266357
319673982
504093735
824396038
426650049
15254640
465269809
776391586
971094575
529815176
268073997
856698261
877386279
957271801
978676448
733382162
843945330
236635438
272548501
464559178
524669779
312407620
571207670
459007870
422922382
818359904
402002913
587314265
358582892
306434511
502956811
61388535
547102282
175142640
834706849
625568469
889699037
909559581
258324456
253015925
128455727
608711674
832903301
139040874
634217456
495520780
993889290
603023608
522509257
148300538
374433996
970525626
4073475
214875264
13270101
228007239
997214711
576689003
254277902
721282351
332889625
546432590
562059052
695722060
835248172
664189288
602717903
631760795
45375181
398011304
910821453
30795901
265570908
275656838
20988096
279581712
38924443
805749009
851438771
919472862
705325995
730811833
155821349
142821099
261667278
512724947
25071975
808468561
639544248
182537933
119336218
537515920
531586206
838284120
734093431
837755653
3820810
499218543
247821330
824128461
428117846
261667278
159679478
483007013
153137888
297964749
266571696
356916912
598867878
73997685
126679747
910635881
919432570
542928557
458011894
410853396
874214911
231337627
92654715
241285575
122999332
684789781
371783062
209062625
431966540
159900594
249168957
549392203
381157763
703861585
108081023
588187849
241910935
206493731
975883006
616156329
8569395
518519952
377640438
623275296
524819381
812956036
656008851
664701751
986139838
796558366
573752754
864594756
324525757
822896279
427247336
740790217
302931250
287234227
269668832
705434909
555228704
761572981
889854888
269773633
986884500
885041040
96478371
485967958
798455131
132566777
849604072
174806848
877962091
184068320
1936556
670140325
117087004
9327266
989460611
511541757
837549438
158797143
279866291
876980321
231070478
613405584
604583336
699466095
331884297
951139279
423772432
353662914
48047226
738236520
873975916
849088283
377509752
492979966
959215868
705877113
391362837
641750371
220494415
762915738
985504634
60120325
77411003
498468635
255273001
216150074
399176689
73495504
965611656
929787073
497101777
328534991
786051606
966903893
452616322
725826864
582033219
453856814
736370311
400450518
93073353
328600473
78133513
649028791
386685272
779695952
944120881
888418553
741063867
885763084
498830700
253498235
916124434
607290830
990464066
715863653
966629772
14343687
181272270
992229613
608824616
746497856
103709873
295143365
565750748
93121
585202419
180820430
144079032
868230459
594563489
420599999
793444223
822075053
799481200
41143983
277588188
534059671
531296714
171486296
456470464
900802532
710364671
884702450
486244072
16957747
766173892
626500386
483305990
76950890
718904638
25747802
487005543
36927037
880080000
759638852
288151268
799445622
145049834
64089588
739631096
476467244
587915230
782648606
428026581
402656688
60020253
541522542
249823596
34131884
62169310
835661072
420920741
906026463
686393393
814993040
763156872
49831679
975819391
346976514
486232817
996556760
951136640
277133851
948666110
430083027
2333
184651259
322564669
532428480
910496452
177089368
264153760
202433595
342943196
546872079
180255683
763786781
499847002
302985618
518756394
561815771
348178221
73212457
235548137
903866773
240989283
659794431
835477246
962476663
347220636
323747126
1933391
67836600
178855993
501989908
791860316
555637276
713367544
902208295
22047621
390120008
837482963
541339507
421274597
447055642
62863174
32876778
662861716
374696117
239725670
788139069
388049824
748007662
412802992
129694124
164731247
178979466
720294286
871091830
167837240
952165703
433905545
121292926
519514925
296093498
597405394
900569551
645203355
994175091
78876651
869274377
695198628
707785156
256849784
770776720
562833703
947179130
869885320
159455916
665291745
51734763
546410413
17177527
143006276
541485068
650538398
391953668
315208687
739533700
442503336
383170249
911808107
650328020
787887760
143555984
481406630
152067650
467237169
613058244
327171986
554683178
219158460
417310134
465467105
624056868
870694221
919095615
64279328
784600438
568320831
239329610
484009753
96934174
234915517
306469593
415959575
185984534
890684956
608107850
487691970
581925665
25570364
67857454
457616984
385995051
504173
344224679
912723915
898219635
52893195
305114384
166137254
240055010
57233026
295707081
737660746
554860289
477578203
656381378
310877586
661736399
764288326
740761918
11981863
9075622
662419963
905507446
980456463
451461912
32504044
243255001
333673636
94461553
441899639
954972382
750973737
629387909
766640411
133638063
818954706
38931971
315674495
361616467
79847276
534743403
458295455
94144979
769584981
452366942
819630140
187820900
90955919
903997227
243204368
405517883
148133475
623340102
498600619
873297081
73500642
569109149
374885928
346434291
560363336
46374190
449798729
722710215
878519294
744218161
231780897
518070613
375798068
578400092
865257822
405169141
362042099
554578991
945812809
741147914
11134407
723505113
787168581
467719054
396203151
940694315
653815005
159279158
862424261
862978013
383245649
353466405
2361430
466546200
702714174
869110129
163682430
424764251
591657509
126180593
118155772
685738178
381498297
811722780
99916015
282215538
2333
996909176
857054552
958309015
856197633
866767698
648331932
805989979
350551363
779188549
368898848
251062207
721134276
334584290
468569417
690139478
199181957
344075544
487733334
312118579
423507687
7377606
477414185
987734895
590350749
219345545
733945151
188034684
500644694
871792921
423645051
378301443
653480573
83080753
929691369
374613548
303952793
570892036
114462390
539017850
624425705
125819804
552290521
215503368
369405331
487374002
795429638
926875002
370350745
903139036
758873934
797024302
41583886
122977369
221477696
5408759
2333
546780537
253116074
709808625
723432292
608297100
276041945
164534282
7916936
626782176
454083746
819123350
566957392
634014954
125013855
281349011
697998994
671099082
862408615
25980637
395950976
684061984
916818741
29734779
158154042
527208911
74346622
770378996
311538062
983861903
790278579
298913063
144589823
174541547
166794185
405331439
152654076
538534028
948416665
523473542
817214427
105119170
287206989
627146425
969654331
38225264
918372643
323141857
415098247
649262257
483295227
297027155
288045750
476300058
705019830
719069766
948391859
172698804
596690113
533856165
699057377
352050974
788152591
471686418
548700041
429515893
974953152
412503124
599573048
551213825
8260127
249609330
437425360
595637530
361989279
589800268
669147048
962267029
191007448
558665846
691221785
47442807
387433823
319902700
474212308
67342141
250748192
147153670
830511617
103581221
684345250
964961838
889396610
728422664
586383806
870120026
170576703
317283329
967111180
302709582
304890494
70550752
923529792
142845144
4228599
304356142
242170767
837210540
146699576
137924381
656653665
91287717
441886292
643690183
371649874
170538441
507189016
202262364
786401176
68270118
707273834
795080775
932187839
632336589
434693058
1846592
836980174
869103705
153617136
604403641
859457919
496014851
279088751
390865961
121074954
681629274
163482065
114124390
834412532
542720935
676495098
856057230
834601269
639280809
42956376
96152821
315241
765111817
345392179
488378370
959401020
48839717
564664190
969268366
874143053
758169842
700447450
353630854
157785171
900931373
747907982
15936199
667244093
988704492
562102802
300234495
899122965
883948570
528105501
706477961
944467343
88742364
746117259
21098633
56647228
801134066
271452241
279739140
854714393
221667491
164701870
450461582
808231406
120895652
80252086
209611398
93799748
168006139
605849189
635014598
273838458
939044175
682244478
503575406
547396756
180506224
468955666
369839562
509594007
36916049
94182624
457698810
256345490
848883818
807691929
686060573
512338956
370569263
535757689
815725577
328778236
185800835
925064387
490638421
703195597
699032854
459735456
568654492
175354208
428340473
721478401
271809782
333000724
358477415
370561608
818699162
170550750
57429493
431310092
216098962
728508452
275983694
422049085
81383274
221540242
70039678
992766058
285855509
138855359
238483301
43022775
9507493
869826373
190713397
498269255
217666337
638790889
824258988
806388918
856276227
686467925
892791186
101732305
289340310
273732623
430895003
691406682
269397692
763157501
61877959
222597438
896503496
448886710
749829959
591356299
300390199
816377198
469739954
222951350
256118604
672391060
92266299
878466922
733913197
485699682
487899875
798244778
288313289
226988468
460864691
255038508
743708508
678951357
350033891
742263113
55538549
105004216
384091973
896469826
763689805
260909911
286423155
605148109
994329850
131624000
757596147
729557426
224056477
792366723
97360854
905605831
153030716
638173020
94212849
371660571
947138662
912182794
854695313
314942361
524071638
558139145
209773059
237998157
111297859
777299706
84143698
624038847
826275710
923387429
535616685
897850851
249505307
967579324
126227558
7357085
59639174
799503109
393368651
189433573
616828809
263485097
398782081
439668234
673708267
204817413
95933591
852274150
825944582
423666763
632532409
419038458
581139071
333533015
620070486
847118095
226445021
900864471
441057536
223336881
463079853
67153041
174705856
879053040
541746193
995648020
892591861
170001552
207110868
339195507
662080362
807239429
467137459
130577747
265609203
443470469
558955709
152666204
484300154
764644526
390111500
552765096
674349339
479734088
939391718
579267331
992886782
585959396
848025497
642676250
144315611
881192214
433816717
249915028
224099419
74918708
305488037
845093960
550549651
247955214
733213374
6081809
535357443
991948724
982551942
135188609
283855053
951962232
968292859
709926540
869207077
512607754
845993374
60718255
975977180
664813154
200752469
545264903
524517036
708884664
718745676
997974428
600849210
96791228
123569830
872442198
253549356
57884836
975228152
168246181
325279771
111861324
172481988
614814130
851922875
378646538
713049450
593932108
258238343
254938985
532424229
639662267
136355595
548632227
181346671
589674551
980526145
839661208
880647007
512615397
217776543
287112087
368374756
589983348
251528754
921666541
994278447
798002787
306435300
612948697
985636440
547413252
195128174
944045497
467522808
664882682
133573552
73489337
296903444
465431371
998020920
801094119
617621611
847909502
921974834
386407263
82727747
144196365
830274567
548766143
781822975
551233445
987400178
882061446
74553190
560712766
877063723
174776432
216995281
16431472
746055292
7035907
142402779
849518189
107629039
849838992
299649524
503632484
639516044
954857932
679949608
683812760
599078360
33401730
683060073
644410537
80143024
558378132
697157013
883909942
82980823
871253821
301023550
876719786
915730402
71372835
461716891
856813483
332203212
3240049
723737811
652503485
371663665
808567875
374410432
349330699
467493673
727798198
524623452
491362539
98430336
648009635
754503234
370564685
125363983
541929661
851285066
446677348
992693755
364001939
556744587
9975400
970603560
536179974
934774447
546455461
71104964
525926953
898541731
109838802
686648008
968575482
264543662
829776007
317664411
113952253
178560449
629669183
392442816
205482091
469845006
22017931
354774805
370315463
424680516
225470273
538299409
12185267
185664468
857457025
759044724
445081409
873907203
198695371
334909937
40383778
763115256
33443376
537450941
78095574
752174317
206349323
710286188
750537898
471697160
581318512
515147285
198208485
748573497
56674337
556808759
975321813
567810710
589155888
729193817
692995967
532318258
667567255
617949529
904442603
109166328
426171560
801628791
653112609
220060818
353955534
25856644
310727344
251746245
745311035
676540990
210346790
412067777
329478479
297920295
97647871
881196126
944662502
308140208
172006975
365963739
423036617
541348705
48023123
938255277
169105711
627265271
35978280
833108612
185105046
863217404
841492563
962103812
535635634
446939806
507790059
591562914
524348932
890841987
792978286
707169771
777972368
445151197
315076393
614669524
314032995
347739167
182528888
60799407
715342402
1179256
445645739
200240733
100601455
518148486
804936345
18494656
963730789
884287686
867553593
983046016
404013545
523324007
445180428
539751147
89444852
4091488
741702625
354963232
949837915
71473631
581536953
599182932
861059690
598454784
625163406
453357818
260018335
824367472
16336384
850228721
936768745
18177405
947635097
244354337
104574478
713695138
523572640
292852149
189090133
452532987
405408171
684874962
247987163
171416163
489522728
25379712
478729228
68682155
914223000
434557051
795923008
154870241
456562780
819346743
687346242
558516657
963366487
910208572
566239262
219166397
665222225
489553575
758145510
531472054
280908277
504702818
250864091
725050723
627024067
778410178
790385343
723848124
178187812
578633031
103846930
813180646
314916570
953740175
642141421
809617561
511122244
358272554
209707853
304206674
532638073
574573450
269681807
200845503
949939999
845414161
671061623
212442820
829122871
631329233
277265653
453058569
650209598
9166241
937864844
718704640
565226575
922486363
250802420
197767889
675703944
718849416
614917525
781038816
862904495
726277987
114488992
241697669
179231803
851488281
43464639
2888830
4972119
775457062
875467619
633692860
516839149
611992636
733571905
485105270
791792156
347758444
76081785
725517745
378617606
17309100
288911095
439820344
271352574
361950574
428632560
957900922
334679093
40133074
448411989
320554045
50717083
808604551
841293766
70265732
504295967
634100941
269962615
664093124
816527718
477788374
324540020
539869743
395946728
711311468
220926526
607589483
765910442
88888831
804456060
202597379
493480578
758169842
301020004
50424101
768634184
358013278
890924440
247932209
987423261
461230712
84954450
897979081
609565517
672085471
554773189
635474128
377770693
874376880
597849921
230306640
941597386
227758593
44206456
50490343
885923602
139689760
653928559
743043503
886593153
78879506
1657687
394001166
143404550
314251725
345081385
3953791
992212243
488142986
505742686
282972023
730121910
454114848
257975378
880731645
912574766
536310424
235290712
243370421
242894715
963789294
128679432
379634796
654952647
554202964
973847349
838717468
795606233
389197483
76297119
82325573
552870651
446993396
926355223
501864624
860380289
924508951
910416777
433698917
873676384
739307724
117259096
714365937
440365373
71783285
970153653
462390846
611519445
30821606
715291428
595711130
134318325
985905246
780904085
155479113
856259535
113724163
682195615
494592643
975389335
622312142
825015401
110265343
211355883
225289037
845775576
806711572
353283766
245766095
643157233
761709861
344284821
451924616
118587341
600326728
374836391
979034077
531586206
510989597
646289282
319100139
793047564
689405135
481870095
16474694
287054927
26548338
416275936
252495656
18999344
815707853
229879874
633020805
88197341
24889449
430033330
956139505
422563283
896170973
428184165
140566567
358302405
126726545
676346939
637540725
639560678
550576656
212996789
852388985
528565845
138780796
382098453
339851026
665539139
474233048
888114157
579648797
967135649
200292807
952309447
182699206
779736782
152314088
608140549
857683416
504123220
226888501
612091624
314162715
486365319
800951023
651488163
64414147
427250276
920179304
88838058
806676909
139251576
568254970
720543712
668933706
655149160
93602233
971466865
480934861
854878388
240818735
483630576
621447666
760481625
163924732
788908708
289821995
946411250
709479216
684769554
170660415
76784664
527384952
593633257
399640989
350278644
165710174
277360357
418916103
168183540
649202264
401754451
327042181
614031723
835850518
400125159
596383502
296273563
346967433
115329101
985657176
697748710
135124877
820534037
826365861
196477909
257891984
150171329
208356116
564980518
110773935
340271235
881048992
224719244
672159207
968951619
466449758
738399962
594273381
437047630
902032749
789622478
264931899
33492786
88971929
469570053
911182452
336878253
546056436
295823800
217718578
429358949
558212357
12189038
61453875
803195519
376808115
583053517
839246065
105426662
909642517
2168699
371397935
98291123
738591576
675227752
538527724
809838576
891553619
344788645
800268584
219094097
291118333
435964273
584705751
62203488
12948804
657591529
630010904
466283378
264832324
25628131
894473410
486432130
561894021
241322024
846996112
636806523
505260478
824640995
463171163
51161528
246213457
519763491
20286073
797999436
507486448
88897821
918965824
935536073
936076705
691426220
390278132
929261032
296189444
615057420
969740843
727010403
410585052
804582974
204045562
731580060
765167845
371961426
267910863
150992981
923477918
297078291
809739452
220730450
950059934
377188114
70872410
797099489
206150442
937012603
664495082
584710065
319529029
992783343
428288086
536146099
467322464
756417682
138034068
275038996
798256561
5054510
152807868
588483048
575746846
868800513
973353410
236439066
493987168
638570579
485844946
24789838
94264862
574493081
46490323
891984814
903775925
978009321
734182238
802428938
344280501
220865460
494384928
706473024
571605921
807704359
625630937
853520447
319349674
182786844
199436157
430936131
94886603
456932992
346807088
905130498
465876771
51120581
24066948
503380062
804021939
118901286
897693980
161298193
105089778
270505807
475487382
766680496
524902837
584056310
624875945
402380916
42710664
361383015
400125159
98701557
150069417
474312761
543110103
425733328
116736202
114279299
245173073
513313372
661581975
447291951
732745831
553845059
687096036
842179814
81871254
217559425
890130296
933235614
973448507
266462801
867329167
7531008
374666001
788161027
329329059
655588306
984638520
457373357
664810082
53118181
415510380
155003366
429255524
27407529
996560411
310147982
2545370
898392570
539539289
208878818
402456060
646537140
969912371
45475262
196742605
745707466
714153739
718149453
456844682
943068480
595247593
997819134
845196463
986908922
176605222
159852538
7898244
251813840
209668119
416818445
517087517
345293329
740997515
545252782
22719625
558074749
23267
126958655
811305100
728137790
193263269
249338309
785553774
381210989
569480636
618746716
355188898
590680149
31019242
273732623
586799047
440341208
496660684
534545160
514562228
829356384
809715513
407058636
602570760
445142961
821704273
78182986
393890182
542412794
935759068
641145362
465167624
698896713
310184265
56302949
789492285
31173997
824008390
443461909
55235645
932503697
852171181
60358381
368268615
978525907
956155418
291980535
57688926
695618475
608448646
250349256
373191156
775019244
771623110
54484005
690690132
851356892
754234953
922113683
664832524
848204852
455275964
991940088
84798187
331885376
281397565
740307751
209328624
798901030
472216312
849528142
664668963
481316458
154520289
268943350
284020781
446414126
17801293
322856831
902284423
79841495
373243671
997560480
850969478
380247717
91897221
814632110
918246925
4816537
391492887
715504969
525955605
322887139
435796782
632978254
587042305
566924925
953867324
221001210
936645984
904778497
301361080
737105666
351686238
438051693
96485990
996747496
374900476
643102448
635610664
396521749
222458499
36400847
1030419
917626467
665561946
540176351
887089825
909033941
227749369
73489337
546483587
244167138
523922797
545725232
749694
898298990
447434108
146396097
602702995
2460777
918641876
334786548
34616092
329407291
248116811
377021903
31315360
75557482
868246841
644651347
296010876
945124315
737199379
8313340
616452308
650553030
499566812
621076991
681562992
486231646
487868189
407439875
840091841
587376330
373508187
990055340
638734531
32389337
600931862
931912586
997902417
665119023
111608876
214194389
262451489
872547714
586511924
945346433
627221612
109172175
346413256
698424661
932481685
502120655
80848383
196032149
178991789
295648498
432156731
82697415
477175902
193638295
294375827
55432421
231095697
180822453
149607948
115883382
322415488
162700102
591244454
254814369
791242266
182494155
982520961
921336510
607931710
686842001
953103467
218841268
362418515
92146267
417060754
31417703
163411026
502981836
692664048
612412818
758807283
82011293
494761366
888254642
477441968
901649003
511981314
937210300
749085108
426469962
692721070
291594141
630110827
273775004
944349153
20498733
324168107
451945708
115172902
464963375
408850037
575454763
383297311
605825814
206156910
51179536
915372293
496534057
924407950
797542468
386012939
989249524
660639644
777245824
297811847
835831561
949328511
899061041
434395676
549995160
123734212
964555851
251074832
994549242
141636967
44357396
629798828
632161080
78339553
848254248
710640241
958640954
569169283
729326520
691566820
46339527
686288005
560426444
457209620
144582289
52719413
412137328
758402400
913786123
123706822
224976966
62203887
854983583
257742890
809590972
29072727
48608748
184390814
513069323
170994043
983012379
867680208
271036177
152896579
729934841
241107744
944007256
473956083
253658209
103856943
851118343
628741284
515773380
267684550
291684613
11650175
512687164
425886041
926819116
709571184
666569468
818329441
476912270
581390120
206975930
822414584
611449177
99529498
639649208
569429621
217644896
962737892
968427027
698176995
185509295
631602775
937660104
930804532
256686894
706377074
516186879
395719920
829945848
428475147
613345199
220877821
319690362
121376787
450770234
739351938
106625155
920358299
7484253
344823150
239549252
622715019
884580098
173234737
194144080
760949352
673488483
500686552
934638683
235863439
313452042
963152805
739889949
909461268
192663762
826645925
72891689
473236154
20237214
297674245
723648872
95228467
627162154
850493156
351935699
1942624
14305679
950733696
350616755
498457444
273737907
323867212
27915747
980261384
458125927
13841530
975270691
158774859
904226504
553842909
96222782
323444222
984875690
798461327
230411429
10655080
75761799
241314415
925748865
265057406
93397978
196361627
791495302
933731617
343081787
362477912
323556975
487433
100205886
895607441
307905925
798127768
50383515
758706981
905104811
746351233
902353547
623701776
137245103
226423430
489488170
93817865
804714732
763622132
667045136
608059931
952222124
133245035
433998028
957051935
954541001
439718797
154003234
432677345
840680391
324281242
235028697
676137673
975584164
767399256
869184413
901208148
714142422
159475263
429819574
34652784
858262828
737531898
242781086
997542444
457630208
194304161
273680238
760879835
951744886
131850660
982747475
229515880
397724546
945471106
747526494
344446925
835395699
364044235
700218133
271472248
418316188
37799786
509649791
946559539
326513130
313379447
430326425
467684080
69654696
193519700
720753055
53965554
313012049
477873072
697219652
618060078
375178674
328726275
199707348
598647469
903613185
836838589
363154603
484597147
149160479
754960413
717339660
109123287
388443151
567577398
168584844
867195302
407804917
2629337
623704887
116423906
907759855
454852099
424995442
749943258
876862775
190485620
820401529
415951720
617392053
245033153
319839564
351637775
637121716
322603875
149404657
573347360
25280416
557728861
520777387
302903730
350954476
762202871
197392720
566004459
801009955
29139510
530570984
752981244
196137920
777124593
853295793
894820874
878512953
705605229
876348868
816742315
735919611
183830524
943691953
889192456
96496922
333778117
19976433
752936432
579985762
556934956
689691280
43369912
356722848
261281797
83475345
557369019
296274803
485498362
27119479
329827148
377079656
67234284
969601468
385383153
307452910
976050304
472921483
916356052
982296400
779914535
74009591
230333821
92586137
666486769
208623145
62382384
197623509
767776446
218533488
628854745
56654426
987913132
430178900
172250545
964524186
772816185
273000088
616945207
11177359
418870957
676656480
758012796
580959724
276667341
191094042
4597679
15720355
812653598
186957641
135622434
240571074
142199646
793638816
206884756
130455482
522043715
69080994
371580754
468142649
751908945
175106681
171155481
858706763
983093573
596669924
74350220
433754400
392754769
164565349
750871794
934151945
172123051
918670784
789382077
528026877
130202547
352851260
18388548
758499435
886207084
517745044
932280331
524959420
932934958
84412735
173802300
598733324
494789964
581646795
110671940
20431698
903824537
603407839
978517453
903292328
738410093
330306870
876164680
704825204
799208326
427811444
587661423
905910657
200375839
611700580
221336157
5334140
871873983
50406397
490435896
284487655
311812750
235311971
744793884
273815601
693843482
928198890
914345320
135011662
166516906
423667609
930381329
731922326
848756202
887681388
634651203
109022992
816014326
82789620
86548508
676107496
986134613
493111289
884104566
731535268
474637032
335156001
908383249
235688725
994527691
725531108
14912175
262293261
643260527
221499475
221890315
442094195
632601869
606671036
889233338
536697721
49576471
567475336
98575679
563432593
282767342
155147408
665697717
1016741
174598190
544829159
986124723
73000646
254620694
545589173
462212310
988989229
635373622
962271236
452824057
6756459
166569755
286603430
138685198
780634742
267530945
540045512
865646836
875952413
5108547
213124171
769935263
982314326
38144137
838858703
496823169
372770291
270921287
