2333 4000
1644 1088
990 937
1863 464
2189 1524
2066 1705
1668 559
1376 1250
106 315
2258 2081
2054 2009
2216 699
120 332
286 621
1251 1703
1808 2048
1414 1584
1363 364
1925 2121
2257 160
1189 206
1845 498
435 230
1105 1523
2323 684
1106 1467
2178 627
821 311
293 160
84 1887
2203 1755
648 1608
974 852
1851 1442
1892 2269
1269 590
1267 388
2321 2078
902 133
744 1369
164 1292
2040 1291
1291 630
120 1809
1664 892
1499 919
1636 2029
1383 313
32 565
997 834
781 2112
1972 76
1011 191
948 1130
2171 1842
1507 304
74 482
823 1146
1268 8
1792 920
874 2032
479 1820
1998 836
685 1655
2190 426
116 2167
731 1270
56 2055
866 2138
1101 578
130 105
1299 118
1681 1163
177 1174
1944 1943
2174 1141
1764 2272
272 2030
2109 316
1232 1580
132 497
2128 1702
1695 964
531 1488
475 1411
1027 1207
464 98
1522 2269
1317 1414
548 342
1063 1093
1810 794
5 458
100 1937
629 1647
262 1371
669 206
1330 135
426 83
971 1784
1417 1087
1677 522
1587 1754
405 1118
1577 2246
2254 2215
1956 1764
1550 451
1288 1469
267 1219
2202 143
213 1455
2130 309
2307 1778
1674 1084
347 2329
1214 1335
1944 1623
151 420
2007 191
1085 937
1177 2168
1843 631
100 403
423 299
1864 171
1981 1787
527 1166
635 636
173 185
1823 1042
2167 1585
448 1762
895 2021
738 1375
553 1258
590 259
1174 100
281 1329
1866 2199
2187 1249
717 2058
319 1527
164 730
401 434
1685 1816
1148 673
687 858
1914 1
2181 796
2186 984
370 768
1324 1180
219 2189
869 35
2241 546
292 1554
2025 265
1458 1413
1701 2129
2289 351
2102 2248
1730 1286
2293 1805
1420 1379
1505 2030
1641 718
1452 869
1993 1903
1821 198
1668 957
454 1106
326 1807
1774 2216
2319 1634
895 1159
1567 2012
2010 130
933 1264
121 26
1580 1755
359 791
1087 1856
687 2227
2308 1735
1931 1164
1354 2087
1270 949
578 1333
483 554
155 2120
437 1675
1115 411
868 1534
467 2329
419 1876
429 771
103 1341
1116 1161
1199 1781
1068 1053
427 305
114 1398
1974 1212
656 1145
803 2303
2239 38
952 537
367 1389
2228 2049
705 2186
598 924
1550 2268
1053 1386
1656 1340
603 335
1690 268
284 770
245 1519
14 1049
2210 141
1663 2032
299 1998
786 1508
1476 1725
491 51
1958 439
1907 1036
2175 213
1075 1309
1021 793
269 2040
948 960
36 1568
1829 653
1671 460
593 2005
1921 1465
1067 588
1013 348
1890 1825
1261 1768
948 615
1681 1066
2028 1886
2263 336
1278 907
2123 1660
129 1052
1492 693
2007 885
175 2320
1943 60
1804 92
2289 620
1400 853
309 1764
1953 82
1801 1683
621 457
664 87
723 739
1296 1589
837 443
324 1396
1548 397
766 215
1413 1766
2084 1275
1351 541
2267 1576
76 2316
1803 1023
1629 515
150 1622
42 1096
1576 1229
1796 232
341 72
2172 743
123 1953
1664 928
1545 1596
2137 465
246 864
2278 1711
317 759
1597 1179
1318 1439
1452 1124
848 47
1139 1866
885 1530
1712 376
1414 1829
2005 713
381 954
2067 1640
723 1649
2154 1694
314 2190
1044 2047
2326 1341
1759 21
1079 1312
929 125
226 812
782 2039
1347 1853
173 2066
1972 2240
1916 2256
664 1682
158 333
476 1513
309 1035
881 1161
2310 779
86 548
1369 2061
1009 82
119 917
811 6
899 1491
2332 217
768 2056
106 1504
1875 1070
760 818
485 2089
117 961
2003 1141
1076 2236
1598 1941
2295 635
220 1308
2025 50
1793 809
480 2085
1088 85
1753 2281
838 1960
509 1608
1667 1840
2040 523
807 884
1589 829
1037 1091
1631 586
915 1597
1065 1811
1107 846
1041 2213
1438 236
343 1508
1605 1037
1365 1558
1860 1914
665 943
1922 2309
641 1664
2075 1313
619 1367
93 1433
400 1298
505 1153
994 471
2031 61
1187 500
535 673
1575 1270
1972 2036
434 1031
889 1918
2086 2199
890 71
2329 264
1689 1743
774 2254
1556 659
583 1537
1998 1722
1086 2103
1681 253
191 1527
1662 1950
1924 1831
1637 160
380 245
690 2159
1729 808
1592 2083
933 1466
296 2161
1521 1115
232 582
1922 1821
751 1265
73 1087
537 341
1245 2074
1441 1110
730 937
327 2005
572 1143
372 1439
828 1003
39 897
1515 2103
1080 1044
1768 329
1952 2289
601 1809
177 328
1203 302
1198 1572
82 928
1620 1699
211 767
2187 1871
1869 1987
525 804
1327 1640
1147 243
1137 763
1720 702
107 1701
1255 1908
685 1144
600 569
127 840
1072 959
1158 1956
816 578
2226 1069
1040 596
715 643
2084 383
1938 858
1856 2305
809 802
2292 683
414 1985
182 385
2300 1768
1325 1302
766 203
1997 698
1745 594
1119 317
666 880
1798 1512
522 1804
270 110
585 601
1877 2308
922 1951
480 465
64 170
1302 2197
1795 427
2302 339
247 239
603 1878
2223 651
792 1036
733 1971
1843 662
357 1396
1741 725
2109 786
2161 2195
474 1728
1791 1790
1380 1175
252 1319
520 409
770 1033
411 1113
1318 878
402 588
1607 1460
1615 560
1982 2123
513 1203
1386 1128
1117 1527
448 1315
1444 1027
2116 476
2079 652
544 1206
1392 187
464 993
1898 914
183 1883
2283 1298
112 494
1223 715
6 794
1041 1932
2265 71
1431 406
341 1881
385 720
605 1856
1274 1181
1263 2184
2260 1412
854 1475
1185 1492
2250 2275
1920 1735
1014 415
1747 984
2027 540
1915 1055
1965 1593
159 1984
1905 14
2205 1462
2206 1406
2098 11
374 319
1714 1808
335 1080
513 79
812 2120
413 1840
1867 1612
1276 422
658 1380
925 754
1016 720
1394 414
328 526
1539 1320
2 2140
1460 1355
1699 652
414 2118
69 1050
917 1303
2088 1593
994 2297
1424 343
954 2325
2191 1056
1952 2323
935 1079
965 2261
19 193
1558 656
563 679
1548 573
1245 2119
1805 2243
482 476
618 2059
1706 1451
1703 2263
921 1638
916 216
911 2019
1679 1842
6 35
494 1922
624 2221
398 872
217 694
212 379
1915 2070
93 312
390 1517
870 496
147 515
1773 390
1553 41
812 2196
2038 597
305 2185
151 360
736 1321
223 951
1030 171
1684 1451
874 384
2108 1459
300 2292
1414 2014
827 1609
1320 399
656 349
501 1320
2242 148
188 2019
1093 115
1383 2311
865 793
430 1612
216 38
142 1079
1995 2193
10 922
1634 2258
1763 34
53 1524
1149 2127
362 120
1639 1616
2224 407
1540 1758
1613 131
2072 1245
195 1339
551 509
602 605
654 1788
2245 180
1942 1983
1228 1926
491 1357
2115 1854
1666 1835
1298 1
361 432
842 1704
1452 1395
410 2138
104 216
2169 841
1895 882
1543 1170
242 217
566 604
670 2149
1349 1302
1905 1839
316 847
1868 397
508 8
2327 581
441 2218
57 1051
1373 44
1178 597
1719 531
1418 683
984 1345
1747 1657
1997 2325
646 1972
2062 2319
361 1098
2136 749
120 2194
202 2022
2255 683
1588 983
657 2072
1053 824
1177 734
2063 619
1731 752
1031 902
520 647
1426 1040
985 363
324 1618
163 1307
1698 338
618 1590
1861 1103
2274 396
1459 1912
1478 2120
1161 2179
470 1541
2307 1184
525 668
939 598
69 1153
2140 1961
406 1526
1324 1789
1234 1305
108 174
373 1628
725 488
1987 1549
2033 2312
655 2047
518 1636
957 1660
436 1823
901 139
904 1239
2028 1904
1875 466
1972 1363
442 96
1443 992
1604 989
1807 1299
1328 1212
208 963
39 540
1215 633
666 393
1154 216
1221 2330
2248 1963
770 1878
1742 875
339 421
1874 1294
2325 100
2050 918
640 1110
805 104
975 309
699 1209
1529 2311
491 752
965 294
1090 1905
1386 1454
2209 1723
224 815
1969 1047
711 1288
2300 686
911 763
1287 1769
2038 1293
1040 132
104 357
141 1640
582 2242
355 1851
2184 31
2083 2095
522 255
1557 1124
1683 866
269 599
2002 2083
545 52
415 1027
331 1644
1688 906
1079 820
1323 1283
1603 172
85 2169
1998 2010
2104 856
2103 1898
1597 54
2041 1375
2131 1126
368 2099
1625 1325
1837 869
595 1884
2281 1087
341 2216
740 2285
178 941
1805 1560
1768 1194
800 959
611 63
66 1441
1247 1561
1494 449
1122 42
1637 109
2032 90
789 604
2 1267
102 1089
127 927
1707 931
888 925
2142 2125
1487 2053
1739 2114
1606 2103
1219 1054
2310 1522
1578 1862
1501 60
1605 2017
2074 1028
61 1368
229 2043
161 1448
2100 760
353 1897
1171 935
2239 1578
2299 379
487 2152
1648 1310
1302 1331
1939 1302
731 2212
72 1908
304 86
48 59
936 1555
246 1847
1695 336
1574 590
1370 2267
30 2035
1315 2113
1587 1170
1309 1993
670 1244
447 1064
925 1979
1628 1822
2266 2177
1268 675
2019 301
739 2122
1636 1581
1323 2304
1319 1836
1360 487
2182 484
354 38
711 1191
906 1391
585 288
2102 582
1498 2034
1751 326
1621 1571
1155 1212
2018 861
1108 2314
1494 765
472 766
1479 699
1776 2241
185 1172
1020 911
977 2188
208 2147
2223 1818
2305 122
765 2274
1953 1523
250 1572
1721 2072
791 1340
1896 1964
1140 787
994 50
1455 595
2078 951
1148 9
1279 1220
103 419
1336 294
1642 443
918 1587
2244 1923
507 1638
585 419
489 240
2238 540
220 1177
43 883
994 1339
1988 185
1633 1589
578 27
1440 88
1826 1928
371 562
391 1352
338 1313
1906 1698
1188 788
1006 1386
1843 883
1045 777
734 717
1058 1936
944 1497
1734 1249
864 1031
872 1478
942 896
1752 696
397 1566
1322 990
2185 1707
2161 1557
376 1259
835 2106
554 2310
2110 2104
1239 237
2014 40
93 854
12 389
680 1394
2287 30
1513 2090
2309 614
1397 358
2305 1490
1555 528
1993 808
1713 2106
798 1779
1742 1218
2030 1949
382 2024
1740 704
292 57
1341 1224
1058 1911
316 1800
1087 511
503 1083
645 1298
2303 1446
2311 2141
668 2147
243 1224
1997 1480
1167 1357
770 1456
1320 345
2249 2322
1766 1289
1344 816
521 2290
722 1302
1800 298
388 18
2105 938
2330 276
517 1768
2228 1516
454 2019
511 273
1528 163
2030 1822
1974 2100
806 492
1652 339
990 743
74 1630
1398 365
1282 1998
1742 651
175 1247
1509 1147
2090 1236
201 859
1357 574
1340 306
2023 499
1065 1968
419 290
78 2148
64 1247
1822 197
1668 101
1392 1679
825 1634
1690 337
2280 733
1999 907
2051 2133
1362 1189
705 793
1265 864
1869 1243
536 2218
1981 303
1874 480
212 1331
623 1830
652 1272
411 1350
1054 1484
1319 1430
1008 1316
1142 785
1300 655
2071 2093
282 1610
528 1313
1267 2264
673 1160
1294 1839
1577 2214
15 725
1181 1980
1653 2241
577 637
1689 15
1324 101
39 1083
91 1830
1987 1654
1280 457
2176 514
1209 823
2003 2152
947 1008
227 1794
1213 2192
2232 930
1966 1240
2251 1596
1605 433
695 1124
1017 419
1080 463
225 498
2245 1686
1198 1689
1486 364
11 969
794 1078
1610 2271
1276 377
733 965
1509 513
2314 898
776 494
1770 1550
1472 1427
61 1108
2177 1567
386 737
589 1624
344 149
531 577
209 694
324 1954
1991 2215
1297 1636
1427 1157
1961 1835
908 1334
679 1067
881 2147
408 58
274 1231
535 1747
462 1503
1898 199
209 278
741 1772
603 1407
1264 1981
1210 68
1321 1981
999 459
963 136
2048 1685
458 842
71 2250
1818 270
1532 392
1427 1928
2046 8
1856 2112
1379 443
1222 1007
758 755
404 314
196 129
1007 380
787 2182
323 305
516 1985
680 1818
1044 1977
833 1202
21 2035
625 1361
1087 2298
1022 1530
1189 750
20 1319
895 217
307 576
424 1059
2077 1404
1978 1375
1435 697
1 1257
285 2106
1039 1393
2250 2044
1834 107
1345 1828
1647 153
1963 787
2032 1086
1602 476
2180 1428
2083 806
1239 505
25 287
135 1453
1878 1237
685 2231
440 1810
1698 1288
63 2303
322 15
1667 52
1139 1304
849 1824
2105 2307
160 1192
1717 1971
2135 2112
2142 1457
138 87
367 506
327 1182
254 1433
271 2059
1901 750
697 989
1939 310
2024 16
2154 166
801 1116
1859 1119
1772 129
632 1703
883 474
1118 1669
1002 235
168 1628
240 699
1595 1886
305 2244
673 32
235 1064
1211 1230
897 452
1158 955
1654 279
1209 481
1008 194
1097 2164
980 1188
1865 1968
1125 1686
1001 1091
1812 1924
629 390
495 461
1578 542
584 1100
1540 325
1203 1616
2301 1284
324 2318
1013 1350
46 81
487 1492
2008 1488
409 283
1359 99
1266 134
1093 2178
162 1596
152 1172
635 649
1658 502
520 1642
1853 1023
879 1270
1186 1076
742 1901
1172 1962
1536 468
1378 739
1666 184
1382 1464
1077 359
375 1284
460 1661
1227 368
81 1271
661 1735
1463 2178
229 743
1643 482
813 1609
2051 2198
708 1089
397 1655
1942 1856
63 2228
844 2137
2220 1235
1168 1230
15 156
961 1436
478 590
99 1431
1827 2106
821 642
728 911
2231 1397
39 1646
1423 605
2001 2119
1057 494
1445 1022
1559 410
987 1697
825 2011
1474 1786
1396 23
936 2073
1987 307
1517 1029
1062 425
633 1990
323 1107
1551 676
2188 417
263 1916
2091 1727
1702 2317
870 1217
1664 194
1075 978
854 1126
1846 1830
1133 496
1365 1418
1415 1817
1383 49
327 1004
1253 164
2200 2290
1281 29
1858 540
1122 2129
101 1626
2159 1496
1481 167
1376 696
1691 2177
580 1459
1264 75
415 2151
1788 696
1434 237
2076 842
303 1678
2284 857
1964 1887
1 1114
479 1797
1074 145
778 1075
8 1841
135 1385
934 350
1340 1696
167 406
2124 1471
446 88
2315 1219
1611 1056
369 1185
1970 1134
2134 1247
1797 289
833 612
318 1587
1696 1503
1382 1611
1109 2160
773 1811
871 1628
1449 1414
1650 1545
735 1714
734 1448
1925 1544
227 666
1993 1385
948 331
2297 1931
1641 2029
909 2039
911 1143
1008 1552
157 801
1805 295
712 1938
991 880
724 2245
1913 1517
337 1306
368 2117
1380 385
370 2160
1521 179
750 269
1185 1283
1264 1771
413 860
2205 1044
1007 1739
1923 1248
1889 1798
544 830
2139 822
576 2101
922 146
1540 746
1709 1377
554 1673
1765 319
32 1238
834 782
23 2158
1797 1427
1652 1246
1886 1693
1112 861
1032 180
250 1178
1025 1070
3 982
2330 1506
234 1670
766 538
1879 1651
962 2093
772 1747
1342 457
7 537
214 1988
31 1708
1301 31
221 2284
705 340
1681 1666
661 531
1880 1349
595 1999
466 1318
228 1136
151 1354
1934 113
1926 1652
2077 108
843 2014
1653 1520
304 1060
2301 1819
1703 1426
956 816
1326 452
2013 1276
1024 151
747 326
251 1996
1885 186
712 264
1511 688
1286 553
1143 1018
2279 262
1832 1168
1988 2063
2229 1395
2208 1115
606 970
1622 715
63 689
549 1981
1014 1241
950 1281
1761 1007
639 2078
941 929
1951 1161
1867 616
1693 1476
1167 903
126 773
1690 2188
176 1324
569 1672
1520 260
355 1254
164 1891
1222 574
718 1621
900 342
80 298
68 184
1296 147
1320 1516
12 616
2325 204
839 1257
553 2209
339 1205
190 1495
2180 237
1722 910
1740 1591
258 2160
1925 2172
729 553
1707 1578
1614 761
1295 521
756 54
2078 441
1162 1188
47 267
1201 2314
2282 518
753 2249
934 2158
449 233
37 1753
587 1304
508 971
1888 1941
678 1104
981 1590
2169 1675
305 263
2314 2082
678 653
1533 1252
656 1422
360 1277
1075 749
230 1488
2256 173
1504 666
2317 1645
1857 724
113 1767
236 529
1365 1973
1201 67
366 629
1842 1899
2091 250
1054 1201
1780 733
2111 1979
343 1470
1713 798
1562 52
1679 1408
1619 420
2291 874
296 147
1976 1222
814 57
59 780
2325 2132
1782 877
909 60
1271 2192
1946 261
1285 1493
2163 490
1443 714
2285 1421
330 23
318 1715
1263 1494
473 476
2106 91
1264 1820
1786 2285
2170 28
1917 1131
1780 1726
2078 832
1751 1388
2309 291
1080 1069
812 139
922 456
277 2080
1861 470
1229 1384
317 1497
347 361
1199 563
1700 731
1311 1040
1447 1269
2006 296
903 775
1504 1583
925 231
457 1380
1760 397
281 523
225 914
63 1352
1046 1303
1597 609
726 373
2243 874
1460 707
1692 919
167 608
1108 558
1679 1361
1984 1741
625 735
258 968
1102 982
776 60
1392 1948
506 1111
225 2072
1095 5
2124 267
1616 792
2089 1397
514 519
416 469
954 244
193 2044
271 218
1078 87
60 22
760 686
1537 1042
2202 2286
636 398
356 1415
853 1188
1204 1209
168 1802
1196 681
1992 1393
456 32
1725 1446
2154 1613
1766 2181
576 17
394 357
2178 2060
697 1291
1032 982
652 1092
465 1072
2222 1638
482 571
1798 668
1100 875
1686 1975
908 943
533 656
777 1267
1053 1577
2065 680
1613 579
1905 613
407 2057
521 785
196 308
850 1349
785 1893
1965 2306
1790 1324
1506 2321
1537 151
2144 182
953 304
1806 1591
422 1535
338 1169
1054 418
891 1866
190 1380
2219 835
1784 1872
2114 26
1744 522
793 137
2278 1838
1391 2217
1320 379
1989 1792
925 664
192 52
703 1617
239 1750
1659 875
373 2273
1701 671
1319 1762
1873 369
178 139
851 1402
576 1059
748 296
849 1783
1928 2253
1981 2313
682 2322
506 2250
2277 53
2142 200
2040 1005
606 705
1616 395
2183 160
717 1252
1396 1588
33 2187
2249 949
2136 638
659 775
94 1313
1098 1348
806 2181
1868 1402
1959 2193
297 2289
913 946
392 2055
134 1443
2093 2188
1372 742
1555 78
745 1586
1490 333
1242 208
813 2239
986 993
867 2159
1267 924
663 1568
2304 2042
1216 1364
1068 2312
890 128
1698 375
1207 165
2181 691
2122 1737
1096 244
1171 1749
324 607
1246 859
1889 1254
2051 731
378 665
361 1133
2038 2294
1034 2192
1084 1977
1660 564
745 2138
2225 2293
1669 1765
2143 1141
730 117
644 1361
1304 1522
1612 52
677 86
792 1089
44 1366
1788 1870
1842 2202
1152 2252
1229 1039
546 1935
2095 224
433 2014
1299 274
256 869
1200 1683
2005 363
982 207
2174 774
2256 555
1930 321
979 218
1649 2097
2047 1081
1670 865
876 1305
2172 887
1811 1756
872 2255
397 1366
1959 334
1511 786
1732 2000
870 387
864 181
2150 1403
1985 707
784 466
815 951
1530 1542
69 913
4 2118
1545 594
1610 2096
644 1844
822 1409
1518 695
1412 274
1132 1229
914 1750
1967 411
373 1734
990 640
428 796
47 789
271 2167
1586 1781
1220 1647
1952 1434
595 1634
552 1122
386 236
494 769
254 1482
2042 24
2162 1347
1882 669
50 1815
1940 1866
1732 1587
966 870
893 752
237 1412
2138 2110
227 439
1048 1840
1818 1010
96 1004
1769 1373
1448 1215
450 1675
665 1410
1985 1273
628 368
2077 1450
5 1359
76 2016
510 801
557 2259
119 1734
597 2234
1105 493
2149 1099
2080 1927
1613 1574
502 1272
622 1734
434 1565
1803 645
1425 524
719 2084
1015 2232
1265 1268
2107 2297
2225 2177
1748 2114
61 15
334 118
452 581
1330 2262
1429 939
1718 657
709 1064
31 1676
1989 1947
1531 1527
996 1351
147 1915
1848 1343
77 841
2296 1451
1513 1013
1541 455
21 55
1788 249
278 925
858 700
2019 807
109 1502
1600 939
2048 2154
1387 1932
1007 945
1811 670
710 269
1477 1272
1334 1064
585 1582
46 2165
1594 858
1570 589
1614 1305
2274 561
1166 2206
1812 2324
183 783
1135 1551
1645 436
976 2309
1848 1166
540 539
1894 1855
1443 213
2316 1439
740 222
1647 948
107 2333
2160 2201
1470 900
1591 189
1047 1153
1489 2278
1676 1230
2237 1898
564 2328
1922 1440
534 2300
210 1253
1692 1049
490 1503
1638 2160
1216 1945
1801 2022
329 614
1250 779
792 252
429 1375
873 1281
1398 831
802 362
2265 109
24 672
220 663
886 153
689 1262
1782 996
853 2035
2249 1799
790 1853
2052 2077
2173 1801
2311 266
1062 2143
482 1946
129 1927
537 692
1772 1827
872 2236
1409 1579
1468 735
1337 2195
2142 1008
2115 600
829 762
2232 770
712 1290
2092 1930
1540 1131
2288 1483
719 1106
154 2332
532 817
1431 2307
568 362
149 2094
702 628
1012 470
716 2029
70 1201
1633 1217
1785 1494
1177 1797
416 996
845 1369
1520 586
662 1246
883 1433
108 1192
2160 1598
1599 2188
1901 111
2276 1587
1056 2129
1985 1783
333 617
2189 334
868 2281
532 454
2178 733
1491 821
1134 429
97 488
550 62
1635 31
1587 1392
995 548
1812 1361
919 1302
903 2060
569 315
1757 1152
1657 727
1073 2137
81 1900
1070 1996
193 1461
724 439
1136 551
202 54
439 940
749 65
100 941
1191 767
2331 740
1375 1919
234 1401
2098 57
2234 847
650 1577
1922 567
1902 347
1425 2263
1579 1545
1338 2265
1994 422
795 2199
550 2124
1485 1054
273 499
1377 1450
1986 1779
132 1775
911 2015
799 1319
989 1223
741 1746
33 547
905 668
689 1260
1263 2045
236 1355
1415 473
305 1525
1432 102
392 1558
1183 1956
969 753
1734 2127
514 390
1294 1176
272 1058
826 2036
35 1226
169 274
1965 2314
1497 965
1569 211
711 1960
1576 823
1315 841
1010 140
372 757
1940 1000
452 703
1123 861
1777 505
883 346
339 1038
1697 64
262 193
149 1917
1060 1651
570 444
2302 1558
696 1183
1804 183
360 616
809 660
2026 1255
1716 349
1998 957
1121 1599
2213 1495
2146 1027
1546 1851
1181 487
2235 194
2218 275
1648 767
1641 1936
1333 977
1929 1574
1150 1175
1953 1356
2141 45
358 2004
724 2122
956 1369
942 633
1229 1620
1129 2271
626 1118
1706 57
1699 912
1710 2100
2053 895
53 833
1564 1927
2025 713
392 461
1221 1083
2028 998
1521 1225
2170 439
2320 687
521 1355
2016 2288
1514 948
1459 1068
2220 591
1916 205
1060 1416
554 1193
1889 241
1517 701
1420 196
98 2189
2241 1744
1909 614
1355 1553
114 1276
2206 724
431 1422
1779 95
49 1786
691 114
141 1026
1208 1175
1601 589
1874 2211
2155 1131
1871 2308
2233 1088
2255 2166
1921 954
1057 1216
1453 230
1639 408
1207 553
2188 721
1358 2218
792 2064
751 1403
1059 282
190 819
497 2061
2020 2192
145 2035
1381 22
2037 2327
78 1656
626 1399
2250 855
1190 650
2270 1177
860 1026
1943 1195
504 85
1833 1040
810 1049
1072 1500
320 231
330 378
1687 617
610 968
530 1504
1738 1491
1792 732
2077 475
499 1014
1930 1013
1065 946
412 1037
465 600
206 1346
222 894
1665 1842
1853 1789
996 54
1224 543
429 1232
1383 1941
821 1691
1627 57
906 400
59 1829
336 580
1617 1475
1535 130
570 895
755 316
2100 2259
1852 281
1947 2149
1572 1510
455 1100
1233 2300
571 1908
268 2124
1015 358
2126 1975
1152 1399
1082 1495
1348 1813
1947 1704
1182 1740
942 1254
471 807
1632 1246
1733 656
1886 1230
248 778
863 2320
667 2255
1115 107
2278 1894
734 852
679 183
988 577
634 2023
1933 2098
1720 1214
1808 1390
433 932
809 624
1086 1895
1035 1405
1210 1631
171 1913
1925 979
318 895
706 1203
967 1254
459 1657
1473 1047
475 502
1135 1998
1767 1789
1281 776
1003 1032
921 715
2051 1861
1493 787
497 764
124 1493
1887 78
1391 1972
1640 674
172 961
208 352
2153 1600
1797 592
1259 1134
744 127
1172 1648
1187 464
238 1844
348 1850
325 1680
696 89
1374 1534
853 774
628 1353
2192 2011
896 591
2204 1504
188 1615
1213 862
1150 1256
2028 1955
2185 1724
2145 895
1784 2274
2230 2322
641 1061
852 1127
445 2103
1050 1043
1756 556
1094 1725
2305 1763
1614 802
1736 1231
102 1897
1691 1295
802 2284
1530 271
1267 438
1314 1838
1139 926
1670 1119
1555 551
327 541
779 1197
2252 2100
2156 544
1355 1307
1138 1425
2247 21
1165 713
1386 55
1052 2009
973 2304
797 1106
236 1019
203 1071
1662 1310
589 2022
117 1120
702 1002
512 217
972 2157
306 1419
2332 1957
280 1849
669 719
25 1734
1844 1573
1925 1966
1173 1492
1596 1075
1640 1286
1436 902
1563 683
2278 1490
1371 1451
13 294
740 412
2024 390
753 1112
1918 1564
2139 26
1445 186
1196 707
1495 590
760 1332
1642 344
24 1986
23 486
232 987
1825 713
939 1285
189 1097
2047 1416
1288 144
2207 378
1960 280
470 2157
1397 1079
1550 2245
1245 1758
331 544
203 1863
1953 1102
815 958
1606 1151
518 307
554 1547
368 1755
2317 81
1678 453
1265 1538
1526 1769
1814 1689
1712 782
1544 2034
673 867
1933 1437
1823 460
2010 257
766 2284
2069 466
1452 1156
477 1380
769 575
1610 1035
2010 2190
2185 1536
686 371
2163 1838
714 1321
1652 923
786 2057
390 1414
2329 2068
133 1910
2199 1342
2 1155 1416
2 1132 883
2 502 1852
2 812 2254
2 1459 662
2 1541 1175
2 1534 981
2 1531 1493
2 2215 1214
2 1914 550
2 707 964
2 1932 1038
2 2268 1507
2 890 499
2 1611 588
2 2003 1175
2 582 1290
2 808 801
2 1580 1083
2 269 1619
2 1318 1563
2 1068 334
2 1826 1377
2 257 1124
2 198 232
2 2053 695
2 1733 904
2 78 176
2 674 1667
2 2254 1825
2 1524 809
2 2098 448
2 2106 2105
2 1712 1430
2 716 1352
2 1439 506
2 839 558
2 1934 174
2 1297 1190
2 1421 715
2 1410 1494
2 923 1999
2 2174 809
2 1000 1858
2 1349 1373
2 2181 1778
2 2225 539
2 1168 471
2 1900 1997
2 1874 546
2 1051 1140
2 1698 1837
2 2010 415
2 1604 1298
2 2013 1831
2 992 691
2 1214 1089
2 1897 439
2 2296 1055
2 952 1421
2 865 2169
2 1232 799
2 2127 1614
2 2135 66
2 1469 1694
2 500 200
2 2037 187
2 601 2197
2 2020 238
2 2069 729
2 1419 1699
2 454 1585
2 2023 1158
2 737 875
2 820 510
2 345 1688
2 153 209
2 1822 101
2 166 805
2 165 148
2 348 1634
2 345 1522
2 2244 909
2 1146 1803
2 198 1930
2 1295 1739
2 990 142
2 1299 273
2 2005 1537
2 571 2035
2 1389 491
2 699 1773
2 1873 66
2 870 1045
2 1192 2038
2 2197 1892
2 1081 64
2 972 208
2 536 991
2 587 643
2 48 733
2 874 406
2 678 1896
2 1957 697
2 398 349
2 839 195
2 492 311
2 1235 62
2 1106 32
2 594 2104
2 188 822
2 886 1315
2 48 1268
2 783 382
2 1024 583
2 1315 1369
2 299 1930
2 17 714
2 1410 976
2 1324 1973
2 692 333
2 643 687
2 748 1184
2 2073 1877
2 173 1853
2 1199 1191
2 173 360
2 152 2084
2 991 220
2 802 934
2 827 539
2 135 641
2 2212 1983
2 625 1009
2 649 1289
2 146 473
2 1159 2198
2 1906 1646
2 1190 431
2 808 1645
2 1361 2220
2 1104 2006
2 282 1533
2 277 2113
2 1571 1272
2 1810 1078
2 243 922
2 571 470
2 1478 122
2 2268 1195
2 192 651
2 516 80
2 1725 1350
2 305 946
2 1116 1439
2 2183 1112
2 1642 143
2 200 953
2 732 1923
2 1719 476
2 78 827
2 1748 1196
2 190 320
2 1299 2318
2 1179 1667
2 2318 1233
2 2170 1370
2 1244 1358
2 828 87
2 50 73
2 2042 1943
2 2085 2233
2 1710 1351
2 1798 809
2 1284 967
2 1793 1184
2 46 1361
2 1681 1208
2 1192 235
2 426 1504
2 1262 896
2 790 1268
2 1150 1098
2 2042 559
2 631 1978
2 1587 2092
2 1991 340
2 1690 2197
2 672 1367
2 858 1154
2 4 1956
2 1841 318
2 1525 907
2 1999 2046
2 1217 383
2 1278 950
2 2217 145
2 2100 593
2 1151 1034
2 678 1809
2 1567 1781
2 2120 789
2 1510 2082
2 1973 1
2 1155 2182
2 329 498
2 815 2016
2 1448 694
2 407 864
2 1246 1113
2 2062 1623
2 1767 1049
2 1641 471
2 1504 58
2 1866 458
2 763 706
2 19 1957
2 230 550
2 1408 1529
2 2235 728
2 1225 1087
2 770 1088
2 1781 564
2 1427 742
2 379 2187
2 1 1197
2 770 966
2 1436 292
2 350 935
2 2250 1464
2 694 740
2 364 680
2 2087 712
2 765 1451
2 2178 1161
2 2248 1524
2 278 1927
2 157 1542
2 2283 584
2 1295 108
2 2163 328
2 1293 1296
2 1587 1457
2 59 1253
2 383 1936
2 343 2308
2 1512 1076
2 313 1564
2 1539 1265
2 951 1077
2 268 1384
2 977 865
2 931 1403
2 511 1992
2 624 880
2 2065 1806
2 768 1311
2 435 1883
2 802 21
2 482 493
2 1325 1185
2 785 1682
2 1770 504
2 293 1097
2 699 975
2 883 1243
2 632 1824
2 893 385
2 901 1562
2 966 1404
2 1734 1524
2 502 698
2 1105 168
2 1046 1794
2 2286 1906
2 1615 52
2 258 2135
2 305 67
2 2021 2027
2 1527 598
2 1840 386
2 734 934
2 1318 139
2 225 152
2 1555 2218
2 2267 1191
2 413 1813
2 1980 1293
2 753 1517
2 1089 1550
2 127 1563
2 1364 1229
2 1295 384
2 936 194
2 791 1840
2 751 987
2 1920 1155
2 2151 1484
2 1635 905
2 1647 43
2 2091 1714
2 1193 1580
2 539 170
2 211 1697
2 1772 2149
2 1378 1299
2 194 1898
2 2281 1267
2 1460 13
2 378 1741
2 394 775
2 1929 1128
2 278 2314
2 1743 272
2 314 438
2 2151 1056
2 303 929
2 1956 1869
2 1232 1699
2 1515 2166
2 1989 670
2 1092 1417
2 350 708
2 720 1898
2 1305 334
2 1108 1955
2 749 1699
2 204 704
2 975 1885
2 2322 1946
2 668 2146
2 741 664
2 199 1828
2 1194 1221
2 1053 2289
2 1483 1233
2 316 708
2 1415 242
2 2139 1524
2 1857 660
2 281 1968
2 1333 632
2 2193 1888
2 1439 61
2 2006 1692
2 1504 2285
2 615 341
2 693 769
2 1989 1672
2 1627 1886
2 785 1566
2 2273 776
2 1017 1959
2 1149 1355
2 539 1680
2 1315 1530
2 686 819
2 373 1172
2 1233 545
2 2236 336
2 287 905
2 2103 2264
2 1557 1760
2 1098 463
2 873 2070
2 1302 391
2 2024 183
2 2141 1242
2 1121 708
2 54 1814
2 1010 1659
2 1002 2226
2 1065 221
2 765 2233
2 235 2297
2 1726 1526
2 2314 1380
2 1664 21
2 483 1538
2 1274 428
2 1676 2213
2 62 243
2 9 1366
2 598 2202
2 1682 1987
2 1312 1510
2 1402 1217
2 2295 2313
2 737 133
2 954 726
2 776 972
2 876 347
2 367 757
2 819 206
2 1491 1707
2 1586 2092
2 859 1691
2 723 1648
2 41 1725
2 1378 2179
2 1355 248
2 2322 1214
2 2052 423
2 1414 2283
2 1533 455
2 2284 34
2 1238 2309
2 1590 826
2 1889 129
2 360 75
2 691 1046
2 1261 1946
2 2118 75
2 324 509
2 354 683
2 930 1702
2 582 1708
2 655 1776
2 1725 1158
2 1613 2068
2 627 925
2 1758 1563
2 914 1864
2 1993 1872
2 1946 469
2 40 19
2 489 1161
2 1235 1300
2 1808 1131
2 1814 1559
2 1785 2161
2 60 1268
2 711 891
2 2049 715
2 1307 960
2 409 2186
2 1415 1933
2 2322 2166
2 1704 2328
2 1322 1981
2 524 2174
2 1002 1361
2 1185 1871
2 1526 761
2 844 660
2 1345 1864
2 1657 1153
2 569 2263
2 644 892
2 1851 284
2 136 475
2 75 2260
2 617 75
2 928 63
2 568 846
2 1544 2249
2 1276 1949
2 11 1070
2 1831 127
2 1644 62
2 1925 1199
2 877 1514
2 1443 1248
2 664 1445
2 253 611
2 1085 182
2 966 388
2 1320 1159
2 2079 1582
2 952 2247
2 2162 1171
2 787 163
2 1232 1962
2 2089 1655
2 1716 1587
2 453 2257
2 1437 2166
2 1080 2187
2 1298 546
2 1156 1744
2 450 1550
2 462 2241
2 1924 1415
2 1521 1781
2 1695 195
2 1365 140
2 302 1523
2 2010 2151
2 2331 1533
2 787 1765
2 213 1713
2 1545 2097
2 1950 175
2 1578 1150
2 1418 914
2 988 401
2 1166 1867
2 1806 1449
2 896 1614
2 1808 993
2 1132 1115
2 1163 840
2 1515 1433
2 1491 839
2 1128 37
2 1750 2277
2 565 1340
2 1514 1819
2 635 181
2 1952 759
2 2017 577
2 110 606
2 2054 1707
2 1845 440
2 1433 1474
2 256 2178
2 1542 1089
2 1047 1418
2 2256 1581
2 1618 204
2 1005 1050
2 914 1034
2 519 1569
2 1749 953
2 236 2012
2 255 1367
2 497 777
2 150 1223
2 1662 1075
2 215 519
2 363 1619
2 375 1328
2 412 1904
2 1152 1421
2 1624 1192
2 766 436
2 2327 295
2 1863 205
2 1157 1370
2 1048 2136
2 2027 2250
2 693 1303
2 1050 190
2 1264 1700
2 2218 378
2 1997 3
2 1331 1106
2 1534 896
2 2316 267
2 1459 352
2 1645 131
2 1283 749
2 953 163
2 1533 812
2 1472 634
2 550 1105
2 74 2023
2 737 2100
2 1466 1981
2 26 2000
2 527 2209
2 981 547
2 1442 1857
2 2124 181
2 1391 2282
2 79 2107
2 1380 1560
2 1723 1361
2 697 858
2 1491 922
2 2026 693
2 382 566
2 332 625
2 272 1118
2 1642 1798
2 1673 1155
2 226 2168
2 217 1178
2 1358 192
2 140 865
2 1496 1273
2 500 1076
2 961 542
2 1399 2222
2 1668 182
2 874 1415
2 1980 2218
2 509 2113
2 897 2311
2 300 1639
2 1318 1063
2 898 497
2 1674 1544
2 260 1972
2 503 1557
2 496 400
2 2333 1998
2 1064 995
2 1741 961
2 1142 130
2 1544 1075
2 960 541
2 320 2048
2 2025 2326
2 156 2075
2 804 850
2 1346 1474
2 1542 226
2 2197 1545
2 768 1801
2 725 1224
2 1746 2121
2 1641 1583
2 1068 477
2 606 1048
2 2123 734
2 1274 674
2 388 1607
2 1599 119
2 2193 937
2 311 1755
2 1753 1521
2 1747 1657
2 1726 961
2 1286 135
2 2217 1018
2 805 536
2 643 1629
2 2105 112
2 1160 1710
2 110 1235
2 1908 1807
2 1080 2242
2 27 820
2 282 1203
2 624 744
2 2264 592
2 773 901
2 1861 202
2 1195 165
2 1182 1672
2 732 1078
2 1231 512
2 1481 1374
2 750 1861
2 762 1165
2 638 1717
2 1625 1195
2 539 242
2 1445 1651
2 61 820
2 1412 593
2 1494 850
2 1909 2184
2 874 1879
2 2075 770
2 372 580
2 1091 473
2 371 1603
2 1130 1097
2 2261 1978
2 1362 416
2 135 1424
2 1665 653
2 829 674
2 1493 776
2 2227 1747
2 1121 1429
2 1280 1387
2 932 697
2 2324 2153
2 399 674
2 1146 363
2 490 15
2 1111 42
2 2019 1619
2 559 1038
2 128 1047
2 225 694
2 1367 318
2 1951 1911
2 2182 1384
2 480 1844
2 897 970
2 191 284
2 103 1829
2 169 181
2 543 1359
2 2231 2172
2 738 1032
2 1175 1008
2 571 424
2 2328 1734
2 952 1556
2 1873 1077
2 1512 843
2 2226 16
2 1859 1361
2 855 1230
2 1513 423
2 776 1045
2 1225 140
2 1499 1802
2 165 293
2 1324 2254
2 1787 903
2 1326 1024
2 1282 24
2 104 2178
2 922 2233
2 742 502
2 517 100
2 2318 1492
2 389 42
2 1322 839
2 1883 1901
2 2041 2097
2 1565 1633
2 1925 2064
2 1984 1730
2 299 1773
2 463 1437
2 2318 149
2 2326 1744
2 168 947
2 2306 1772
2 397 1767
2 1784 489
2 1388 381
2 2078 2172
2 264 1235
2 998 152
2 1784 829
2 559 1088
2 1342 2233
2 1673 1068
2 1029 165
2 313 660
2 929 1872
2 485 1163
2 1460 1096
2 1388 457
2 1803 381
2 761 838
2 1534 1715
2 616 1363
2 1515 1797
2 1151 139
2 1226 965
2 1723 234
2 1301 234
2 398 1062
2 246 855
2 393 1568
2 1255 1174
2 2270 1735
2 2191 1239
2 1619 2182
2 686 185
2 1899 905
2 2267 744
2 1065 1040
2 1178 1448
2 938 2215
2 116 928
2 1161 327
2 2246 2274
2 795 83
2 175 158
2 1332 1187
2 588 2287
2 1193 2126
2 1974 1303
2 12 478
2 2240 1184
2 452 436
2 1475 2174
2 1288 1516
2 1398 319
2 1246 750
2 1934 1513
2 1453 931
2 1871 1846
2 529 773
2 1959 570
2 523 1860
2 177 1072
2 41 240
2 718 675
2 1858 911
2 1346 1482
2 1322 2309
2 16 487
2 1663 1135
2 1884 1413
2 1450 1433
2 30 1485
2 1855 1428
2 2200 425
2 994 50
2 1909 1825
2 1421 1516
2 1756 610
2 1284 1462
2 897 998
2 146 1666
2 166 2242
2 395 2326
2 1127 182
2 1594 582
2 2014 677
2 686 711
2 2138 568
2 992 1066
2 1115 2004
2 20 1985
2 2025 1549
2 2158 1441
2 1427 2305
2 969 1109
2 441 2323
2 756 1973
2 1965 607
2 1646 2008
2 256 758
2 2292 906
2 141 794
2 1361 1503
2 235 803
2 1331 19
2 528 1349
2 1422 1351
2 1316 219
2 1049 1247
2 880 1267
2 1256 2017
2 181 2178
2 1309 536
2 210 2145
2 1427 621
2 1527 465
2 1258 2244
2 1413 192
2 995 1143
2 1161 172
2 1520 2325
2 2200 213
2 1289 609
2 380 2040
2 973 4
2 546 1259
2 1103 753
2 1288 726
2 1396 79
2 1557 1497
2 1961 489
2 399 750
2 1800 1743
2 552 336
2 507 461
2 1310 237
2 1307 552
2 2018 2035
2 1741 263
2 1124 922
2 2180 381
2 1133 1669
2 920 1807
2 410 88
2 1584 2315
2 1328 1967
2 1241 2070
2 4 252
2 587 707
2 2025 1414
2 175 1952
2 1028 1002
2 703 1482
2 269 712
2 158 110
2 1348 1392
2 1586 4
2 335 148
2 1093 1030
2 1011 745
2 1236 343
2 937 5
2 256 143
2 1708 1799
2 879 1701
2 2177 1399
2 67 1053
2 1059 871
2 107 1627
2 262 1327
2 1244 264
2 1125 1609
2 281 496
2 50 1459
2 728 1373
2 241 1060
2 1922 488
2 1489 2035
2 1500 703
2 928 863
2 2261 45
2 1956 771
2 1641 853
2 1004 681
2 2008 272
2 535 1265
2 1399 1776
2 796 184
2 167 1679
2 1577 845
2 1904 1753
2 2240 342
2 43 17
2 719 1395
2 2257 1543
2 112 1646
2 83 710
2 1562 592
2 1273 248
2 519 232
2 22 1805
2 1247 1911
2 2094 1420
2 1623 567
2 1411 2261
2 1680 1724
2 2065 1839
2 1855 1586
2 1506 2108
2 2175 241
2 411 1429
2 663 811
2 1403 494
2 1599 2224
2 981 342
2 671 2118
2 1695 1002
2 946 442
2 1008 2314
2 2241 1093
2 1342 85
2 1923 112
2 222 1073
2 1705 1444
2 209 1727
2 1681 1546
2 882 620
2 1971 10
2 2234 2284
2 1150 1236
2 1878 1739
2 1265 1820
2 2261 2098
2 2078 2210
2 1827 1793
2 1877 510
2 621 1693
2 433 2324
2 2292 842
2 236 662
2 733 1026
2 1645 441
2 450 1614
2 1564 2140
2 1042 1208
2 613 380
2 724 1445
2 1209 1877
2 278 1509
2 1826 953
2 2320 630
2 2322 1369
2 2217 607
2 2306 1279
2 1941 700
2 1725 1066
2 1506 340
2 1953 1894
2 225 1956
2 1688 2041
2 945 1267
2 1236 2301
2 369 193
2 226 111
2 1921 647
2 2134 2051
2 1944 1907
2 1038 2122
2 1926 1827
2 1051 1010
2 2076 1533
2 1872 443
2 861 2106
2 253 16
2 581 1086
2 877 1941
2 433 50
2 242 2112
2 747 801
2 2305 467
2 184 334
2 2240 2105
2 419 2127
2 145 1802
2 478 11
2 68 1195
2 162 1078
2 1709 464
2 479 1881
2 1491 1961
2 1568 1917
2 1966 34
2 670 2000
2 1326 732
2 1198 1416
2 274 1297
2 1927 2239
2 2032 1038
2 506 870
2 880 701
2 1895 1841
2 586 947
2 1410 582
2 129 2294
2 446 413
2 854 1619
2 177 2014
2 205 486
2 2075 1704
2 1644 1530
2 1352 939
2 1702 1917
2 621 945
2 1814 2258
2 625 1984
2 1491 1218
2 689 1044
2 1625 601
2 561 2098
2 1035 278
2 421 1007
2 1545 1888
2 898 1455
2 1683 274
2 1804 639
2 102 993
2 1434 1680
2 291 1803
2 1727 2054
2 229 629
2 1846 876
2 1919 1720
2 2320 201
2 823 2069
2 871 1406
2 937 382
2 2269 2150
2 1271 1006
2 1279 1691
2 2329 621
2 138 1607
2 953 955
2 424 1572
2 2150 2101
2 396 675
2 1550 46
2 290 766
2 1824 1993
2 1728 276
2 206 1171
2 1552 266
2 82 1142
2 2147 12
2 1702 2210
2 1355 1951
2 1224 222
2 2034 1493
2 1589 702
2 469 982
2 1656 1405
2 2308 1723
2 1013 1730
2 1390 264
2 1398 504
2 1674 1642
2 432 1603
2 1270 1751
2 1762 1371
2 1248 1941
2 1558 1989
2 735 1127
2 286 1307
2 2008 1294
2 2275 399
2 1804 1001
2 390 1598
2 1852 1778
2 567 1403
2 431 908
2 217 1964
2 1233 629
2 46 648
2 2019 1027
2 635 333
2 2321 1791
2 584 2192
2 2023 1580
2 540 1728
2 2126 1697
2 1223 482
2 604 121
2 424 137
2 1539 122
2 1888 990
2 620 494
2 1123 629
2 2134 377
2 1404 1168
2 1500 344
2 659 563
2 421 12
2 117 1243
2 1495 111
2 332 656
2 1995 2145
2 2266 1554
2 1691 1123
2 2103 356
2 1345 1754
2 2248 1657
2 810 489
2 1723 1895
2 729 610
2 1812 1651
2 2213 754
2 765 137
2 1379 1159
2 2127 881
2 62 1398
2 1210 125
2 204 581
2 1704 1142
2 22 419
2 2172 1473
2 1654 2224
2 1237 611
2 172 130
2 1597 626
2 802 1759
2 179 1075
2 1212 681
2 1839 1801
2 349 1115
2 1038 1632
2 282 1268
2 1848 2247
2 1913 485
2 1761 1218
2 1215 459
2 349 1599
2 735 1393
2 1522 1585
2 735 906
2 331 1644
2 1243 1536
2 742 1367
2 835 121
2 2094 1105
2 1262 2041
2 975 1656
2 1569 68
2 552 1347
2 232 2006
2 131 2312
2 102 2304
2 1364 1337
2 1446 836
2 267 1410
2 720 705
2 2241 1455
2 489 488
2 1466 1507
2 1136 2181
2 1888 1226
2 548 64
2 131 1387
2 400 641
2 1171 1540
2 43 1489
2 1460 2159
2 1162 1003
2 363 1348
2 424 1132
2 1837 629
2 609 2002
2 156 269
2 1775 1955
2 1802 1621
2 1372 1435
2 1499 2214
2 1267 1919
2 1085 154
2 219 1666
2 1680 2255
2 606 261
2 1263 806
2 2153 292
2 1424 1626
2 779 1101
2 769 927
2 1195 2245
2 1866 1782
2 1070 1494
2 595 2192
2 2072 108
2 551 618
2 772 1863
2 1196 160
2 940 1848
2 2108 542
2 2205 1545
2 1836 1896
2 2046 549
2 174 926
2 377 1349
2 1261 1801
2 1249 96
2 1589 793
2 1510 2318
2 950 709
2 2184 1248
2 778 26
2 185 1480
2 994 498
2 1897 1982
2 1193 769
2 1189 293
2 1699 1554
2 1004 901
2 774 1872
2 1339 1381
2 1476 2034
2 1352 1113
2 1955 1590
2 823 528
2 300 572
2 1455 673
2 2153 1935
2 957 1639
2 1288 1671
2 964 520
2 1670 1005
2 225 2152
2 1577 1035
2 1432 1229
2 1134 18
2 576 1295
2 74 1134
2 1248 1927
2 979 2029
2 267 2070
2 1268 1279
2 1738 1721
2 1884 1945
2 1282 362
2 1739 1696
2 368 2246
2 589 1076
2 635 1450
2 345 691
2 1566 2066
2 1886 3
2 1137 2141
2 1735 1959
2 1654 51
2 646 1238
2 183 445
2 690 438
2 49 446
2 807 1099
2 461 2188
2 625 1070
2 2145 828
2 803 1214
2 429 1305
2 1895 2005
2 2008 1994
2 1801 1447
2 1073 1669
2 244 2060
2 965 1251
2 1696 889
2 1326 2005
2 117 910
2 2008 2232
2 2087 1781
2 518 136
2 1821 1236
2 974 1187
2 158 290
2 2295 1402
2 1062 2053
2 2024 494
2 2162 1388
2 1114 763
2 539 72
2 1819 2078
2 275 2234
2 1668 1669
2 1568 391
2 2172 1343
2 1478 2179
2 1939 1214
2 67 1823
2 638 580
2 1981 225
2 802 1457
2 1950 1568
2 622 492
2 2113 1778
2 374 1735
2 5 1176
2 1076 2192
2 1528 279
2 1527 1268
2 277 1620
2 2323 2223
2 1103 279
2 2102 1928
2 174 1170
2 2252 1264
2 387 680
2 2247 1578
2 2069 3
2 305 1393
2 1652 373
2 1548 678
2 1395 1656
2 459 1148
2 83 1447
2 733 1986
2 1875 1217
2 1496 1580
2 1174 645
2 339 2122
2 1052 2206
2 552 257
2 1834 1438
2 2298 1323
2 1240 94
2 1325 1127
2 1804 558
2 739 1397
2 212 1723
2 836 1197
2 1707 1152
2 35 93
2 1672 1249
2 418 55
2 2176 1371
2 1243 756
2 1870 1752
2 1714 319
2 1641 2228
2 2321 1678
2 471 1405
2 1962 2170
2 1234 800
2 1047 367
2 89 2303
2 1979 1883
2 500 1795
2 1568 2013
2 593 697
2 2067 510
2 1265 1293
2 712 976
2 2152 1659
2 78 92
2 295 2317
2 1388 924
2 760 1623
2 947 1016
2 2241 1993
2 487 1994
2 68 2329
2 315 132
2 670 567
2 1263 1883
2 59 1262
2 1079 1854
2 496 2182
2 32 1790
2 407 314
2 1155 110
2 1033 701
2 2323 209
2 1225 1792
2 2310 937
2 1455 1990
2 510 1321
2 1453 1522
2 2088 824
2 1231 647
2 433 1876
2 1396 2148
2 521 1511
2 968 417
2 1588 552
2 1519 1374
2 599 410
2 618 218
2 535 1446
2 49 367
2 881 1369
2 356 1503
2 1549 1390
2 739 333
2 1837 2162
2 229 1969
2 308 2269
2 1447 1624
2 565 828
2 2238 939
2 837 2153
2 1087 1423
2 166 1435
2 1405 229
2 1454 1558
2 593 1454
2 1481 1
2 2249 1806
2 664 1555
2 1383 654
2 1147 167
2 103 1611
2 1759 2313
2 807 74
2 1870 2324
2 668 1569
2 659 373
2 332 279
2 507 1682
2 906 1736
2 1714 485
2 486 1498
2 1828 1720
2 941 1259
2 437 158
2 325 2323
2 125 108
2 87 1285
2 1358 1883
2 398 1752
2 987 1752
2 2124 1065
2 1343 1645
2 1851 980
2 1240 375
2 859 423
2 1920 621
2 865 2202
2 1985 2273
2 97 1805
2 319 88
2 196 421
2 230 1301
2 850 282
2 558 1587
2 1005 1248
2 837 1545
2 1714 1653
2 1157 705
2 1079 1232
2 1654 64
2 1542 462
2 1189 2099
2 2038 73
2 402 840
2 928 2134
2 1080 1578
2 545 1981
2 787 1309
2 1421 2252
2 2024 1345
2 556 950
2 1128 528
2 1232 2269
2 2025 2284
2 872 835
2 2154 1346
2 1111 80
2 1010 1009
2 1849 1673
2 2331 2269
2 38 1301
2 948 1077
2 911 1440
2 1359 1734
2 745 856
2 1805 1907
2 101 2158
2 2094 1457
2 1408 2190
2 1549 310
2 1655 804
2 1742 1370
2 45 1290
2 629 418
2 1212 1893
2 1718 627
2 228 1249
2 1214 332
2 591 1996
2 518 239
2 2145 1335
2 2018 848
2 2304 771
2 1485 303
2 612 1378
2 707 701
2 595 2267
2 2081 115
2 1390 639
2 1057 377
2 1861 268
2 42 441
2 1631 613
2 276 1255
2 18 2221
2 2080 793
2 1640 687
2 1457 1764
2 2066 1611
2 1513 1467
2 692 345
2 1136 2219
2 858 1286
2 1924 883
2 2117 2248
2 182 1505
2 471 169
2 782 223
2 2 2101
2 1988 1057
2 374 19
2 706 1734
2 1165 539
2 674 687
2 2153 1755
2 624 2186
2 597 1369
2 321 1759
2 1167 1454
2 1368 770
2 2274 950
2 1119 75
2 1155 411
2 1036 425
2 1481 1157
2 1175 690
2 949 379
2 917 405
2 1092 638
2 59 1590
2 2301 1769
2 805 683
2 966 1422
2 1400 1983
2 419 2132
2 1607 435
2 1367 1218
2 153 392
2 816 188
2 1344 1189
2 1878 821
2 2057 1044
2 1448 493
2 1130 1499
2 755 1064
2 500 2047
2 1254 1580
2 668 2162
2 1811 2219
2 543 593
2 1885 2230
2 1114 2149
2 1065 918
2 1105 2124
2 979 405
2 2083 974
2 542 1382
2 399 1806
2 1829 1989
2 720 1529
2 2100 1109
2 355 2077
2 1905 1020
2 1763 1881
2 140 1382
2 1278 2305
2 645 2024
2 1466 916
2 707 1709
2 638 237
2 2068 1685
2 1591 387
2 718 276
2 790 1990
2 1185 213
2 1321 34
2 2110 1809
2 495 201
2 606 1681
2 1587 782
2 1612 745
2 1293 532
2 2305 2256
2 157 425
2 1519 1536
2 888 794
2 1181 1254
2 54 1003
2 659 423
2 1493 843
2 876 368
2 2176 481
2 1539 1510
2 857 1195
2 1977 2144
2 555 111
2 1500 1255
2 2035 372
2 1654 2329
2 1532 2191
2 652 839
2 617 944
2 1946 357
2 779 671
2 38 272
2 639 2271
2 1276 1772
2 948 482
2 1676 481
2 291 330
2 1298 2177
2 1956 1703
2 599 1322
2 1317 1658
2 1515 2252
2 758 515
2 1458 2166
2 1047 2232
2 1427 1929
2 2200 1825
2 288 1465
2 1761 505
2 1844 88
2 569 1233
2 1562 2045
2 1888 1717
2 1945 1384
2 372 36
2 1693 210
2 987 1689
2 2203 1732
2 90 269
2 167 2186
2 1781 1136
2 1486 1594
2 1583 172
2 676 298
2 385 1868
2 767 187
2 2231 1811
2 2053 2329
2 1379 310
2 345 1664
2 398 276
2 1964 562
2 2294 1384
2 1652 358
2 1068 50
2 2043 1819
2 1937 515
2 686 1195
2 1492 2044
2 1578 2220
2 931 402
2 2212 11
2 864 1686
2 1995 1931
2 2119 768
2 1043 865
2 2284 184
2 1567 673
2 1888 769
2 1676 1744
2 2087 623
2 1995 1386
2 1105 1690
2 1400 1206
2 1950 1122
2 1523 1502
2 1512 547
2 2232 2259
2 382 901
2 1668 418
2 2140 167
2 350 377
2 1907 2091
2 1384 442
2 710 2319
2 608 727
2 2112 463
2 677 1128
2 858 1741
2 529 601
2 2102 474
2 1020 576
2 502 2138
2 705 1776
2 2193 883
2 1049 39
2 1273 525
2 1140 2257
2 1223 1704
2 215 190
2 916 1932
2 61 822
2 474 1552
2 960 1595
2 2195 1331
2 1804 1488
2 2064 1963
2 292 1348
2 1648 1090
2 1972 997
2 1893 33
2 557 1545
2 1468 1691
2 1919 1696
2 1885 1215
2 813 2133
2 1480 1326
2 544 873
2 134 1953
2 1809 1503
2 1516 853
2 1340 2137
2 1152 1246
2 860 1632
2 1153 466
2 1356 1356
2 567 712
2 69 1912
2 2132 560
2 1774 1988
2 312 1684
2 676 254
2 1984 1791
2 1411 1219
2 1247 643
2 20 886
2 689 429
2 199 1360
2 1516 365
2 1689 1058
2 80 335
2 1046 711
2 1148 1504
2 2063 1973
2 152 946
2 296 29
2 1140 463
2 2254 1829
2 1573 1648
2 815 2189
2 741 486
2 1772 835
2 2194 2287
2 1177 1970
2 694 1376
2 1710 1390
2 625 773
2 801 1280
2 1777 1772
2 385 531
2 1417 1928
2 916 1538
2 1892 223
2 1870 836
2 1549 1131
2 141 352
2 2044 814
2 767 1912
2 73 429
2 1804 468
2 382 766
2 63 2038
2 1842 1007
2 445 863
2 2251 1286
2 1738 1687
2 1750 1334
2 81 1178
2 538 1308
2 963 476
2 827 2086
2 566 1961
2 1539 1395
2 1823 2191
2 325 1611
2 901 2151
2 380 1565
2 238 1821
2 350 2221
2 2031 1540
2 894 1126
2 126 2294
2 1138 310
2 1617 1065
2 1540 1676
2 2286 1104
2 731 891
2 2285 519
2 376 794
2 929 1774
2 116 1558
2 789 1829
2 1316 495
2 1240 1884
2 1091 190
2 1315 938
2 1756 1984
2 818 2299
2 1888 1418
2 1618 959
2 2062 1094
2 1984 1571
2 614 459
2 2110 1935
2 2233 989
2 1071 705
2 1058 15
2 509 385
2 2268 898
2 1945 1748
2 1210 1025
2 1533 1785
2 275 1490
2 575 17
2 1833 2162
2 922 717
2 2287 1561
2 544 572
2 1031 567
2 80 320
2 1882 1788
2 1802 2009
2 60 1464
2 28 835
2 1107 852
2 402 498
2 2282 842
2 2331 459
2 476 223
2 51 1430
2 2147 833
2 61 972
2 68 625
2 2050 1462
2 307 1098
2 552 2129
2 1804 2188
2 2177 878
2 1712 388
2 1240 2204
2 368 485
2 2184 166
2 624 1174
2 1396 2182
2 2136 1957
2 457 1446
2 942 1949
2 1099 1375
2 503 1867
2 631 815
2 610 809
2 1522 2040
2 1442 939
2 1326 1365
2 2093 1678
2 688 1090
2 2113 986
2 2159 538
2 386 404
2 885 1222
2 1192 189
2 662 1341
2 382 659
2 192 1760
2 241 885
2 218 1681
2 2245 1709
2 1172 1739
2 770 1354
2 698 1022
2 2112 1388
2 40 1385
2 1923 416
2 819 2198
2 1944 833
2 1879 229
2 1569 803
2 2319 1066
2 492 1951
2 1360 177
2 1857 1591
2 1824 1577
2 1841 1769
2 789 662
2 1683 1135
2 189 11
2 2254 2319
2 402 228
2 951 368
2 1200 2078
2 2306 561
2 2221 1604
2 336 67
2 542 2206
2 50 827
2 942 1901
2 2002 431
2 2199 1290
2 1951 1509
2 1169 1512
2 48 2159
2 2144 1357
2 1585 2301
2 1193 1070
2 1673 202
2 1620 59
2 1662 170
2 236 1508
2 2238 1997
2 1349 777
2 1202 812
2 1243 815
2 2105 1729
2 1762 1966
2 2003 247
2 930 597
2 1954 2050
2 542 1599
2 335 2063
2 789 1734
2 317 532
2 702 933
2 965 504
2 167 1795
2 1097 870
2 1681 40
2 1713 823
2 218 1448
2 1939 9
2 255 505
2 1101 1608
2 1324 2043
2 1308 1579
2 2166 390
2 2123 1642
2 699 1479
2 79 106
2 609 1400
2 1719 1043
2 437 1634
2 198 482
2 1305 643
2 615 435
2 443 47
2 551 220
2 1827 1556
2 1265 177
2 1755 1675
2 2064 239
2 405 113
2 1591 378
2 484 1103
2 1027 194
2 2095 1950
2 2108 413
2 1752 198
2 1698 831
2 1265 723
2 770 2313
2 199 233
2 1788 1320
2 1496 2026
2 1367 1577
2 1815 1776
2 413 1098
2 1475 2219
2 1847 2003
2 722 483
2 958 1398
2 1810 483
2 1538 1590
2 87 2087
2 476 903
2 882 2210
2 109 2103
2 1948 1080
2 1630 421
2 1997 1968
2 2268 1522
2 1144 1478
2 2221 347
2 875 285
2 1626 259
2 1657 121
2 603 1108
2 364 1991
2 1744 665
2 1567 1309
2 2043 745
2 1372 973
2 578 2151
2 238 1844
2 4 2207
2 1395 2234
2 2236 2271
2 1143 205
2 1348 648
2 907 2017
2 2137 1498
2 1130 1088
2 1603 1264
2 1928 18
2 1326 1014
2 283 2020
2 659 1035
2 1710 179
2 2023 2094
2 1968 472
2 372 2026
2 1963 1887
2 617 1132
2 305 1630
2 1313 489
2 511 2069
2 823 1974
2 1762 1640
2 182 92
2 1963 2215
2 1901 1508
2 1067 2245
2 91 1084
2 845 444
2 1773 638
2 330 1337
2 1748 670
2 1801 817
2 114 889
2 2235 2105
2 365 2284
2 450 1270
2 1434 1187
2 2137 736
2 617 1616
2 790 1766
2 203 1042
2 651 381
2 1682 1151
2 1788 20
2 2214 1122
2 1791 642
2 1458 1628
2 1042 2116
2 413 1571
2 1522 1801
2 738 777
2 1964 496
2 1231 2171
2 1453 292
2 2057 1848
2 1414 767
2 1148 784
2 1934 2064
2 2083 1354
2 142 2246
2 554 1963
2 2116 457
2 240 2012
2 2107 1682
2 1149 652
2 1428 1295
2 315 1886
2 1724 1916
2 2207 1546
2 1918 1701
2 135 456
2 1239 998
2 729 1282
2 302 1698
2 1610 1336
2 1824 1302
2 1758 2164
2 1842 131
2 1812 522
2 1173 1615
2 1435 627
2 1038 1126
2 1566 1749
2 1819 1286
2 653 1440
2 420 1403
2 68 787
2 593 1658
2 1022 1654
2 1514 1753
2 1579 1157
2 987 1004
2 1134 1003
2 50 1353
2 1492 1470
2 2097 1222
2 872 1451
2 867 1659
2 611 105
2 69 1210
2 280 2121
2 575 488
2 670 1205
2 525 2025
2 1444 217
2 1373 2038
2 1567 689
2 217 884
2 761 367
2 1837 266
2 12 2252
2 1370 125
2 308 1742
2 1846 761
2 1970 918
2 705 439
2 926 774
2 1978 2137
2 1829 120
2 1194 169
2 732 1797
2 1011 1091
2 499 2298
2 1189 2085
2 875 1259
2 1178 1550
2 1674 886
2 294 1072
2 1832 1981
2 1423 664
2 1102 2326
2 1625 653
2 1314 552
2 1530 1269
2 2296 809
2 1131 390
2 6 694
2 658 666
2 417 504
2 1763 371
2 1921 2149
2 701 607
2 203 1261
2 1767 1853
2 1041 559
2 1409 1714
2 891 2143
2 1219 700
2 1969 2205
2 1538 415
2 1663 1931
2 1149 335
2 1000 1668
2 2171 1806
2 701 2274
2 2089 125
2 1589 288
2 74 1315
2 1692 1791
2 16 365
2 2078 399
2 1066 1425
2 2124 636
2 507 810
2 2082 284
2 739 2044
2 904 1411
2 1603 1887
2 2217 428
2 1227 2299
2 90 585
2 872 982
2 821 204
2 1994 945
2 1309 1037
2 1436 535
2 484 1912
2 214 1026
2 1835 1132
2 1416 1578
2 2146 1584
2 1519 2154
2 1708 716
2 2002 1647
2 137 116
2 700 895
2 401 1084
2 1287 1572
2 1041 2080
2 783 948
2 7 17
2 1928 743
2 1769 490
2 1621 666
2 768 2128
2 1378 1561
2 2240 580
2 2154 1422
2 1593 139
2 254 347
2 2099 1729
2 479 954
2 192 166
2 770 1766
2 1238 2090
2 2106 1553
2 2295 1244
2 1733 225
2 1748 255
2 50 1878
2 1106 182
2 1620 1427
2 1373 1870
2 2008 2298
2 1169 632
2 27 2261
2 881 934
2 1099 1364
2 796 1930
2 1687 394
2 1946 558
2 1801 2317
2 1067 432
2 687 2058
2 1602 1339
2 46 736
2 687 1232
2 1626 1665
2 154 585
2 1216 1300
2 1228 1322
2 780 2101
2 1131 633
2 1088 1878
2 796 451
2 1008 1299
2 2140 408
2 840 1333
2 1057 873
2 2212 51
2 786 1183
2 940 2257
2 113 2330
2 581 232
2 1532 1124
2 970 1797
2 89 1284
2 441 1749
2 2151 2077
2 1052 1528
2 1351 614
2 1879 584
2 1916 1158
2 2030 1243
2 1293 1497
2 1204 433
2 1214 603
2 600 2143
2 900 2184
2 1832 1180
2 1501 956
2 764 468
2 2216 114
2 2190 1204
2 1257 559
2 1172 1766
2 16 274
2 1431 1575
2 485 456
2 1952 1986
2 85 302
2 905 823
2 1490 2157
2 2007 1504
2 1208 56
2 1011 1506
2 498 1234
2 1347 1774
2 1503 1239
2 1797 2062
2 19 426
2 699 1493
2 734 35
2 1348 2130
2 307 2076
2 45 967
2 314 391
2 1072 949
2 977 1803
2 384 1604
2 1634 709
2 1942 2252
2 218 2131
2 1036 1814
2 67 1720
2 2145 1357
2 1374 85
2 977 1368
2 2022 2108
2 1850 2325
2 958 2328
2 1244 419
2 1367 2129
2 1598 2315
2 110 868
2 1577 506
2 425 1743
2 1541 2043
2 48 642
2 28 1101
2 983 114
2 199 697
2 589 23
2 2130 2033
2 2024 278
2 1130 172
2 590 1506
2 1301 898
2 1738 482
2 2207 1424
2 1929 1847
2 1257 2308
2 543 20
2 661 1322
2 89 590
2 1562 1546
2 767 1929
2 1952 285
2 2317 1356
2 158 273
2 444 2008
2 2038 1287
2 2185 1892
2 898 1864
2 954 1589
2 1102 1629
2 1604 1407
2 2285 883
2 2204 2146
2 1260 1470
2 683 818
2 413 488
2 772 1449
2 1329 31
2 304 756
2 1288 1486
2 1298 1605
2 2021 992
2 522 1149
2 1262 585
2 2214 2333
2 1407 888
2 1771 9
2 2154 1358
2 494 1641
2 983 1080
2 1568 2034
2 2008 1396
2 2284 864
2 1619 1861
2 1014 1112
2 384 573
2 1565 2311
2 1984 929
2 1514 611
2 611 912
2 1799 2252
2 2260 542
2 1899 1236
2 1402 605
2 209 917
2 1476 909
2 829 301
2 1165 2008
2 1535 780
2 1891 1308
2 1881 215
2 1050 799
2 1728 1970
2 1105 700
2 1611 1766
2 209 1715
2 2256 1935
2 1695 993
2 1597 346
2 2121 1621
2 197 330
2 631 2121
2 1795 1025
2 1804 320
2 1627 996
2 2069 2220
2 1543 2032
2 1668 1643
2 10 937
2 1227 440
2 679 145
2 2079 1435
2 94 1460
2 330 2299
2 1586 215
2 545 975
2 762 1782
2 1332 2033
2 877 1081
2 2077 1660
2 71 170
2 2202 337
2 1979 1614
2 1075 61
2 1358 513
2 658 2302
2 2261 2037
2 1163 1261
2 1226 22
2 1094 17
2 992 1337
2 1643 1638
2 2195 1753
2 501 641
2 826 738
2 1766 1102
2 2296 896
2 176 159
2 219 1941
2 121 2109
2 602 1577
2 2138 1636
2 563 529
2 1408 967
2 1841 314
2 175 169
2 331 499
2 2252 1817
2 983 1051
2 313 1277
2 45 333
2 1228 2078
2 2236 7
2 472 2262
2 2037 980
2 223 1450
2 752 1163
2 1691 27
2 1851 2173
2 1011 1624
2 317 1358
2 382 1185
2 1526 1505
2 222 300
2 101 1033
2 1365 1393
2 1137 145
2 1009 260
2 1046 1898
2 544 1480
2 597 1607
2 436 766
2 1650 2206
2 2045 2126
2 2274 2025
2 1907 722
2 431 1115
2 287 2288
2 1112 482
2 1514 1366
2 425 1212
2 2214 1404
2 188 1562
2 1126 889
2 894 1233
2 506 194
2 959 15
2 745 941
2 1591 1133
2 824 457
2 2036 1532
2 313 1255
2 1210 992
2 1473 1457
2 1348 846
2 2058 1511
2 581 1772
2 1858 1938
2 1352 768
2 2000 1508
2 1701 770
2 784 1030
2 1970 1184
2 2316 53
2 1367 1228
2 1284 1664
2 586 1070
2 586 121
2 103 320
2 1165 583
2 2093 1450
2 888 1747
2 1352 1199
2 1966 1271
2 445 1228
2 1997 158
2 1187 671
2 1854 1305
2 1357 1682
2 1434 362
2 2025 391
2 2318 384
2 1362 1135
2 2312 1428
2 2010 1464
2 1438 2002
2 1415 294
2 1492 2326
2 2121 1291
2 185 1983
2 665 232
2 1760 2181
2 2010 376
2 2057 1281
2 1642 1034
2 2282 2015
2 65 2191
2 1851 791
2 2218 2285
2 2273 354
2 22 1894
2 2187 1378
2 2228 1437
2 1252 2204
2 1853 2015
2 771 1437
2 2142 1042
2 1417 198
2 1478 1819
2 1377 1999
2 1680 1644
2 26 2183
2 640 270
2 221 401
2 755 524
2 942 1018
2 62 776
2 737 1653
2 1523 2289
2 1970 514
2 1950 1900
2 608 1266
2 1463 283
2 2101 550
2 215 1465
2 1633 2002
2 376 419
2 688 1658
2 584 1015
2 63 1766
2 451 1338
2 638 1004
2 1182 512
2 1326 2233
2 413 371
2 2271 1820
2 752 887
2 1169 1403
2 1952 739
2 2203 1795
2 1463 691
2 1110 27
2 210 364
2 2236 1797
2 2088 793
2 655 2299
2 1827 205
2 1574 1292
2 2049 675
2 1046 566
2 911 128
2 1014 1841
2 910 1662
2 926 2183
2 1644 1387
2 2077 1653
2 1680 1631
2 519 853
2 1175 1889
2 1206 422
2 387 929
2 1133 1860
2 818 738
2 2271 1231
2 322 534
2 1519 983
2 1348 1232
2 1418 1058
2 907 782
2 2168 10
2 188 1075
2 1230 437
2 1289 1867
2 2280 274
2 695 988
2 1916 1152
2 1536 1939
2 343 1573
2 471 878
2 2269 280
2 2120 792
2 548 1455
2 179 1992
2 441 1965
2 500 1943
2 1542 1133
2 94 687
2 1078 1296
2 1569 2241
2 895 1024
2 700 788
2 393 1336
2 575 760
2 1637 1594
2 1873 1903
2 1219 1573
2 1552 185
2 701 1766
2 2256 255
2 2197 1141
2 799 1280
2 1966 2263
2 2083 892
2 799 1568
2 258 1319
2 631 219
2 1554 1815
2 241 1024
2 284 653
2 223 402
2 1974 681
2 1723 2299
2 257 2050
2 2304 91
2 1231 179
2 2316 692
2 621 554
2 2304 1948
2 1182 1229
2 214 1627
2 1845 2297
2 303 1702
2 392 1923
2 243 1401
2 1802 675
2 2214 1323
2 1288 2301
2 2017 1603
2 1693 1544
2 247 513
2 1204 1449
2 527 229
2 2176 350
2 1578 497
2 649 1882
2 370 316
2 2017 1018
2 608 672
2 597 76
2 1608 1708
2 697 924
2 891 13
2 1616 1984
2 1195 1432
2 469 1833
2 948 1441
2 195 1673
2 547 1475
2 496 37
2 444 2124
2 964 1144
2 2162 1671
2 868 647
2 1580 1294
2 668 1464
2 54 1713
2 1725 2222
2 1872 1802
2 1759 1865
2 1365 1591
2 1557 2227
2 91 837
2 2311 1751
2 312 637
2 1285 474
2 142 755
2 951 2248
2 1420 828
2 2121 1818
2 948 1524
2 1761 1313
2 1201 1860
2 2186 2011
2 1542 1598
2 855 136
2 30 1431
2 2268 78
2 1828 978
2 140 2245
2 1243 665
2 2277 1424
2 2197 1385
2 2212 894
2 378 2141
2 1331 525
2 362 2184
2 235 1617
2 1294 1563
2 1685 87
2 223 502
2 1933 206
2 1142 1110
2 2087 392
2 303 1494
2 2158 2226
2 2175 71
2 1455 2102
2 662 563
2 1228 2191
2 1240 1898
2 1748 1083
2 366 1602
2 1689 1982
2 2068 1659
2 686 1040
2 2103 815
2 1924 285
2 676 1769
2 930 203
2 953 1836
2 1906 1612
2 1380 1652
2 2214 1885
2 268 567
2 131 1108
2 716 1507
2 1633 403
2 51 1081
2 407 988
2 552 643
2 2316 1092
2 2234 1180
2 615 1906
2 633 1434
2 1794 1544
2 823 1586
2 904 1367
2 1776 727
2 1293 1643
2 417 2043
2 1217 2281
2 350 1132
2 738 516
2 29 1258
2 426 1144
2 760 580
2 1759 408
2 838 660
2 618 41
2 109 1471
2 723 78
2 2302 931
2 183 1626
2 935 1745
2 1454 1475
2 2281 2210
2 1866 337
2 853 1155
2 80 270
2 2271 1739
2 2318 1363
2 1770 697
2 2214 269
2 309 274
2 1744 1356
2 1434 1275
2 2206 133
2 284 1402
2 813 55
2 54 2076
2 1952 2267
2 1128 859
2 2014 10
2 279 505
2 2243 618
2 1980 217
2 1771 2228
2 163 2274
2 214 177
2 1532 1329
2 270 1958
2 615 632
2 559 1000
2 1912 1756
2 1499 1371
2 2162 491
2 1349 1117
2 1126 957
2 1461 1029
2 171 2263
2 1004 1371
2 2123 2150
2 615 441
2 617 810
2 663 829
2 1311 674
2 2163 1790
2 457 450
2 2206 388
2 284 35
2 525 1371
2 1012 112
2 1926 399
2 1427 663
2 592 1912
2 1807 123
2 797 1595
2 560 121
2 930 1412
2 2240 2035
2 375 117
2 1906 2075
2 191 204
2 1450 29
2 922 63
2 1433 1733
2 369 2304
2 369 970
2 1632 2295
2 398 321
2 1301 2223
2 9 729
2 849 2097
2 1175 568
2 1127 303
2 419 1939
2 1680 1501
2 230 2324
2 878 396
2 458 1679
2 1936 324
2 294 416
2 1385 2304
2 790 1521
2 366 683
2 1430 1187
2 1915 1666
2 2287 1438
2 530 430
2 732 1987
2 117 1657
2 1682 2008
2 1999 322
2 717 436
2 2114 1401
2 1724 2032
2 114 1716
2 1687 542
2 587 23
2 1563 1001
2 2188 1810
2 2000 659
2 621 294
2 724 1954
2 1607 1151
2 1332 2313
2 513 248
2 569 680
2 1116 1036
2 103 1285
2 984 1754
2 1995 351
2 892 1955
2 1978 2206
2 873 4
2 1813 2065
2 1249 727
2 1021 1480
2 1958 1869
2 1544 269
2 1106 2089
2 3 1400
2 2080 143
2 1178 572
2 1856 1720
2 1998 1280
2 1630 506
2 986 1659
2 1531 1047
2 1050 630
2 1219 929
2 1655 529
2 533 134
2 528 1200
2 2326 157
2 2245 2071
2 1138 1957
2 2099 2248
2 486 1742
2 1986 944
2 748 866
2 2230 1650
2 976 45
2 1949 882
2 36 1031
2 1959 665
2 2051 1254
2 1388 2139
2 1863 251
2 407 1915
2 177 1856
2 4 319
2 1091 2172
2 1580 2102
2 1570 101
2 966 1232
2 1407 2318
2 887 862
2 1743 49
2 1937 502
2 2024 303
2 1557 88
2 2226 1741
2 1991 1469
2 1908 280
2 660 65
2 1241 609
2 448 663
2 1290 856
2 956 2027
2 1784 526
2 1368 1921
2 450 857
2 1763 779
2 2138 717
2 1878 2224
2 2311 1828
2 1236 1959
2 1094 728
2 1008 1751
2 340 1526
2 2134 1667
2 855 105
2 960 248
2 800 2144
2 1194 1915
2 1503 1108
2 1964 1087
2 390 477
2 2051 2251
2 2141 195
2 547 1595
2 1220 644
2 2229 307
2 2058 838
2 30 903
2 1095 64
2 169 689
2 1794 474
2 284 1128
2 1568 260
2 2225 2
2 1946 737
2 2071 1855
2 297 3
2 197 1788
2 1908 963
2 1606 1601
2 1908 794
2 157 1501
2 929 1632
2 220 186
2 1732 548
2 1021 1246
2 899 1193
2 2310 2162
2 688 133
2 1727 2202
2 248 301
2 303 1464
2 918 545
2 1507 1357
2 624 1350
2 2144 1637
2 804 198
2 354 825
2 1868 257
2 804 1432
2 344 1267
2 126 349
2 1035 2100
2 2232 102
2 2303 1723
2 2023 1625
2 1613 218
2 1620 850
2 731 1056
2 72 793
2 96 1354
2 77 740
2 1564 1757
2 2014 1288
2 386 1099
2 32 1342
2 1691 730
2 1354 1015
2 1116 392
2 639 1253
2 1402 1944
2 686 328
2 2035 1540
2 262 2305
2 1622 432
2 311 333
2 1073 1717
2 1998 387
2 1674 1161
2 2259 1678
2 1545 2060
2 1314 815
2 1829 902
2 2151 334
2 111 612
2 1080 457
2 1642 38
2 102 1765
2 261 2202
2 300 363
2 1553 1882
2 2123 610
2 1854 1150
2 2311 1787
2 1990 2053
2 1779 761
2 1576 1201
2 2102 1617
2 475 1071
2 207 444
2 1758 1444
2 6 2144
2 100 1925
2 1793 107
2 1327 360
2 2241 617
2 2085 546
2 1696 555
2 9 130
2 2182 198
2 958 1998
2 865 1627
2 1768 1058
2 2129 1491
2 459 768
2 2211 860
2 671 742
2 333 2216
2 847 770
2 1130 650
2 2124 2173
2 1243 1895
2 117 1875
2 530 1463
2 1660 983
2 647 378
2 530 1143
2 2200 36
2 1526 2297
2 731 520
2 1380 509
2 1250 1466
2 2206 575
2 1344 1582
2 756 719
2 1416 998
2 1418 547
2 946 326
2 1788 59
2 1041 1475
2 1853 1973
2 782 212
2 247 907
2 870 648
2 1168 297
2 1663 126
2 1591 1072
2 1646 580
2 686 2322
2 1565 1514
2 179 1442
2 513 648
2 1831 1596
2 1654 2316
2 2316 1285
2 924 1219
2 1430 360
2 1266 230
2 1736 201
2 1355 2135
2 785 1428
2 166 684
2 1263 901
2 889 336
2 1849 1949
2 1915 120
2 1625 2027
2 2147 952
2 934 1122
2 932 2325
2 1210 916
2 1275 380
2 610 1164
2 2222 207
2 867 12
2 1439 1243
2 1927 176
2 1076 129
2 464 1714
2 2187 489
2 1467 837
2 531 293
2 1244 758
2 1880 1202
2 1194 2178
2 1618 478
2 857 928
2 617 560
2 1624 1466
2 2 505
2 273 1015
2 1191 2298
2 951 2199
2 104 791
2 2138 1414
2 776 2291
2 250 1271
2 2028 2164
2 1032 1494
2 2196 1574
2 576 750
2 203 5
2 564 1433
2 1423 819
2 2181 713
2 252 2283
2 2247 120
2 843 2300
2 758 865
2 803 947
2 1762 562
2 357 1578
2 2266 2011
2 2029 51
2 150 965
2 239 416
2 421 725
2 682 441
2 2117 1842
2 1079 630
2 579 490
2 609 1331
2 1297 1350
2 739 2310
2 923 579
2 1998 67
2 169 351
2 886 21
2 930 102
2 1066 1440
2 1855 1079
2 328 2162
2 270 800
2 309 1010
2 164 911
2 1400 1387
2 384 742
2 616 534
2 510 206
2 784 1355
2 1421 1432
2 307 449
2 1327 114
2 215 2050
2 1156 2256
2 1001 2138
2 1967 1536
2 2 1329
2 863 761
2 196 310
2 222 1026
2 292 1596
2 2129 1463
2 1668 907
2 786 1163
2 1119 119
2 1425 731
2 845 1425
2 1999 418
2 1199 1059
2 1722 822
2 24 2199
2 2052 1355
2 640 25
2 1193 1439
2 131 835
2 955 2272
2 1401 1280
2 2187 1608
2 437 736
2 1712 1497
2 2228 1555
2 1504 1661
2 603 739
2 322 1170
2 1991 1801
2 192 2043
2 1922 539
2 1421 2243
2 1349 228
2 1063 1138
2 1076 4
2 2142 2017
2 1292 144
2 1737 520
2 2016 253
2 1808 1973
2 1300 1910
2 315 1836
2 672 427
2 2228 1495
2 1204 1187
2 250 86
2 853 793
2 1020 1671
2 475 726
2 1588 607
2 1149 76
2 219 1396
2 1915 965
2 1217 480
2 119 122
2 2032 1549
2 1052 2276
2 369 871
2 32 248
2 1435 1121
2 2064 2094
2 553 209
2 1879 584
2 1309 97
2 1562 879
2 954 1421
2 483 377
2 2199 2030
2 1034 922
2 1044 1940
2 2014 2010
2 1952 1600
2 995 732
2 1837 845
2 1966 1885
2 1645 1796
2 2005 1696
2 804 2197
2 818 75
2 953 638
2 2058 46
2 1280 431
2 985 1066
2 1987 1145
2 1610 2018
2 1694 1555
2 1679 1290
2 546 2170
2 682 341
2 2225 49
2 1845 1172
2 1392 1536
2 2257 41
2 115 2196
2 500 741
2 1645 1068
2 23 1082
2 2147 591
2 261 1008
2 1550 326
2 405 1870
2 1684 1769
2 1605 2084
2 91 2229
2 2277 811
2 507 840
2 42 313
2 353 1899
2 1761 823
2 88 468
2 60 785
2 1866 1732
2 2323 82
2 1947 1680
2 530 1108
2 1502 1164
2 1457 934
2 684 852
2 747 728
2 64 1632
2 138 1548
2 386 570
2 135 1037
2 1859 1596
2 2063 420
2 1204 1947
2 1345 647
2 1587 1595
2 1799 2192
2 966 1200
2 888 2328
2 928 992
2 1843 11
2 1597 1612
2 910 1114
2 329 185
2 1612 1048
2 609 1572
2 834 272
2 691 135
2 606 1422
2 2068 420
2 539 1950
2 334 2179
2 1046 4
2 2331 2157
2 816 458
2 1327 925
2 1061 325
2 2297 1448
2 1632 496
2 68 1150
2 388 910
2 2039 676
2 810 1221
2 1167 397
2 1674 2273
2 1890 1760
2 1605 2212
2 740 748
2 571 1175
2 1633 737
2 186 2244
2 236 1484
2 598 2105
2 267 1057
2 2206 754
2 1663 334
2 1009 260
2 5 2227
2 1148 344
2 283 1172
2 1456 488
2 1224 697
2 1444 727
2 1902 488
2 1224 540
2 450 2059
2 1209 2267
2 2038 1543
2 266 331
2 1084 2304
2 304 138
2 1255 1271
2 1164 2171
2 1039 2118
2 1814 2311
2 465 1321
2 543 936
2 1662 213
2 700 511
2 1050 2088
2 338 448
2 1240 25
2 92 1546
2 1876 944
2 1773 358
2 1353 1484
2 422 601
2 438 1133
2 917 1585
2 1563 1476
2 1322 1255
2 2190 552
2 765 1864
2 899 43
2 656 2322
2 1295 474
2 498 993
2 1064 201
2 1144 589
2 1804 1464
2 615 583
2 1184 1682
2 1339 1036
2 287 146
2 147 2255
2 1176 1849
2 68 1468
2 1856 1890
2 1932 1690
2 203 1279
2 1752 1112
2 2105 1497
2 1697 2249
2 1363 835
2 823 1366
2 473 1691
2 1039 1437
2 997 181
2 327 902
2 823 2142
2 1657 473
2 465 523
2 937 249
2 463 845
2 648 1394
2 172 666
2 687 67
2 840 2276
2 1635 51
2 1416 2202
2 85 983
2 86 413
2 594 1981
2 550 1941
2 1749 920
2 2250 2230
2 1278 1930
2 2179 1239
2 608 2214
2 1274 1166
2 356 1255
2 1321 1446
2 2246 1043
2 1093 686
2 1412 1548
2 197 1033
2 1445 1496
2 1144 1140
2 1605 2038
2 1482 1693
2 114 1020
2 617 1398
2 1161 1391
2 1272 1320
2 152 1768
2 1548 1070
2 182 1366
2 75 1393
2 2078 953
2 167 1167
2 724 1157
2 319 1221
2 885 693
2 398 2320
2 204 157
2 1176 1879
2 1802 318
2 1708 317
2 1636 629
2 922 1504
2 1099 313
2 1678 136
2 1528 1280
2 2232 1752
2 1443 2131
2 954 923
2 668 691
2 1383 2130
2 2117 1553
2 234 1780
2 2184 2320
2 1162 2267
2 251 177
2 1663 1395
2 565 411
2 1581 251
2 1244 1663
2 1468 925
2 1201 1297
2 1094 2224
2 1672 1168
2 1858 572
2 368 6
2 83 908
2 1212 1009
2 996 1174
2 1108 1062
2 1238 682
2 2076 2216
2 293 568
2 1676 1166
2 495 1874
2 1323 1445
2 408 487
2 1236 1049
2 2216 26
2 1455 574
2 1437 1741
2 1173 1822
2 498 45
2 2076 51
2 1113 18
2 699 850
2 1590 875
2 2300 442
2 1607 1883
2 2281 168
2 1612 626
2 1971 1270
2 843 544
2 1427 873
2 2304 726
2 991 548
2 36 2265
2 834 2163
2 2213 1391
2 1408 577
2 2284 1850
2 1250 632
2 1931 1541
2 1948 1216
2 2241 1204
2 354 1895
2 1689 1519
2 587 2324
2 1721 199
2 1782 2013
2 227 216
2 148 439
2 268 263
2 178 1839
2 82 1005
2 1380 111
2 742 891
2 98 296
2 36 339
2 67 570
2 131 2277
2 2320 420
2 1269 344
2 542 574
2 253 1514
2 1730 2323
2 1286 480
2 1600 402
2 2240 1553
2 1083 302
2 412 847
2 1737 987
2 1282 2011
2 16 359
2 928 2175
2 643 940
2 2218 1916
2 2259 1488
2 2061 2011
2 1191 1326
2 2173 838
2 2175 587
2 1846 1126
2 1203 2299
2 268 278
2 1124 2285
2 938 679
2 357 1385
2 268 744
2 1444 1230
2 2170 2053
2 1635 2086
2 1240 579
2 256 85
2 1410 1825
2 1188 1446
2 558 1250
2 42 1029
2 995 70
2 347 1244
2 2054 2120
2 465 2328
2 1379 1516
2 785 1679
2 1434 171
2 2223 2228
2 505 2128
2 373 1524
2 1609 270
2 619 628
2 598 1543
2 459 1806
2 502 1155
2 2083 1358
2 1127 21
2 2140 954
2 1807 847
2 887 1129
2 1333 1710
2 1881 1671
2 90 1291
2 1085 1770
2 1819 595
2 1722 2315
2 609 1094
2 1161 7
2 1813 2064
2 1744 145
2 27 839
2 1717 18
2 971 1153
2 524 48
2 1176 1302
2 679 1411
2 1606 1033
2 2323 226
2 1995 1696
2 815 1074
2 1055 1480
2 1098 203
2 209 188
2 777 2259
2 928 546
2 2242 187
2 204 954
2 2107 1625
2 197 2032
2 1001 297
2 232 2231
2 930 1679
2 1904 1838
2 2058 920
2 518 90
2 1570 539
2 741 98
2 1143 1192
2 1975 1807
2 878 1919
2 2105 569
2 1523 1644
2 1794 833
2 532 2154
2 975 1990
2 1887 1532
2 1735 2065
2 94 484
2 2261 1305
2 1394 2151
2 356 1303
2 2258 1488
2 347 1954
2 2285 1068
2 1511 846
2 1415 1687
2 998 2141
2 640 1462
2 2140 458
2 114 2029
2 2085 781
2 1370 526
2 1867 1486
2 457 1463
2 1280 1794
2 1621 376
2 388 160
2 638 1546
2 1138 1592
2 105 1448
2 801 315
2 980 44
2 30 323
2 780 145
2 2173 2169
2 1474 1752
2 802 1925
2 1077 511
2 1973 335
2 2128 59
2 1292 1778
2 1937 2273
2 1485 1679
2 938 1100
2 214 1147
2 2320 1900
2 1943 1014
2 2195 966
2 1110 1972
2 332 1499
2 917 950
2 1399 1805
2 2315 243
2 577 142
2 1058 480
2 2257 1229
2 1169 16
2 1695 1860
2 626 1178
2 2325 1157
2 1581 1697
2 1236 2311
2 943 2048
2 211 1097
2 262 578
2 52 542
2 13 2037
2 2279 1450
2 116 853
2 1332 523
2 276 1174
2 1189 1255
2 781 1444
2 289 1408
2 231 2265
2 1628 1138
2 1115 1811
2 1525 530
2 1626 582
2 2017 1735
2 801 413
2 116 2068
2 2042 814
2 1666 61
2 1441 2158
2 1856 1522
2 443 1717
2 1685 711
2 2119 2081
2 537 498
2 1635 874
2 1210 2165
2 1219 1274
2 381 1259
2 1519 1370
2 1782 64
2 657 2319
2 1657 422
2 482 365
2 1047 989
2 1035 448
2 2164 569
2 1280 1477
2 2083 40
2 538 1923
2 1321 286
2 975 697
2 1971 197
2 1456 2194
2 2088 18
2 939 641
2 626 61
2 482 1595
2 1960 2283
2 1796 1821
2 2268 1531
2 2100 498
2 499 623
2 663 1904
2 18 248
2 534 2058
2 421 1338
2 1535 33
2 751 58
2 933 1515
2 2155 505
2 1423 1872
2 1133 1305
2 2112 1904
2 1392 1617
2 815 100
2 1455 2184
2 474 1439
2 1867 1953
2 726 1994
2 1718 1884
2 1746 2117
2 2149 2138
2 2196 947
2 128 567
2 1929 795
2 333 807
2 637 1019
2 589 2324
2 1607 415
2 514 505
2 356 946
2 909 1968
2 113 1687
2 1347 442
2 850 838
2 621 731
2 535 263
2 1209 1294
2 385 1255
2 2050 2195
2 1526 2314
2 999 907
2 897 2162
2 1102 112
2 617 1029
2 499 1615
2 2108 1830
2 1183 1408
2 1849 2220
2 1582 196
2 1784 1224
2 1486 727
2 2020 2318
2 2098 1219
2 1080 72
2 910 339
2 1245 1131
2 1817 1908
2 544 667
2 220 585
2 725 1160
2 1514 718
2 650 499
2 1243 363
2 1416 1024
2 2247 491
2 1217 1724
2 234 1399
2 284 1761
2 357 2331
2 336 2222
2 1019 1266
2 1698 105
2 771 1360
2 1945 2242
2 1926 1848
2 1091 336
2 1692 1107
2 2327 1740
2 430 601
2 1091 2268
2 183 343
2 266 832
2 259 416
2 413 1408
2 1296 616
2 406 1606
2 1711 839
2 2198 2104
2 2012 1006
2 521 334
2 669 129
2 2093 1611
2 1875 27
2 1485 612
2 546 2305
2 1172 242
2 1073 728
2 2002 2296
2 1370 2190
2 1330 81
2 212 332
2 2028 1735
2 30 1922
2 1452 1892
2 751 566
2 695 1972
2 2107 1419
2 2304 454
2 1065 1649
2 145 1455
2 222 135
2 1721 2174
2 2136 2152
2 2008 1389
2 2327 1172
2 28 1862
2 1264 1063
2 651 2055
2 139 1293
2 1859 628
2 1124 889
2 832 1078
2 56 898
2 1071 1660
2 1640 1979
2 2113 1215
2 1055 386
2 204 25
2 2271 1716
2 554 737
2 265 790
2 1852 1440
2 1161 53
2 2204 170
2 1655 2157
2 1570 254
2 1331 445
2 1342 927
2 253 1386
2 1031 937
2 2151 417
2 802 1669
2 218 1731
2 1971 1864
2 267 156
2 945 1049
2 155 1389
2 2300 463
2 1490 2174
2 1997 2170
2 948 811
2 1256 2092
2 685 2278
2 2188 1122
2 2059 1795
2 737 1744
2 1079 401
2 656 1538
2 1068 1296
2 2309 293
2 1342 2192
2 2106 920
2 2241 1496
2 1336 2072
2 433 1397
2 733 1858
2 141 1380
2 2182 513
2 1634 825
2 1144 561
2 2304 1359
2 285 1880
2 1943 1907
2 1728 940
2 2091 1535
2 1394 1703
2 290 1099
2 1119 2024
2 1762 197
2 118 980
2 1362 719
2 623 1708
2 2220 1502
2 851 471
2 1031 1521
2 1404 1994
2 66 1002
2 1433 213
2 1153 2008
2 1209 827
2 197 910
2 533 1127
2 817 1344
2 65 176
2 1155 1103
2 1821 182
2 1890 183
2 1684 110
