-10 160 113
-9 125 95
-8 90 90
-7 60 60
-6 60 60
-5 60 60
-4 60 60
-3 60 60
-2 60 60
-1 60 60
0 250 176
1 227 162
2 306 216
3 250 176
4 246 175
5 195 171
6 165 263
7 180 240
8 182 278
9 182 257
10 117 166
11 163 116
12 169 239
13 170 120
14 143 100
15 125 120
16 125 118
17 125 125
18 125 136
19 125 125
20 90 90
21 90 90
22 90 90
23 90 90
24 90 90
25 90 90
26 90 90
27 90 90
28 90 90
29 90 90
30 60 60
31 60 60
32 60 60
33 60 60
34 60 60
35 60 60
36 60 60
37 60 60
38 60 60
39 60 60
40 60 60
41 60 60
42 60 60
43 60 60
44 60 60
45 60 60
46 60 60
47 60 60
48 60 60
49 60 60
50 60 60
51 60 60
52 60 60
53 60 60
54 60 60
55 60 60
56 60 60
57 60 60
58 60 60
59 60 60
60 60 60
61 60 60
62 60 60
63 60 60
64 60 60
65 60 60
66 60 60
67 60 60
68 60 60
69 60 60
70 60 60
71 60 60
72 60 60
73 60 60
74 60 60
75 60 60
76 60 60
77 60 60
78 60 60
79 60 60
80 60 60
81 60 60
82 60 60
83 60 60
84 60 60
85 60 60
86 60 60
87 60 60
88 60 60
89 60 60
90 60 60
91 60 60
92 60 60
93 60 60
94 60 60
95 60 60
96 60 60
97 60 60
98 60 60
99 60 60
