2000 2000 0 
1 2 831 
2 3 269 
3 4 611 
4 5 376 
5 6 65 
6 7 547 
7 8 628 
8 9 36 
9 10 336 
10 11 434 
11 12 943 
12 13 458 
13 14 600 
14 15 986 
15 16 637 
16 17 520 
17 18 346 
18 19 729 
19 20 817 
20 21 135 
21 22 799 
22 23 19 
23 24 570 
24 25 357 
25 26 702 
26 27 9 
27 28 917 
28 29 1000 
29 30 2 
30 31 759 
31 32 115 
32 33 268 
33 34 831 
34 35 547 
35 36 759 
36 37 414 
37 38 406 
38 39 819 
39 40 10 
40 41 986 
41 42 215 
42 43 933 
43 44 314 
44 45 386 
45 46 830 
46 47 61 
47 48 880 
48 49 760 
49 50 34 
50 51 219 
51 52 122 
52 53 703 
53 54 554 
54 55 443 
55 56 321 
56 57 572 
57 58 448 
58 59 377 
59 60 499 
60 61 298 
61 62 875 
62 63 188 
63 64 299 
64 65 831 
65 66 743 
66 67 802 
67 68 71 
68 69 281 
69 70 768 
70 71 820 
71 72 362 
72 73 621 
73 74 799 
74 75 268 
75 76 787 
76 77 489 
77 78 403 
78 79 68 
79 80 999 
80 81 984 
81 82 660 
82 83 313 
83 84 267 
84 85 550 
85 86 837 
86 87 16 
87 88 804 
88 89 892 
89 90 968 
90 91 392 
91 92 234 
92 93 719 
93 94 110 
94 95 968 
95 96 658 
96 97 260 
97 98 646 
98 99 290 
99 100 971 
100 101 199 
101 102 134 
102 103 256 
103 104 227 
104 105 732 
105 106 136 
106 107 21 
107 108 267 
108 109 709 
109 110 287 
110 111 904 
111 112 568 
112 113 798 
113 114 203 
114 115 117 
115 116 132 
116 117 693 
117 118 720 
118 119 20 
119 120 981 
120 121 397 
121 122 517 
122 123 406 
123 124 707 
124 125 613 
125 126 612 
126 127 885 
127 128 32 
128 129 229 
129 130 877 
130 131 427 
131 132 795 
132 133 513 
133 134 665 
134 135 910 
135 136 981 
136 137 385 
137 138 764 
138 139 474 
139 140 408 
140 141 39 
141 142 553 
142 143 472 
143 144 693 
144 145 243 
145 146 588 
146 147 894 
147 148 581 
148 149 572 
149 150 916 
150 151 975 
151 152 874 
152 153 599 
153 154 448 
154 155 860 
155 156 111 
156 157 453 
157 158 156 
158 159 570 
159 160 93 
160 161 448 
161 162 260 
162 163 94 
163 164 631 
164 165 686 
165 166 624 
166 167 575 
167 168 600 
168 169 842 
169 170 776 
170 171 67 
171 172 780 
172 173 431 
173 174 682 
174 175 292 
175 176 76 
176 177 166 
177 178 842 
178 179 372 
179 180 390 
180 181 674 
181 182 777 
182 183 479 
183 184 413 
184 185 282 
185 186 601 
186 187 193 
187 188 156 
188 189 831 
189 190 927 
190 191 128 
191 192 577 
192 193 830 
193 194 946 
194 195 866 
195 196 16 
196 197 840 
197 198 452 
198 199 657 
199 200 124 
200 201 408 
201 202 527 
202 203 166 
203 204 701 
204 205 117 
205 206 561 
206 207 661 
207 208 255 
208 209 849 
209 210 707 
210 211 672 
211 212 856 
212 213 913 
213 214 62 
214 215 446 
215 216 52 
216 217 965 
217 218 303 
218 219 237 
219 220 772 
220 221 690 
221 222 981 
222 223 277 
223 224 820 
224 225 95 
225 226 344 
226 227 943 
227 228 932 
228 229 373 
229 230 764 
230 231 342 
231 232 962 
232 233 819 
233 234 390 
234 235 605 
235 236 173 
236 237 984 
237 238 951 
238 239 418 
239 240 133 
240 241 842 
241 242 487 
242 243 145 
243 244 185 
244 245 551 
245 246 940 
246 247 99 
247 248 81 
248 249 442 
249 250 978 
250 251 753 
251 252 566 
252 253 96 
253 254 317 
254 255 515 
255 256 758 
256 257 627 
257 258 117 
258 259 990 
259 260 348 
260 261 646 
261 262 745 
262 263 358 
263 264 816 
264 265 619 
265 266 1000 
266 267 840 
267 268 947 
268 269 810 
269 270 787 
270 271 483 
271 272 910 
272 273 970 
273 274 743 
274 275 767 
275 276 803 
276 277 205 
277 278 218 
278 279 439 
279 280 155 
280 281 703 
281 282 540 
282 283 963 
283 284 129 
284 285 999 
285 286 576 
286 287 418 
287 288 160 
288 289 849 
289 290 954 
290 291 366 
291 292 681 
292 293 67 
293 294 827 
294 295 976 
295 296 759 
296 297 783 
297 298 547 
298 299 325 
299 300 455 
300 301 953 
301 302 646 
302 303 321 
303 304 385 
304 305 721 
305 306 59 
306 307 979 
307 308 884 
308 309 611 
309 310 113 
310 311 777 
311 312 762 
312 313 245 
313 314 386 
314 315 486 
315 316 503 
316 317 704 
317 318 501 
318 319 569 
319 320 88 
320 321 923 
321 322 334 
322 323 591 
323 324 561 
324 325 468 
325 326 241 
326 327 84 
327 328 928 
328 329 329 
329 330 479 
330 331 606 
331 332 344 
332 333 894 
333 334 512 
334 335 938 
335 336 960 
336 337 159 
337 338 42 
338 339 380 
339 340 286 
340 341 160 
341 342 944 
342 343 737 
343 344 454 
344 345 68 
345 346 783 
346 347 399 
347 348 943 
348 349 867 
349 350 13 
350 351 168 
351 352 975 
352 353 743 
353 354 530 
354 355 578 
355 356 70 
356 357 729 
357 358 700 
358 359 42 
359 360 825 
360 361 7 
361 362 269 
362 363 762 
363 364 712 
364 365 1 
365 366 240 
366 367 657 
367 368 330 
368 369 780 
369 370 325 
370 371 266 
371 372 311 
372 373 294 
373 374 744 
374 375 24 
375 376 151 
376 377 139 
377 378 409 
378 379 408 
379 380 921 
380 381 800 
381 382 207 
382 383 423 
383 384 622 
384 385 942 
385 386 766 
386 387 6 
387 388 503 
388 389 921 
389 390 787 
390 391 595 
391 392 252 
392 393 770 
393 394 645 
394 395 962 
395 396 406 
396 397 993 
397 398 95 
398 399 107 
399 400 327 
400 401 119 
401 402 563 
402 403 862 
403 404 481 
404 405 643 
405 406 417 
406 407 348 
407 408 301 
408 409 467 
409 410 40 
410 411 216 
411 412 357 
412 413 630 
413 414 52 
414 415 623 
415 416 587 
416 417 656 
417 418 129 
418 419 643 
419 420 140 
420 421 165 
421 422 191 
422 423 726 
423 424 607 
424 425 841 
425 426 126 
426 427 837 
427 428 186 
428 429 944 
429 430 516 
430 431 466 
431 432 847 
432 433 145 
433 434 437 
434 435 319 
435 436 835 
436 437 888 
437 438 738 
438 439 504 
439 440 24 
440 441 261 
441 442 477 
442 443 152 
443 444 387 
444 445 911 
445 446 156 
446 447 598 
447 448 104 
448 449 756 
449 450 660 
450 451 490 
451 452 172 
452 453 773 
453 454 311 
454 455 499 
455 456 660 
456 457 718 
457 458 25 
458 459 483 
459 460 564 
460 461 580 
461 462 816 
462 463 221 
463 464 619 
464 465 866 
465 466 650 
466 467 949 
467 468 21 
468 469 133 
469 470 428 
470 471 593 
471 472 200 
472 473 463 
473 474 240 
474 475 7 
475 476 363 
476 477 9 
477 478 534 
478 479 727 
479 480 396 
480 481 620 
481 482 190 
482 483 474 
483 484 81 
484 485 105 
485 486 420 
486 487 59 
487 488 474 
488 489 327 
489 490 141 
490 491 620 
491 492 733 
492 493 214 
493 494 946 
494 495 404 
495 496 433 
496 497 26 
497 498 931 
498 499 761 
499 500 975 
500 501 66 
501 502 78 
502 503 497 
503 504 77 
504 505 289 
505 506 176 
506 507 501 
507 508 85 
508 509 181 
509 510 842 
510 511 463 
511 512 127 
512 513 590 
513 514 112 
514 515 683 
515 516 954 
516 517 409 
517 518 430 
518 519 324 
519 520 712 
520 521 638 
521 522 299 
522 523 433 
523 524 867 
524 525 46 
525 526 35 
526 527 128 
527 528 986 
528 529 105 
529 530 32 
530 531 457 
531 532 81 
532 533 495 
533 534 921 
534 535 175 
535 536 736 
536 537 693 
537 538 621 
538 539 746 
539 540 106 
540 541 570 
541 542 914 
542 543 40 
543 544 184 
544 545 515 
545 546 537 
546 547 901 
547 548 703 
548 549 588 
549 550 660 
550 551 761 
551 552 104 
552 553 817 
553 554 651 
554 555 33 
555 556 591 
556 557 396 
557 558 851 
558 559 280 
559 560 734 
560 561 550 
561 562 960 
562 563 136 
563 564 171 
564 565 115 
565 566 364 
566 567 131 
567 568 87 
568 569 361 
569 570 705 
570 571 319 
571 572 120 
572 573 906 
573 574 451 
574 575 769 
575 576 897 
576 577 515 
577 578 138 
578 579 841 
579 580 848 
580 581 364 
581 582 71 
582 583 143 
583 584 745 
584 585 72 
585 586 532 
586 587 924 
587 588 977 
588 589 399 
589 590 33 
590 591 829 
591 592 270 
592 593 619 
593 594 52 
594 595 123 
595 596 525 
596 597 207 
597 598 688 
598 599 950 
599 600 643 
600 601 719 
601 602 578 
602 603 491 
603 604 344 
604 605 803 
605 606 568 
606 607 275 
607 608 121 
608 609 142 
609 610 842 
610 611 374 
611 612 429 
612 613 343 
613 614 566 
614 615 96 
615 616 331 
616 617 581 
617 618 375 
618 619 843 
619 620 82 
620 621 384 
621 622 165 
622 623 517 
623 624 480 
624 625 230 
625 626 827 
626 627 604 
627 628 407 
628 629 707 
629 630 581 
630 631 455 
631 632 749 
632 633 925 
633 634 416 
634 635 158 
635 636 675 
636 637 231 
637 638 782 
638 639 189 
639 640 544 
640 641 987 
641 642 370 
642 643 69 
643 644 935 
644 645 486 
645 646 618 
646 647 483 
647 648 86 
648 649 254 
649 650 867 
650 651 685 
651 652 176 
652 653 495 
653 654 936 
654 655 402 
655 656 390 
656 657 343 
657 658 902 
658 659 530 
659 660 297 
660 661 135 
661 662 906 
662 663 854 
663 664 579 
664 665 179 
665 666 884 
666 667 681 
667 668 223 
668 669 44 
669 670 720 
670 671 223 
671 672 222 
672 673 612 
673 674 930 
674 675 188 
675 676 836 
676 677 176 
677 678 642 
678 679 17 
679 680 602 
680 681 509 
681 682 720 
682 683 506 
683 684 213 
684 685 764 
685 686 210 
686 687 388 
687 688 318 
688 689 656 
689 690 916 
690 691 709 
691 692 124 
692 693 131 
693 694 631 
694 695 364 
695 696 375 
696 697 347 
697 698 973 
698 699 883 
699 700 318 
700 701 450 
701 702 716 
702 703 937 
703 704 275 
704 705 847 
705 706 289 
706 707 389 
707 708 749 
708 709 79 
709 710 231 
710 711 952 
711 712 839 
712 713 728 
713 714 368 
714 715 59 
715 716 895 
716 717 575 
717 718 490 
718 719 849 
719 720 186 
720 721 832 
721 722 462 
722 723 414 
723 724 262 
724 725 990 
725 726 901 
726 727 744 
727 728 744 
728 729 868 
729 730 164 
730 731 676 
731 732 734 
732 733 11 
733 734 211 
734 735 364 
735 736 656 
736 737 725 
737 738 472 
738 739 792 
739 740 579 
740 741 49 
741 742 80 
742 743 91 
743 744 285 
744 745 336 
745 746 873 
746 747 791 
747 748 840 
748 749 200 
749 750 689 
750 751 547 
751 752 745 
752 753 806 
753 754 995 
754 755 844 
755 756 72 
756 757 825 
757 758 732 
758 759 370 
759 760 357 
760 761 845 
761 762 729 
762 763 509 
763 764 1 
764 765 942 
765 766 820 
766 767 919 
767 768 915 
768 769 317 
769 770 294 
770 771 907 
771 772 908 
772 773 759 
773 774 526 
774 775 543 
775 776 29 
776 777 188 
777 778 715 
778 779 310 
779 780 415 
780 781 30 
781 782 591 
782 783 249 
783 784 579 
784 785 19 
785 786 692 
786 787 127 
787 788 363 
788 789 636 
789 790 84 
790 791 91 
791 792 256 
792 793 191 
793 794 195 
794 795 685 
795 796 790 
796 797 42 
797 798 263 
798 799 259 
799 800 205 
800 801 129 
801 802 292 
802 803 248 
803 804 2 
804 805 537 
805 806 617 
806 807 734 
807 808 293 
808 809 182 
809 810 703 
810 811 153 
811 812 668 
812 813 274 
813 814 155 
814 815 804 
815 816 871 
816 817 343 
817 818 753 
818 819 552 
819 820 157 
820 821 311 
821 822 251 
822 823 369 
823 824 8 
824 825 18 
825 826 883 
826 827 204 
827 828 293 
828 829 1000 
829 830 742 
830 831 886 
831 832 975 
832 833 703 
833 834 865 
834 835 415 
835 836 643 
836 837 295 
837 838 968 
838 839 631 
839 840 62 
840 841 948 
841 842 436 
842 843 783 
843 844 398 
844 845 332 
845 846 981 
846 847 603 
847 848 639 
848 849 690 
849 850 169 
850 851 102 
851 852 696 
852 853 554 
853 854 12 
854 855 215 
855 856 853 
856 857 710 
857 858 368 
858 859 762 
859 860 150 
860 861 856 
861 862 254 
862 863 850 
863 864 39 
864 865 552 
865 866 830 
866 867 238 
867 868 761 
868 869 601 
869 870 908 
870 871 514 
871 872 225 
872 873 87 
873 874 468 
874 875 128 
875 876 87 
876 877 420 
877 878 310 
878 879 582 
879 880 730 
880 881 708 
881 882 189 
882 883 225 
883 884 667 
884 885 260 
885 886 941 
886 887 410 
887 888 23 
888 889 850 
889 890 251 
890 891 216 
891 892 912 
892 893 769 
893 894 514 
894 895 743 
895 896 278 
896 897 228 
897 898 635 
898 899 479 
899 900 570 
900 901 838 
901 902 868 
902 903 440 
903 904 964 
904 905 471 
905 906 444 
906 907 972 
907 908 662 
908 909 642 
909 910 790 
910 911 757 
911 912 824 
912 913 780 
913 914 620 
914 915 226 
915 916 973 
916 917 375 
917 918 862 
918 919 588 
919 920 654 
920 921 296 
921 922 692 
922 923 117 
923 924 421 
924 925 789 
925 926 872 
926 927 699 
927 928 173 
928 929 947 
929 930 143 
930 931 594 
931 932 432 
932 933 47 
933 934 225 
934 935 80 
935 936 297 
936 937 172 
937 938 502 
938 939 868 
939 940 803 
940 941 685 
941 942 476 
942 943 153 
943 944 433 
944 945 27 
945 946 223 
946 947 408 
947 948 736 
948 949 729 
949 950 169 
950 951 620 
951 952 178 
952 953 174 
953 954 802 
954 955 946 
955 956 429 
956 957 546 
957 958 320 
958 959 472 
959 960 35 
960 961 965 
961 962 82 
962 963 661 
963 964 458 
964 965 620 
965 966 458 
966 967 114 
967 968 607 
968 969 534 
969 970 802 
970 971 991 
971 972 870 
972 973 430 
973 974 297 
974 975 409 
975 976 438 
976 977 841 
977 978 622 
978 979 699 
979 980 291 
980 981 43 
981 982 195 
982 983 531 
983 984 395 
984 985 277 
985 986 789 
986 987 342 
987 988 902 
988 989 561 
989 990 491 
990 991 286 
991 992 775 
992 993 41 
993 994 670 
994 995 226 
995 996 440 
996 997 837 
997 998 224 
998 999 535 
999 1000 573 
296 1001 172 
408 1002 214 
332 1003 269 
194 1004 942 
48 1005 814 
292 1006 259 
114 1007 389 
360 1008 47 
334 1009 204 
773 1010 641 
33 1011 474 
798 1012 211 
100 1013 136 
842 1014 528 
385 1015 562 
863 1016 878 
31 1017 135 
433 1018 568 
396 1019 322 
361 1020 711 
897 1021 810 
46 1022 873 
680 1023 190 
245 1024 514 
277 1025 293 
523 1026 875 
285 1027 277 
209 1028 401 
879 1029 251 
621 1030 736 
410 1031 546 
325 1032 527 
303 1033 975 
941 1034 549 
217 1035 221 
31 1036 988 
750 1037 660 
315 1038 556 
955 1039 528 
771 1040 820 
345 1041 78 
859 1042 469 
372 1043 82 
146 1044 247 
349 1045 583 
298 1046 641 
450 1047 895 
981 1048 106 
849 1049 284 
414 1050 813 
934 1051 557 
654 1052 357 
691 1053 469 
511 1054 717 
776 1055 297 
94 1056 395 
659 1057 369 
900 1058 310 
1031 1059 120 
261 1060 758 
534 1061 839 
422 1062 35 
82 1063 367 
231 1064 624 
469 1065 854 
714 1066 945 
265 1067 740 
617 1068 947 
1055 1069 309 
275 1070 459 
415 1071 50 
355 1072 985 
651 1073 476 
298 1074 446 
131 1075 512 
19 1076 181 
511 1077 226 
969 1078 334 
915 1079 539 
967 1080 560 
842 1081 980 
221 1082 456 
936 1083 528 
36 1084 965 
711 1085 756 
779 1086 814 
371 1087 459 
178 1088 110 
967 1089 448 
76 1090 854 
638 1091 962 
192 1092 916 
776 1093 455 
293 1094 187 
816 1095 874 
694 1096 243 
241 1097 927 
789 1098 554 
500 1099 106 
1064 1100 627 
974 1101 890 
153 1102 742 
818 1103 779 
780 1104 904 
50 1105 532 
381 1106 437 
541 1107 294 
258 1108 299 
252 1109 439 
736 1110 633 
718 1111 726 
333 1112 80 
33 1113 999 
291 1114 376 
520 1115 473 
130 1116 998 
173 1117 991 
67 1118 900 
667 1119 924 
303 1120 513 
274 1121 786 
137 1122 563 
1002 1123 756 
926 1124 819 
232 1125 130 
216 1126 640 
674 1127 797 
829 1128 719 
611 1129 700 
211 1130 449 
676 1131 287 
609 1132 684 
1048 1133 610 
1071 1134 335 
329 1135 620 
340 1136 393 
480 1137 696 
992 1138 993 
450 1139 107 
612 1140 971 
371 1141 912 
929 1142 641 
295 1143 376 
88 1144 656 
86 1145 38 
1040 1146 533 
796 1147 18 
491 1148 840 
646 1149 572 
171 1150 559 
341 1151 20 
294 1152 310 
467 1153 559 
905 1154 414 
535 1155 837 
151 1156 563 
302 1157 744 
882 1158 459 
865 1159 175 
461 1160 700 
723 1161 292 
93 1162 549 
833 1163 563 
680 1164 159 
891 1165 365 
589 1166 245 
332 1167 860 
621 1168 346 
292 1169 335 
149 1170 978 
460 1171 712 
1109 1172 948 
612 1173 484 
719 1174 382 
987 1175 722 
595 1176 202 
354 1177 944 
458 1178 575 
1090 1179 402 
67 1180 419 
333 1181 53 
141 1182 760 
911 1183 763 
1131 1184 588 
298 1185 560 
1136 1186 998 
34 1187 925 
937 1188 325 
330 1189 562 
101 1190 91 
478 1191 969 
37 1192 522 
1162 1193 976 
1140 1194 390 
945 1195 903 
599 1196 707 
521 1197 899 
611 1198 400 
261 1199 939 
750 1200 509 
94 1201 433 
1075 1202 177 
215 1203 19 
421 1204 134 
468 1205 611 
49 1206 961 
725 1207 683 
55 1208 405 
315 1209 877 
1013 1210 695 
1193 1211 250 
897 1212 888 
26 1213 137 
734 1214 622 
1194 1215 482 
53 1216 820 
1079 1217 428 
177 1218 987 
420 1219 892 
753 1220 432 
189 1221 767 
256 1222 64 
333 1223 521 
743 1224 602 
863 1225 871 
228 1226 892 
898 1227 586 
836 1228 137 
90 1229 37 
586 1230 809 
873 1231 377 
61 1232 545 
1054 1233 55 
1175 1234 988 
963 1235 790 
956 1236 282 
589 1237 133 
214 1238 401 
109 1239 491 
623 1240 177 
915 1241 685 
415 1242 540 
354 1243 568 
450 1244 710 
733 1245 608 
925 1246 577 
921 1247 192 
666 1248 324 
827 1249 723 
395 1250 973 
17 1251 154 
814 1252 828 
366 1253 87 
745 1254 362 
484 1255 257 
744 1256 739 
1042 1257 249 
442 1258 128 
753 1259 812 
452 1260 871 
708 1261 58 
868 1262 166 
847 1263 615 
200 1264 502 
437 1265 184 
182 1266 893 
752 1267 704 
332 1268 759 
1265 1269 739 
1177 1270 574 
562 1271 67 
1169 1272 743 
426 1273 529 
36 1274 70 
604 1275 982 
1012 1276 965 
491 1277 403 
1056 1278 745 
870 1279 222 
164 1280 806 
501 1281 853 
914 1282 164 
1247 1283 584 
529 1284 842 
149 1285 938 
807 1286 282 
904 1287 520 
90 1288 885 
907 1289 462 
496 1290 248 
785 1291 398 
455 1292 415 
81 1293 322 
541 1294 713 
1015 1295 172 
59 1296 508 
610 1297 188 
1056 1298 827 
1265 1299 522 
181 1300 853 
416 1301 36 
628 1302 968 
1189 1303 642 
1135 1304 709 
862 1305 256 
772 1306 166 
139 1307 964 
457 1308 653 
738 1309 304 
36 1310 863 
1069 1311 50 
119 1312 889 
1157 1313 611 
1132 1314 385 
551 1315 901 
631 1316 649 
378 1317 352 
1083 1318 503 
590 1319 271 
6 1320 72 
243 1321 550 
870 1322 559 
344 1323 7 
949 1324 960 
1240 1325 37 
863 1326 146 
794 1327 256 
409 1328 844 
981 1329 283 
137 1330 271 
108 1331 154 
43 1332 164 
356 1333 712 
1058 1334 224 
824 1335 368 
361 1336 605 
113 1337 26 
603 1338 555 
349 1339 672 
359 1340 391 
1272 1341 249 
1325 1342 978 
105 1343 310 
29 1344 509 
971 1345 636 
682 1346 843 
769 1347 673 
95 1348 113 
126 1349 442 
419 1350 89 
114 1351 316 
920 1352 253 
801 1353 866 
1334 1354 978 
1183 1355 223 
255 1356 546 
1137 1357 868 
801 1358 471 
572 1359 620 
78 1360 637 
111 1361 301 
821 1362 391 
1357 1363 130 
363 1364 981 
871 1365 375 
41 1366 828 
485 1367 781 
199 1368 271 
306 1369 687 
1293 1370 580 
373 1371 812 
123 1372 874 
313 1373 557 
1088 1374 362 
964 1375 713 
851 1376 755 
200 1377 720 
1254 1378 131 
1260 1379 389 
492 1380 642 
691 1381 775 
422 1382 257 
14 1383 849 
18 1384 459 
61 1385 913 
373 1386 810 
1076 1387 710 
785 1388 830 
276 1389 254 
442 1390 850 
953 1391 702 
26 1392 703 
334 1393 995 
1094 1394 205 
529 1395 361 
1382 1396 439 
236 1397 946 
375 1398 422 
544 1399 729 
1336 1400 697 
609 1401 168 
658 1402 508 
783 1403 542 
1261 1404 718 
559 1405 629 
379 1406 63 
1162 1407 355 
206 1408 866 
762 1409 39 
1149 1410 687 
1355 1411 615 
932 1412 564 
728 1413 696 
1091 1414 533 
809 1415 213 
671 1416 642 
103 1417 347 
1192 1418 976 
1079 1419 53 
169 1420 851 
918 1421 91 
936 1422 58 
422 1423 560 
918 1424 171 
340 1425 196 
108 1426 344 
149 1427 607 
1105 1428 522 
355 1429 800 
819 1430 494 
1154 1431 981 
74 1432 29 
1055 1433 547 
294 1434 448 
214 1435 105 
781 1436 155 
640 1437 784 
1423 1438 586 
1323 1439 253 
24 1440 394 
772 1441 618 
38 1442 337 
1164 1443 841 
384 1444 592 
282 1445 771 
25 1446 135 
394 1447 601 
921 1448 602 
504 1449 905 
1422 1450 547 
1185 1451 914 
1313 1452 33 
1086 1453 355 
989 1454 791 
380 1455 329 
270 1456 319 
400 1457 888 
594 1458 825 
201 1459 13 
1377 1460 134 
1212 1461 625 
323 1462 682 
900 1463 456 
1431 1464 722 
290 1465 755 
693 1466 362 
696 1467 354 
36 1468 34 
67 1469 190 
147 1470 514 
909 1471 502 
1195 1472 811 
963 1473 864 
1339 1474 56 
949 1475 403 
1389 1476 285 
515 1477 114 
134 1478 358 
1031 1479 587 
1389 1480 524 
1367 1481 473 
527 1482 908 
39 1483 111 
930 1484 416 
1240 1485 175 
1427 1486 290 
575 1487 834 
674 1488 277 
1331 1489 904 
441 1490 278 
198 1491 410 
527 1492 28 
1180 1493 494 
127 1494 244 
808 1495 154 
1133 1496 688 
468 1497 869 
328 1498 361 
1075 1499 299 
912 1500 586 
856 1501 167 
222 1502 815 
1470 1503 814 
1213 1504 206 
1208 1505 337 
1252 1506 900 
33 1507 19 
196 1508 355 
305 1509 756 
414 1510 883 
560 1511 133 
984 1512 207 
732 1513 557 
1419 1514 361 
431 1515 844 
1171 1516 424 
20 1517 526 
607 1518 481 
987 1519 746 
467 1520 92 
1020 1521 227 
964 1522 257 
302 1523 638 
1109 1524 339 
1090 1525 397 
1081 1526 283 
883 1527 692 
858 1528 384 
1357 1529 586 
1226 1530 709 
407 1531 563 
1303 1532 659 
1492 1533 115 
40 1534 841 
1207 1535 821 
331 1536 49 
612 1537 677 
261 1538 846 
875 1539 27 
721 1540 595 
1302 1541 113 
1023 1542 309 
1024 1543 814 
21 1544 835 
559 1545 276 
543 1546 364 
925 1547 391 
1458 1548 330 
787 1549 536 
1534 1550 374 
378 1551 585 
1107 1552 429 
1387 1553 225 
860 1554 625 
1151 1555 529 
1361 1556 819 
942 1557 640 
1099 1558 55 
1191 1559 605 
847 1560 952 
1107 1561 451 
747 1562 751 
1268 1563 386 
1260 1564 486 
1254 1565 355 
1191 1566 793 
1115 1567 236 
446 1568 663 
198 1569 677 
522 1570 948 
1377 1571 378 
880 1572 483 
126 1573 682 
1315 1574 548 
1108 1575 55 
101 1576 208 
185 1577 903 
1206 1578 684 
1430 1579 954 
814 1580 789 
1108 1581 181 
1119 1582 665 
1178 1583 791 
182 1584 31 
896 1585 578 
383 1586 399 
1553 1587 692 
1317 1588 372 
133 1589 678 
1499 1590 969 
824 1591 277 
868 1592 386 
920 1593 927 
1059 1594 213 
446 1595 392 
1329 1596 681 
910 1597 54 
313 1598 790 
524 1599 922 
1160 1600 285 
1055 1601 744 
638 1602 184 
401 1603 944 
1319 1604 813 
1347 1605 110 
235 1606 432 
978 1607 966 
819 1608 279 
1009 1609 557 
1534 1610 10 
435 1611 116 
614 1612 378 
1015 1613 822 
518 1614 128 
505 1615 884 
1335 1616 561 
1131 1617 191 
116 1618 745 
472 1619 190 
547 1620 983 
1158 1621 120 
1502 1622 976 
232 1623 708 
1080 1624 526 
859 1625 327 
329 1626 209 
1602 1627 358 
946 1628 942 
1496 1629 532 
591 1630 800 
1270 1631 359 
553 1632 236 
1229 1633 670 
782 1634 378 
1520 1635 909 
1203 1636 65 
539 1637 661 
1595 1638 873 
932 1639 973 
191 1640 79 
391 1641 742 
406 1642 876 
1426 1643 773 
1363 1644 983 
416 1645 970 
701 1646 389 
842 1647 73 
643 1648 534 
1453 1649 742 
813 1650 145 
410 1651 167 
624 1652 555 
645 1653 652 
131 1654 252 
781 1655 818 
368 1656 898 
964 1657 345 
896 1658 2 
694 1659 603 
724 1660 652 
1541 1661 958 
1473 1662 407 
268 1663 411 
402 1664 221 
178 1665 631 
1158 1666 736 
1149 1667 146 
1664 1668 29 
1305 1669 519 
1276 1670 704 
433 1671 419 
296 1672 560 
947 1673 346 
252 1674 972 
935 1675 742 
1458 1676 414 
1068 1677 985 
824 1678 759 
1225 1679 109 
47 1680 611 
1397 1681 833 
916 1682 766 
1296 1683 151 
1098 1684 840 
1182 1685 884 
1578 1686 517 
1299 1687 840 
68 1688 112 
1076 1689 295 
576 1690 169 
805 1691 671 
480 1692 276 
679 1693 115 
1137 1694 580 
1246 1695 558 
759 1696 95 
1101 1697 884 
1224 1698 316 
1394 1699 606 
896 1700 419 
1082 1701 413 
841 1702 372 
1408 1703 729 
597 1704 754 
358 1705 873 
1392 1706 833 
889 1707 990 
1452 1708 558 
1702 1709 843 
927 1710 398 
846 1711 200 
1364 1712 74 
995 1713 216 
269 1714 625 
1134 1715 287 
1322 1716 974 
445 1717 736 
281 1718 644 
1173 1719 157 
704 1720 159 
1010 1721 104 
858 1722 205 
1086 1723 418 
1664 1724 660 
152 1725 707 
837 1726 670 
611 1727 897 
300 1728 795 
222 1729 604 
1470 1730 93 
1445 1731 857 
104 1732 794 
376 1733 757 
932 1734 173 
985 1735 13 
88 1736 846 
1111 1737 212 
732 1738 147 
1319 1739 797 
1226 1740 991 
1642 1741 673 
1360 1742 315 
140 1743 866 
817 1744 50 
23 1745 489 
675 1746 353 
1521 1747 102 
1728 1748 710 
1007 1749 582 
1724 1750 655 
253 1751 73 
286 1752 647 
1086 1753 388 
101 1754 222 
293 1755 85 
33 1756 38 
1304 1757 518 
802 1758 645 
900 1759 675 
1422 1760 943 
1318 1761 583 
117 1762 659 
885 1763 156 
1614 1764 866 
353 1765 817 
1662 1766 787 
112 1767 697 
1177 1768 171 
814 1769 98 
128 1770 451 
33 1771 595 
752 1772 370 
1541 1773 450 
1462 1774 436 
768 1775 780 
357 1776 587 
530 1777 102 
1458 1778 965 
1635 1779 276 
1612 1780 183 
1627 1781 344 
1291 1782 425 
1348 1783 437 
1325 1784 337 
1600 1785 540 
1309 1786 716 
1462 1787 295 
611 1788 26 
1609 1789 716 
829 1790 625 
157 1791 989 
538 1792 477 
1380 1793 229 
1178 1794 687 
864 1795 69 
59 1796 195 
1540 1797 241 
1778 1798 815 
1396 1799 124 
1193 1800 377 
1459 1801 419 
1612 1802 664 
1767 1803 969 
1734 1804 966 
1601 1805 302 
1050 1806 539 
516 1807 229 
1103 1808 581 
1043 1809 654 
1328 1810 864 
86 1811 569 
992 1812 681 
761 1813 629 
1016 1814 439 
344 1815 16 
1525 1816 835 
1576 1817 407 
1493 1818 799 
1148 1819 56 
112 1820 86 
1273 1821 390 
363 1822 275 
312 1823 317 
1574 1824 484 
1784 1825 567 
1083 1826 768 
639 1827 86 
1805 1828 726 
482 1829 59 
1203 1830 168 
1734 1831 487 
8 1832 800 
1799 1833 680 
901 1834 90 
650 1835 581 
443 1836 203 
248 1837 205 
1539 1838 552 
787 1839 421 
1501 1840 545 
522 1841 897 
1288 1842 63 
1317 1843 126 
1424 1844 36 
730 1845 893 
1222 1846 570 
899 1847 730 
188 1848 903 
1103 1849 917 
1359 1850 432 
291 1851 224 
51 1852 836 
1339 1853 939 
683 1854 250 
500 1855 293 
398 1856 436 
386 1857 540 
386 1858 878 
531 1859 775 
711 1860 554 
305 1861 153 
935 1862 910 
1472 1863 592 
1275 1864 89 
857 1865 767 
830 1866 649 
1161 1867 17 
216 1868 121 
157 1869 288 
946 1870 713 
1359 1871 341 
1037 1872 142 
1688 1873 664 
1488 1874 964 
133 1875 241 
989 1876 305 
136 1877 208 
755 1878 611 
1163 1879 43 
850 1880 381 
300 1881 382 
1519 1882 494 
1715 1883 576 
1136 1884 738 
419 1885 683 
970 1886 982 
883 1887 860 
526 1888 422 
867 1889 404 
1667 1890 305 
1133 1891 854 
1197 1892 855 
1007 1893 554 
270 1894 258 
766 1895 169 
889 1896 579 
337 1897 186 
42 1898 414 
234 1899 173 
1254 1900 144 
37 1901 294 
839 1902 720 
1458 1903 963 
559 1904 884 
507 1905 169 
918 1906 814 
1601 1907 61 
161 1908 87 
1257 1909 31 
1724 1910 129 
966 1911 643 
595 1912 27 
1887 1913 35 
104 1914 481 
1664 1915 199 
1144 1916 643 
130 1917 23 
1725 1918 823 
1077 1919 650 
1116 1920 145 
250 1921 568 
1700 1922 793 
598 1923 661 
679 1924 190 
1647 1925 910 
1024 1926 738 
103 1927 25 
436 1928 918 
599 1929 56 
1210 1930 768 
462 1931 399 
1292 1932 313 
451 1933 815 
676 1934 580 
9 1935 41 
1662 1936 668 
997 1937 14 
1085 1938 13 
1123 1939 111 
1278 1940 670 
609 1941 969 
328 1942 685 
1888 1943 763 
531 1944 219 
497 1945 651 
1071 1946 738 
1030 1947 869 
1166 1948 548 
1283 1949 45 
1097 1950 742 
1892 1951 144 
1033 1952 461 
1479 1953 358 
1285 1954 167 
1087 1955 683 
328 1956 38 
222 1957 486 
932 1958 800 
816 1959 889 
1792 1960 442 
1388 1961 650 
789 1962 783 
909 1963 361 
661 1964 283 
494 1965 363 
535 1966 221 
823 1967 782 
925 1968 540 
1494 1969 951 
196 1970 345 
329 1971 305 
1286 1972 654 
1746 1973 710 
1893 1974 845 
122 1975 554 
1494 1976 948 
1753 1977 926 
1181 1978 991 
35 1979 443 
1528 1980 535 
362 1981 151 
1026 1982 858 
986 1983 437 
441 1984 306 
1290 1985 648 
978 1986 98 
331 1987 256 
1247 1988 191 
1566 1989 929 
272 1990 275 
889 1991 799 
198 1992 336 
1487 1993 87 
386 1994 379 
21 1995 106 
1865 1996 863 
909 1997 531 
1306 1998 419 
510 1999 939 
470 2000 398 
modify 1681 916 
modify 117 169 
modify 97 141 
modify 1456 171 
modify 837 630 
modify 1931 940 
modify 1933 502 
modify 1307 603 
query 355 603 108 
query 537 745 944 
query 900 1715 1047 
query 90 1361 470 
query 797 1076 123 
query 120 631 324 
query 24 1861 1235 
modify 949 125 
query 945 1830 1567 
query 88 719 1986 
query 57 1273 786 
query 849 1388 1826 
query 578 1508 1998 
query 383 534 1834 
modify 1671 158 
modify 179 110 
query 1832 1907 973 
query 97 642 1492 
modify 1702 89 
modify 1923 643 
modify 1465 248 
modify 1867 852 
modify 825 801 
modify 1511 586 
query 122 1527 1380 
modify 1969 130 
query 629 1620 760 
modify 1651 33 
query 734 1734 1011 
modify 1925 310 
query 903 1615 122 
query 88 1582 505 
query 359 841 1547 
query 312 421 231 
modify 230 187 
query 560 1409 1309 
modify 105 599 
modify 1049 104 
modify 1890 843 
query 128 1913 511 
query 326 596 939 
query 1134 1312 1578 
modify 1013 621 
modify 1801 889 
modify 1656 417 
query 223 1270 1380 
query 1156 1534 704 
query 720 1031 1687 
modify 338 924 
query 564 1099 529 
query 854 1389 1714 
query 662 979 144 
query 1622 1845 395 
modify 601 684 
modify 370 425 
modify 265 282 
modify 369 387 
query 331 1799 1230 
modify 1843 303 
query 1036 1194 1683 
query 409 730 665 
query 371 927 544 
query 192 498 1994 
query 989 1168 147 
modify 1833 721 
modify 1750 317 
modify 970 178 
query 431 555 602 
modify 308 118 
query 1390 1677 203 
query 721 1234 495 
query 1242 1975 1140 
query 51 218 848 
modify 1689 154 
modify 695 955 
query 246 409 455 
query 1372 1642 437 
modify 983 191 
query 379 1888 199 
modify 315 420 
query 689 1265 1075 
modify 1957 142 
query 277 651 458 
modify 1288 658 
query 266 954 81 
modify 1572 823 
modify 99 711 
query 5 378 1712 
modify 414 331 
query 128 1716 391 
query 842 1484 115 
modify 167 747 
query 395 1020 928 
modify 1608 815 
modify 104 421 
query 607 1567 20 
modify 1647 711 
query 116 256 256 
query 1581 1774 1473 
query 1358 1755 1552 
modify 972 208 
modify 1312 851 
query 305 1475 1719 
query 344 996 203 
modify 582 635 
modify 66 614 
modify 706 964 
query 187 1972 576 
modify 1891 840 
query 341 1490 121 
modify 123 88 
modify 1059 376 
modify 993 205 
query 350 421 777 
modify 1182 970 
modify 644 666 
modify 585 28 
query 147 723 1583 
modify 1086 498 
query 1640 1719 790 
modify 1011 985 
modify 951 159 
query 323 548 1055 
query 433 1111 1089 
modify 416 451 
modify 195 990 
modify 920 657 
modify 1547 435 
modify 909 352 
modify 1236 212 
modify 249 71 
query 475 1146 5 
modify 676 692 
modify 23 409 
modify 113 146 
query 776 1603 575 
query 1262 1412 517 
query 890 1068 587 
query 1019 1958 563 
query 1013 1748 1845 
modify 1119 649 
query 254 973 1310 
query 569 677 117 
modify 75 944 
modify 444 593 
query 189 1828 366 
query 130 582 1137 
modify 1510 524 
query 66 82 13 
modify 1170 840 
modify 1753 765 
query 148 425 587 
modify 854 107 
modify 1332 78 
modify 1569 900 
query 1109 1338 1450 
query 217 520 391 
modify 1732 351 
modify 1636 127 
modify 1649 74 
query 632 1235 519 
modify 1197 875 
query 137 1118 1730 
query 78 790 1480 
modify 1801 800 
modify 1682 564 
modify 1066 639 
query 313 436 795 
modify 1488 869 
query 100 500 427 
modify 20 656 
query 152 1363 279 
query 548 875 1164 
query 446 1258 381 
modify 1613 286 
query 1181 1528 1012 
modify 520 704 
modify 960 252 
query 254 427 850 
modify 536 632 
modify 467 294 
query 1141 1157 512 
query 644 1088 848 
query 274 1776 1845 
query 123 1295 971 
modify 134 71 
modify 1349 508 
modify 1382 369 
query 190 1223 1512 
modify 1068 737 
query 108 1059 1267 
query 33 1965 1061 
query 74 202 63 
modify 1548 559 
modify 1665 535 
query 36 1319 1107 
query 111 413 813 
modify 394 335 
query 160 1645 85 
modify 1735 689 
modify 1194 700 
modify 1204 578 
modify 636 827 
query 892 1721 1248 
modify 1133 348 
modify 748 535 
query 883 1312 540 
modify 434 293 
query 289 601 834 
modify 118 307 
query 1452 1642 1971 
query 406 830 343 
query 1898 1937 1832 
modify 1674 249 
modify 1347 515 
modify 1289 970 
query 51 1233 1920 
modify 1802 206 
query 962 1333 211 
modify 21 977 
modify 208 323 
modify 872 977 
modify 748 190 
query 176 933 1005 
query 855 1365 1026 
query 1504 1777 683 
modify 686 619 
query 122 1587 1375 
query 849 1925 958 
modify 1849 67 
query 1031 1145 600 
query 454 1102 808 
modify 782 862 
modify 348 867 
modify 406 37 
query 801 1486 1590 
modify 1007 550 
modify 1391 559 
query 1197 1639 140 
query 464 1076 1856 
modify 1777 385 
modify 1680 946 
modify 1017 206 
query 134 327 1509 
query 1504 1562 1310 
modify 1941 991 
modify 1206 556 
modify 168 514 
modify 300 28 
modify 1138 397 
query 1175 1745 37 
modify 1571 290 
modify 827 210 
query 621 1873 314 
query 695 722 1323 
query 162 1522 1117 
query 666 1707 605 
modify 473 973 
query 105 416 930 
modify 1836 718 
modify 428 169 
modify 1978 697 
query 697 1281 1036 
query 496 1555 72 
modify 1995 345 
modify 1060 566 
query 283 783 430 
modify 1612 520 
query 269 1787 545 
query 1644 1786 1070 
modify 954 251 
modify 600 328 
modify 1865 582 
query 87 397 558 
query 1027 1913 1247 
query 257 1964 1534 
modify 81 599 
modify 375 112 
query 582 960 1190 
modify 1865 766 
modify 129 344 
query 516 1477 1796 
modify 50 967 
query 854 1436 1957 
modify 1213 630 
query 175 1044 711 
query 821 1176 325 
query 1341 1361 141 
query 767 1890 492 
modify 1207 780 
modify 929 748 
query 276 1177 1554 
modify 459 1000 
modify 621 786 
query 396 1688 1192 
modify 1967 919 
query 1249 1308 1734 
modify 306 70 
modify 814 477 
modify 966 821 
query 344 1468 364 
modify 324 41 
modify 1703 486 
query 522 1285 1089 
modify 967 17 
query 70 1343 1994 
query 109 921 1210 
modify 328 215 
query 592 856 1961 
modify 91 698 
query 1326 1784 1708 
modify 1898 228 
query 177 293 1378 
query 168 803 109 
modify 877 811 
query 1472 1710 1710 
query 479 1070 446 
modify 996 62 
query 279 729 832 
query 185 1436 1992 
modify 460 49 
modify 784 290 
query 573 1503 1779 
query 525 1058 22 
modify 1731 776 
query 202 1230 685 
modify 1160 545 
query 41 994 368 
query 323 1539 1709 
query 935 1863 1567 
query 1386 1932 224 
query 1022 1494 1981 
query 1229 1869 1332 
query 30 1855 349 
query 527 1760 222 
query 409 1017 393 
query 7 594 89 
query 701 1049 1693 
modify 361 509 
modify 454 129 
query 344 970 1615 
query 1372 1506 372 
modify 119 532 
modify 1814 889 
query 212 1414 212 
modify 1563 472 
query 29 1787 1770 
query 598 1445 1504 
modify 204 683 
modify 475 77 
modify 1849 859 
query 177 523 139 
query 94 701 928 
query 959 1215 153 
modify 855 275 
modify 814 359 
query 244 876 1976 
modify 1969 989 
query 659 1374 714 
modify 1757 741 
modify 162 485 
query 230 1733 1192 
modify 1169 866 
query 799 820 789 
query 35 887 1471 
modify 1932 669 
query 37 1122 1347 
query 260 1703 471 
query 320 1611 132 
modify 348 514 
query 1421 1993 996 
query 376 1208 63 
query 316 834 633 
modify 1014 373 
modify 1700 393 
query 56 200 1235 
query 87 1722 1913 
modify 1882 99 
query 198 1548 122 
modify 1513 838 
modify 1023 590 
query 306 1197 1204 
query 718 1718 81 
modify 440 39 
query 566 1860 877 
modify 931 536 
query 93 949 920 
modify 1554 941 
modify 634 446 
query 848 1606 1620 
modify 969 187 
query 104 1403 74 
modify 310 190 
modify 136 839 
query 518 1596 775 
query 139 1254 643 
query 36 598 1373 
query 1060 1455 1881 
modify 444 926 
modify 931 532 
modify 1511 770 
query 213 1206 772 
query 1292 1421 1774 
modify 534 29 
query 882 1233 667 
modify 835 772 
query 19 1774 345 
modify 532 171 
modify 1473 742 
modify 1201 19 
query 947 1043 271 
modify 1573 561 
modify 1611 212 
modify 258 789 
modify 1727 198 
query 49 1810 1357 
query 1436 1777 19 
query 186 919 1734 
query 678 883 81 
modify 1443 992 
modify 1344 469 
query 97 1477 807 
modify 1934 557 
modify 1565 508 
query 1480 1611 1600 
query 1477 1985 783 
modify 1539 861 
query 258 1082 922 
modify 110 181 
modify 1079 912 
modify 1728 308 
modify 1060 354 
modify 1284 969 
query 993 1101 1244 
query 197 1514 1626 
query 383 1267 778 
query 90 1528 1244 
modify 1299 10 
query 645 1537 1869 
modify 1687 681 
modify 46 666 
modify 1498 728 
query 595 1517 1096 
query 245 933 1535 
query 1324 1987 1000 
modify 97 798 
modify 1551 16 
query 9 809 414 
modify 1958 120 
modify 232 533 
modify 397 981 
query 480 1795 1950 
query 617 1478 1774 
modify 299 313 
query 191 1155 52 
query 1434 1584 1149 
query 232 1122 1507 
query 1715 1770 77 
query 1326 1874 1506 
modify 1774 53 
query 405 631 1486 
modify 1253 105 
modify 1244 588 
modify 1479 966 
query 350 726 1836 
query 1175 1189 1931 
query 1343 1564 1152 
modify 277 297 
modify 872 360 
modify 1119 369 
modify 964 262 
query 52 710 190 
modify 1918 599 
query 1377 1474 753 
modify 1328 7 
modify 187 486 
modify 1241 659 
modify 524 702 
modify 1826 996 
query 225 1653 574 
query 265 338 539 
query 1209 1230 1305 
modify 139 831 
query 255 1586 1784 
query 230 1085 723 
modify 1 599 
query 430 967 1493 
modify 686 806 
modify 583 931 
modify 1228 129 
modify 1722 54 
modify 535 492 
modify 1889 747 
query 165 1026 614 
query 776 1961 1443 
query 541 875 1502 
query 490 1521 1939 
modify 398 270 
query 1215 1529 1776 
query 290 624 1865 
modify 1544 738 
modify 1316 740 
modify 332 518 
query 709 1231 453 
query 611 1008 313 
modify 10 906 
query 689 1562 184 
modify 477 322 
query 1171 1623 1783 
query 278 749 1225 
query 617 1399 1636 
modify 678 290 
query 1471 1774 962 
query 188 1010 269 
query 1886 1938 353 
modify 1021 859 
modify 1336 959 
modify 1668 905 
query 981 1324 1745 
query 1247 1954 1427 
modify 1152 489 
modify 106 588 
query 487 528 496 
modify 1303 462 
modify 95 836 
modify 46 567 
query 727 1409 1375 
modify 1982 984 
query 452 876 422 
modify 935 273 
query 930 1815 1511 
modify 1823 896 
query 40 1579 200 
modify 708 425 
query 465 1401 1212 
query 87 1836 129 
query 699 1574 875 
modify 1206 182 
modify 725 669 
modify 804 190 
modify 1776 807 
query 822 826 339 
modify 1933 773 
modify 974 131 
query 1240 1754 1562 
modify 574 79 
query 1237 1529 613 
modify 449 390 
query 408 1389 1537 
modify 944 374 
modify 806 744 
query 893 1335 1756 
query 772 934 505 
query 1171 1997 1738 
modify 1246 25 
query 479 1156 1140 
modify 574 463 
modify 1632 649 
query 48 1209 1428 
query 527 737 233 
query 658 1024 540 
modify 1623 280 
query 479 1562 1587 
modify 1834 118 
modify 1103 75 
query 350 1810 52 
modify 1388 976 
query 713 1375 183 
query 74 1113 760 
query 1031 1448 1825 
query 238 1962 145 
modify 346 102 
modify 1170 399 
modify 955 343 
query 690 1731 567 
modify 1970 700 
modify 656 378 
query 916 1381 497 
modify 54 239 
modify 229 536 
modify 1649 231 
modify 1070 809 
query 260 1490 1235 
query 1059 1451 1821 
modify 945 232 
modify 863 486 
modify 960 498 
query 599 863 462 
modify 284 258 
query 760 1185 716 
modify 1132 716 
modify 226 213 
modify 676 199 
query 1152 1307 863 
query 6 832 125 
query 1554 1867 1311 
query 12 330 1300 
modify 122 547 
modify 1087 416 
modify 541 639 
query 1007 1076 890 
query 494 1435 1124 
query 1717 1750 612 
modify 425 617 
query 81 208 1410 
modify 751 494 
query 98 822 917 
query 303 1411 864 
modify 918 214 
query 1274 1685 682 
query 212 340 1736 
modify 87 867 
query 989 1550 1483 
query 620 997 988 
modify 1210 736 
modify 1117 958 
query 624 946 1838 
modify 1159 706 
modify 1010 223 
query 854 1315 601 
modify 676 147 
query 952 1984 1029 
modify 663 838 
modify 1319 365 
modify 1836 685 
modify 162 792 
modify 1358 967 
query 117 1954 1302 
query 1311 1982 1473 
query 149 1851 1638 
modify 1316 846 
query 1117 1817 206 
modify 949 668 
query 1119 1182 1261 
query 238 568 286 
query 1269 1947 165 
modify 583 170 
query 689 842 181 
query 301 403 240 
modify 189 665 
query 298 419 1357 
query 1019 1623 1674 
query 52 1393 872 
query 169 1024 730 
modify 571 50 
modify 136 350 
modify 1350 827 
modify 1581 729 
query 292 1556 589 
query 9 1369 1006 
modify 1593 431 
query 5 1604 999 
query 628 1651 775 
modify 296 466 
query 832 1372 694 
modify 62 992 
modify 832 714 
query 69 1035 1120 
query 164 1398 1371 
query 385 512 502 
query 83 1567 981 
modify 997 42 
modify 305 207 
modify 784 252 
query 367 1484 1952 
query 1126 1731 450 
query 607 989 197 
query 574 1987 265 
modify 1218 377 
modify 645 185 
query 97 896 720 
modify 1781 92 
modify 609 381 
modify 1449 395 
modify 965 147 
query 1452 1898 1524 
modify 833 48 
query 668 1823 1896 
query 1192 1819 1304 
modify 1994 559 
query 346 1629 1351 
query 1118 1813 1288 
query 1276 1847 17 
modify 985 260 
modify 493 989 
modify 171 894 
modify 86 556 
modify 968 250 
query 536 1936 1908 
query 1686 1988 1051 
query 1187 1679 1986 
modify 383 930 
modify 4 396 
modify 1710 533 
modify 438 76 
query 236 1107 1911 
query 435 1024 713 
query 81 247 199 
query 715 1486 1620 
query 1105 1941 1894 
query 201 388 1123 
query 133 1802 667 
query 193 1166 1606 
query 530 1648 880 
query 447 1181 785 
modify 1493 474 
modify 1856 379 
modify 616 29 
modify 761 326 
query 469 1387 1477 
query 738 1236 317 
query 319 948 1322 
modify 1260 584 
query 454 1627 624 
modify 1372 818 
modify 1986 108 
modify 1578 9 
query 242 635 1876 
modify 622 681 
modify 1505 241 
query 114 1019 1604 
modify 322 515 
modify 329 380 
query 29 307 1581 
query 707 1400 990 
query 788 1147 65 
modify 1610 288 
modify 558 909 
query 528 1650 1914 
modify 1196 386 
query 672 1532 313 
query 188 1256 650 
modify 1206 182 
query 620 1768 111 
query 64 1807 1899 
query 522 1844 1510 
modify 412 441 
query 678 1679 1963 
query 655 1722 1624 
modify 952 417 
query 1270 1894 1739 
query 1394 1816 1697 
modify 547 959 
modify 1531 950 
modify 216 286 
query 1463 1819 8 
query 664 1990 394 
modify 795 578 
query 1319 1324 666 
query 833 1834 1906 
modify 72 354 
modify 424 353 
modify 1882 430 
modify 441 136 
query 94 1838 824 
modify 679 829 
query 1172 1878 608 
modify 813 653 
query 1255 1329 1041 
modify 703 632 
query 429 1254 1879 
query 142 928 1275 
modify 1535 203 
modify 550 916 
modify 53 996 
query 1045 1935 1283 
query 126 997 496 
modify 1390 887 
modify 1738 811 
query 670 1676 964 
modify 878 843 
query 647 1273 1229 
modify 848 905 
modify 1724 23 
query 1289 1635 580 
modify 1028 303 
query 1569 1891 28 
modify 392 257 
modify 208 305 
modify 627 348 
modify 40 677 
modify 1679 187 
query 83 979 1211 
modify 1863 187 
modify 804 239 
modify 760 527 
query 856 1050 480 
query 401 523 90 
modify 1812 618 
query 440 837 435 
query 567 1005 1046 
query 20 1053 1379 
modify 1805 382 
modify 1302 39 
query 1046 1577 1756 
query 1171 1227 1892 
query 367 1504 1584 
query 1054 1470 419 
query 708 792 1699 
modify 1614 477 
modify 262 256 
query 303 813 491 
modify 598 35 
query 1031 1662 1444 
modify 247 533 
query 300 1917 1472 
query 681 1961 1572 
modify 393 39 
modify 1458 648 
modify 1179 806 
query 1553 1712 1611 
query 22 270 1656 
query 856 1504 584 
query 1135 1733 1585 
modify 1748 210 
modify 1765 720 
query 419 1183 911 
query 752 1333 181 
query 850 1281 193 
modify 638 610 
query 802 1217 1502 
query 551 1297 501 
modify 1217 82 
modify 1142 615 
modify 1458 485 
query 1041 1826 1701 
query 987 1997 1067 
modify 1827 265 
query 509 1954 1559 
modify 582 416 
query 383 541 661 
modify 1286 74 
query 609 1252 1924 
query 77 1895 697 
modify 918 915 
query 881 936 371 
modify 303 785 
query 1149 1302 1634 
query 927 1190 1082 
query 194 1838 1094 
query 1163 1849 350 
query 1062 1367 118 
query 592 1282 1558 
query 527 808 1850 
modify 244 765 
query 892 1641 1939 
query 193 918 225 
modify 1530 876 
query 547 1706 1537 
query 1066 1838 1338 
modify 1983 458 
query 450 843 163 
query 156 285 1628 
query 166 903 1352 
modify 1770 914 
modify 1005 323 
query 804 1622 1917 
query 434 1973 993 
query 1090 1125 1192 
query 689 1648 1153 
modify 102 417 
modify 354 796 
query 474 847 1555 
query 1212 1787 1958 
query 529 1252 34 
query 626 1934 1454 
query 529 1492 486 
query 1185 1242 297 
modify 1075 640 
modify 1070 680 
modify 684 793 
modify 654 347 
modify 436 513 
modify 774 517 
query 1141 1813 765 
modify 476 310 
modify 216 889 
modify 804 394 
modify 16 461 
modify 5 641 
modify 1955 235 
modify 1732 334 
query 1343 1888 363 
modify 1023 925 
query 822 1163 211 
query 811 1597 81 
modify 31 870 
query 1004 1020 1184 
query 4 1795 1860 
query 152 320 1769 
query 1775 1868 173 
modify 520 877 
modify 387 427 
query 462 895 1058 
modify 1054 771 
query 761 1121 374 
modify 278 534 
query 585 866 1951 
query 1596 1949 885 
modify 1167 935 
modify 1629 515 
modify 1175 240 
query 289 393 789 
query 1495 1742 198 
modify 1663 277 
query 1228 1746 703 
query 495 572 355 
query 283 1265 1401 
query 1333 1651 3 
query 480 1524 1636 
modify 303 394 
modify 67 776 
modify 1503 140 
query 1374 1536 1987 
modify 1021 694 
modify 744 975 
query 1340 1354 549 
query 347 959 1615 
modify 1158 529 
modify 949 122 
modify 669 868 
modify 1356 721 
query 466 1040 1147 
modify 18 315 
query 1221 1704 1356 
modify 656 196 
modify 1674 137 
query 1127 1885 748 
query 855 1612 769 
query 754 1983 464 
modify 632 745 
query 1093 1991 318 
modify 812 937 
query 1154 1915 212 
modify 1908 545 
query 1122 1225 699 
query 70 344 335 
modify 1684 586 
query 119 606 1045 
modify 859 381 
modify 1048 616 
modify 231 167 
modify 1948 224 
query 485 1948 800 
query 679 723 1364 
query 292 668 104 
modify 1545 814 
modify 813 231 
modify 744 56 
modify 938 75 
query 362 1179 1840 
query 63 1620 378 
query 387 1337 786 
query 1352 1743 38 
query 1485 1716 1876 
query 955 1975 1384 
modify 709 600 
modify 940 570 
query 1620 1915 1943 
query 169 434 149 
query 715 1666 375 
query 1473 1966 1317 
modify 371 575 
modify 159 706 
query 121 398 1965 
modify 1078 466 
modify 1952 679 
query 871 1663 1741 
query 428 818 690 
modify 80 175 
modify 1994 944 
modify 895 170 
modify 911 739 
query 51 840 1325 
query 970 1356 306 
modify 1288 385 
modify 381 920 
modify 1803 626 
query 80 965 762 
modify 133 880 
query 342 454 1134 
query 1321 1729 1093 
modify 586 349 
query 237 292 694 
query 1335 1345 406 
query 34 434 1723 
modify 546 283 
modify 1734 293 
modify 154 470 
modify 1225 737 
modify 757 544 
query 302 1577 1988 
query 742 1511 1079 
query 88 323 827 
modify 1383 803 
query 638 1837 940 
modify 63 438 
query 888 1842 930 
query 728 1149 1028 
query 464 1815 1595 
query 704 1783 1565 
query 626 1378 1909 
modify 992 126 
modify 147 290 
query 755 1101 1579 
query 12 1093 955 
query 1583 1722 1281 
modify 1766 550 
query 484 593 1789 
query 517 1270 785 
modify 137 937 
query 1034 1671 48 
modify 825 153 
query 1664 1982 1942 
query 1162 1164 1538 
modify 774 524 
modify 1271 671 
modify 167 115 
query 592 683 597 
modify 636 454 
query 447 1775 1433 
query 461 1762 1316 
query 877 1687 676 
modify 353 40 
query 1232 1490 218 
query 4 1686 500 
query 497 1337 156 
query 407 1471 1343 
query 1245 1568 621 
modify 482 929 
query 300 309 1136 
modify 1636 568 
query 23 1215 1870 
modify 13 43 
query 90 643 1268 
modify 595 805 
query 713 1842 145 
query 913 1930 874 
modify 666 855 
modify 735 937 
query 611 1346 663 
query 1120 1857 815 
modify 1582 542 
query 1439 1484 3 
query 276 1316 794 
modify 490 456 
query 771 890 1997 
modify 1228 327 
modify 539 859 
query 514 1002 354 
query 1273 1432 1529 
query 807 1420 560 
modify 1994 452 
modify 298 168 
modify 141 402 
query 56 1717 490 
query 170 592 1877 
modify 1986 858 
query 570 1353 1451 
modify 1416 901 
query 157 1324 1005 
modify 1290 454 
modify 90 285 
query 89 552 709 
modify 733 751 
query 29 1736 1041 
modify 662 935 
query 1770 1777 1758 
modify 1449 290 
query 44 652 471 
query 728 1607 205 
modify 1773 555 
query 839 856 1074 
modify 614 629 
modify 1391 855 
modify 341 74 
query 305 899 1699 
query 1299 1477 479 
query 852 1973 789 
query 28 1977 640 
modify 506 844 
modify 864 114 
modify 645 650 
modify 163 411 
query 1495 1647 392 
query 225 1770 557 
query 2 977 13 
query 215 1328 845 
query 1187 1306 363 
query 73 819 323 
query 59 1025 1869 
query 466 1246 1145 
query 391 794 238 
query 344 1064 1023 
query 479 693 1520 
query 276 443 311 
modify 7 314 
modify 1855 549 
query 435 1208 1371 
query 59 282 315 
query 1563 1964 1177 
query 792 1447 214 
query 114 945 1169 
modify 756 736 
modify 585 35 
query 1017 1786 792 
query 723 736 754 
modify 1566 982 
modify 23 991 
query 1165 1885 1055 
modify 1968 997 
query 253 1374 53 
modify 1504 73 
query 171 1147 1348 
modify 1039 336 
modify 1329 78 
query 473 703 546 
query 165 1312 951 
query 709 1788 1744 
modify 1155 821 
query 41 733 1064 
modify 810 224 
modify 1840 254 
modify 1726 540 
modify 589 739 
query 516 1011 1812 
modify 1817 120 
query 1365 1831 1196 
query 724 1933 490 
query 484 1442 1950 
query 1092 1871 564 
query 723 1609 1275 
modify 389 209 
modify 1474 52 
query 443 483 750 
query 28 461 746 
query 910 1865 611 
modify 1965 249 
query 1091 1755 1833 
modify 1824 368 
query 1641 1879 139 
query 233 1229 605 
query 1298 1950 456 
query 203 1158 1169 
query 1701 1789 1365 
query 85 303 1141 
query 1257 1671 752 
query 1150 1801 1735 
modify 929 314 
query 488 1245 916 
query 872 1767 615 
query 894 1729 1516 
modify 412 569 
modify 1980 215 
modify 464 714 
query 55 382 862 
query 486 763 193 
modify 925 494 
query 414 1297 913 
query 319 582 352 
modify 1822 119 
query 320 607 1725 
query 648 677 1442 
modify 167 62 
query 637 757 1045 
query 400 1350 12 
query 8 1611 1351 
modify 455 450 
query 176 1557 1976 
query 100 579 681 
modify 400 322 
query 381 390 805 
modify 154 927 
query 876 1894 1701 
modify 634 286 
modify 498 640 
query 21 514 395 
modify 1327 126 
query 626 1791 1803 
modify 1233 144 
query 298 1477 252 
modify 1068 213 
query 604 1024 269 
modify 350 463 
modify 1232 435 
modify 481 899 
query 217 1293 1192 
modify 672 466 
query 15 344 977 
query 2 68 443 
query 59 483 1024 
modify 1968 566 
query 633 860 529 
query 31 1014 5 
query 164 1086 431 
modify 1000 814 
query 513 1743 328 
modify 1957 13 
modify 1411 829 
query 696 1707 1772 
query 131 1621 1998 
modify 180 162 
modify 1280 100 
modify 1146 64 
modify 1393 884 
modify 754 207 
query 765 1048 1310 
query 124 843 926 
modify 1738 761 
query 136 1870 1736 
query 673 1528 1145 
modify 983 521 
query 210 250 1143 
modify 389 145 
modify 1526 183 
query 1000 1624 543 
modify 816 167 
modify 605 624 
query 1503 1885 783 
query 473 753 1276 
query 540 899 1589 
query 174 1736 1562 
query 472 1038 281 
modify 1451 868 
query 1450 1471 54 
query 1093 1225 1067 
query 1603 1889 242 
query 1105 1523 663 
query 185 1850 1655 
modify 1076 931 
query 124 228 482 
modify 1219 703 
modify 1897 156 
query 150 1024 1328 
modify 1409 530 
modify 959 689 
query 38 1478 255 
modify 116 538 
query 126 466 821 
query 166 941 1667 
modify 829 238 
query 783 940 1279 
modify 1935 252 
modify 441 182 
modify 271 21 
modify 1043 66 
modify 1756 346 
query 1422 1615 1731 
modify 1848 344 
query 212 1390 609 
modify 487 288 
query 211 1053 2 
query 5 474 1613 
query 380 1388 647 
modify 892 327 
modify 93 607 
query 553 1326 1908 
query 150 380 157 
query 289 412 1512 
modify 1780 663 
query 760 1148 1284 
query 1530 1579 50 
query 558 652 1844 
modify 1290 660 
modify 1721 897 
query 380 1531 1291 
query 935 1138 1916 
modify 1588 238 
query 803 1190 527 
query 855 1323 248 
query 1181 1313 1767 
query 993 1031 975 
modify 836 734 
query 52 217 1421 
modify 1254 841 
query 303 1249 1642 
modify 1683 744 
query 979 1491 1926 
modify 283 339 
query 631 1166 1899 
query 818 1538 492 
modify 1926 49 
modify 267 771 
query 387 977 1736 
query 396 1525 215 
modify 1215 834 
query 1338 1961 1311 
modify 719 697 
query 1036 1973 1652 
modify 683 779 
query 788 1179 1878 
modify 53 391 
modify 1393 329 
query 1170 1368 1377 
query 461 787 13 
query 1131 1355 1688 
modify 198 216 
query 441 967 200 
modify 1541 884 
modify 716 499 
query 1960 1999 332 
query 207 1383 1923 
modify 737 992 
modify 99 220 
modify 1173 511 
modify 721 523 
query 276 535 1764 
query 213 1266 1675 
query 659 1584 594 
modify 1674 39 
modify 1345 414 
query 771 1830 1238 
query 132 751 1880 
query 73 580 1164 
query 707 1960 220 
query 529 1020 1415 
query 592 600 962 
query 149 1773 589 
query 1677 1972 151 
query 245 760 1829 
modify 1923 455 
query 735 934 43 
query 1723 1788 1303 
query 1490 1641 240 
query 653 1713 1283 
query 1691 1712 741 
query 450 1903 1712 
query 1489 1959 1262 
modify 196 182 
query 1064 1121 1632 
modify 250 126 
query 612 1045 1572 
query 119 870 683 
query 657 693 1011 
modify 1149 311 
query 1425 1529 1558 
modify 577 999 
query 64 381 642 
query 96 1254 280 
modify 745 320 
query 516 1542 1383 
modify 12 529 
query 470 1291 1603 
modify 703 297 
query 808 1900 1464 
modify 1042 622 
modify 184 43 
modify 1914 460 
query 1149 1273 1096 
modify 1444 724 
query 966 1460 200 
query 472 1996 685 
query 1619 1790 1395 
query 1256 1956 1617 
query 1181 1327 1618 
modify 1496 349 
query 684 1482 727 
modify 40 337 
modify 901 83 
query 158 723 1788 
modify 1991 585 
modify 1377 328 
modify 933 973 
modify 1201 378 
modify 335 388 
modify 635 139 
query 85 300 430 
modify 1824 635 
modify 554 78 
modify 1475 85 
query 795 1965 714 
modify 1080 178 
modify 320 143 
modify 1834 498 
query 230 1459 367 
modify 1156 257 
query 312 1793 1259 
modify 502 203 
query 263 290 1212 
modify 1228 125 
query 145 1300 1635 
modify 1806 454 
query 729 971 1152 
modify 352 147 
query 966 1568 694 
modify 614 945 
modify 1637 930 
modify 272 279 
query 574 1216 1457 
modify 942 904 
query 867 1044 1294 
query 301 1025 1215 
query 1206 1754 85 
modify 28 311 
modify 973 543 
modify 821 622 
query 540 1182 1518 
modify 708 884 
query 56 327 1767 
query 720 1710 461 
modify 1214 145 
query 112 1156 1540 
modify 1881 715 
modify 1384 811 
query 725 1819 1966 
query 40 957 656 
modify 577 406 
modify 219 538 
query 1446 1446 926 
query 624 1778 1003 
query 1197 1472 168 
modify 56 962 
query 727 1834 969 
modify 939 34 
query 932 1529 1473 
modify 1802 150 
modify 317 730 
query 982 1031 725 
query 772 1635 1271 
query 959 1730 175 
modify 120 993 
modify 934 629 
query 547 667 1038 
modify 1428 945 
modify 1141 34 
modify 1818 811 
modify 1971 10 
modify 1772 228 
query 1014 1376 1539 
modify 1506 874 
modify 308 918 
query 972 1350 956 
modify 30 951 
modify 1182 192 
query 1443 1973 470 
query 184 727 1489 
modify 957 232 
modify 596 736 
modify 1942 246 
modify 1762 276 
query 363 713 212 
modify 723 811 
query 898 1617 576 
modify 441 960 
query 134 960 182 
modify 307 789 
modify 1366 371 
modify 1401 870 
query 24 1535 946 
modify 346 974 
modify 1562 197 
modify 1529 380 
modify 1493 872 
query 609 1774 970 
modify 208 336 
query 345 374 1256 
modify 1433 120 
query 730 1612 1391 
modify 348 684 
query 332 1445 8 
query 736 1277 352 
modify 662 285 
modify 1146 192 
modify 1445 600 
modify 643 925 
modify 1341 896 
query 158 792 315 
modify 560 457 
query 1561 1723 1178 
modify 831 812 
modify 1958 304 
modify 513 670 
query 1502 1886 395 
query 6 1718 1072 
query 195 735 1023 
modify 845 287 
query 460 1156 116 
query 35 1013 234 
query 1314 1993 1870 
modify 93 180 
modify 761 48 
query 138 182 514 
query 215 1678 1098 
modify 1046 855 
modify 1392 645 
modify 1570 244 
modify 171 662 
query 1117 1781 73 
query 1535 1969 1413 
query 536 911 303 
modify 1464 85 
query 511 1054 1306 
modify 154 389 
modify 609 665 
query 58 491 529 
query 709 770 810 
modify 1356 884 
query 525 1551 897 
modify 1482 614 
query 1 1178 1339 
query 169 1916 16 
modify 1953 679 
modify 328 589 
modify 1030 255 
modify 625 241 
modify 383 352 
query 82 982 961 
modify 1856 111 
query 493 1534 559 
query 1069 1453 5 
query 578 1733 1640 
modify 289 100 
query 1770 1913 1031 
query 425 1744 759 
query 678 1082 1397 
modify 1683 662 
modify 908 189 
modify 30 478 
query 777 902 957 
modify 117 479 
query 1442 1648 1568 
query 1116 1746 1740 
query 1571 1579 229 
query 804 1920 97 
modify 86 240 
query 57 1050 1672 
modify 98 668 
query 328 1466 1935 
modify 1050 135 
query 367 1630 257 
modify 1454 280 
query 1688 1878 1338 
query 477 1942 1150 
query 397 1444 584 
modify 344 245 
modify 1615 716 
query 253 1591 1704 
query 1220 1376 31 
query 1133 1798 308 
modify 1290 660 
modify 366 329 
query 1811 1849 1989 
query 191 713 1119 
query 725 1753 1059 
query 23 758 1304 
modify 3 736 
query 421 1309 1362 
modify 1855 240 
query 1208 1623 1595 
query 543 1160 576 
modify 238 437 
query 555 1073 628 
query 552 1580 485 
query 10 1606 170 
query 354 1152 1719 
query 137 946 1070 
query 1945 1996 566 
modify 1575 769 
query 585 1476 782 
modify 747 580 
query 1332 1859 33 
query 10 519 1244 
modify 808 593 
modify 543 667 
query 88 1930 610 
modify 1718 880 
modify 545 295 
query 976 1005 488 
query 1225 1657 435 
query 854 1977 815 
query 197 655 580 
modify 852 203 
modify 612 745 
modify 1529 248 
query 413 770 611 
modify 1467 756 
modify 469 407 
modify 404 581 
query 235 916 528 
modify 1808 423 
query 282 1701 1768 
modify 85 285 
query 436 1051 753 
query 1446 1953 138 
query 314 972 1504 
modify 662 12 
query 854 1482 949 
query 1756 1807 1756 
modify 1240 416 
modify 1798 792 
modify 1990 607 
modify 669 774 
modify 1331 521 
query 15 1291 178 
query 1047 1724 1025 
query 1409 1969 1335 
modify 1396 903 
modify 1998 600 
modify 854 947 
query 474 1579 520 
modify 342 524 
query 1147 1290 773 
query 186 1993 1418 
query 196 1105 436 
modify 1765 507 
modify 1678 169 
modify 1841 166 
query 75 511 746 
modify 835 642 
modify 503 497 
query 1546 1582 458 
modify 854 203 
modify 1577 28 
modify 382 556 
modify 1381 677 
query 145 357 206 
query 1216 1869 1436 
query 711 1282 397 
query 1439 1581 848 
query 95 1448 1680 
modify 237 271 
query 1024 1111 1565 
query 33 1001 823 
modify 902 810 
modify 1766 826 
query 428 1117 1886 
modify 410 270 
query 372 734 1775 
query 499 1156 228 
modify 1716 499 
modify 34 639 
query 1434 1791 553 
query 595 1720 668 
modify 1332 208 
modify 1543 902 
modify 1986 35 
modify 1058 558 
query 522 904 1807 
modify 1400 919 
query 1006 1451 319 
modify 301 955 
modify 1302 164 
query 311 1904 877 
query 407 920 120 
modify 1497 56 
query 625 1170 1484 
modify 1219 579 
query 1852 1880 825 
query 1402 1953 1961 
query 514 1026 25 
query 720 1100 1761 
modify 935 25 
query 228 1337 1312 
query 1564 1724 279 
modify 495 846 
query 159 1380 393 
query 822 1832 989 
modify 1440 446 
modify 1740 692 
modify 108 960 
query 386 2000 1834 
query 170 1511 718 
query 542 552 1769 
query 302 1378 1212 
modify 807 131 
query 1509 1660 1903 
modify 637 332 
modify 1895 318 
query 471 997 848 
query 1194 1550 124 
modify 1674 913 
modify 782 587 
modify 835 35 
modify 712 637 
modify 1760 5 
modify 1936 214 
query 1397 1623 414 
query 1627 1776 277 
query 921 1597 680 
modify 1716 770 
modify 1453 82 
modify 1622 613 
query 473 1804 67 
query 537 772 491 
modify 806 807 
modify 661 168 
query 268 1627 291 
modify 713 283 
modify 1776 182 
query 101 1006 329 
query 18 170 1735 
query 770 921 1398 
query 1085 1763 1140 
query 665 805 1528 
query 294 1779 432 
modify 73 375 
modify 1656 196 
query 535 1514 112 
query 762 948 1014 
modify 1436 985 
query 1439 1919 1480 
query 395 579 1053 
modify 856 509 
query 220 505 163 
query 1117 1215 982 
modify 393 791 
modify 433 819 
modify 1418 170 
modify 1310 593 
modify 171 696 
query 203 1770 1691 
modify 512 210 
modify 746 254 
modify 514 506 
modify 1997 335 
modify 386 555 
query 595 1373 1769 
query 1094 1619 424 
modify 160 67 
modify 1704 507 
query 1748 1973 995 
modify 632 684 
query 1191 1918 1493 
modify 283 455 
modify 339 198 
modify 238 4 
query 622 1025 152 
query 390 1858 1083 
query 730 850 937 
modify 518 15 
query 602 1507 37 
query 1252 1897 1819 
modify 696 758 
modify 1020 809 
query 313 633 1798 
modify 1249 152 
modify 1867 377 
modify 1626 130 
query 407 1699 729 
modify 447 725 
modify 506 123 
query 1046 1708 1877 
query 368 835 188 
query 61 1738 1707 
query 128 164 387 
query 13 962 326 
modify 1044 399 
modify 83 862 
query 936 1084 287 
query 404 937 1886 
query 976 1267 703 
query 11 1881 517 
modify 1624 984 
modify 911 841 
modify 112 841 
query 413 996 549 
query 1101 1225 958 
modify 457 838 
modify 652 324 
query 352 1181 548 
query 591 1150 1885 
modify 243 666 
modify 166 425 
query 1830 1989 1650 
modify 287 856 
query 1024 1252 1022 
modify 852 107 
query 1694 1823 1565 
query 717 1446 1407 
query 487 960 1339 
modify 75 170 
query 761 1353 512 
query 802 1865 1001 
query 212 1850 1188 
query 886 1376 5 
modify 895 545 
modify 865 236 
modify 1196 780 
modify 1903 682 
query 1021 1815 1643 
modify 1911 230 
modify 1236 510 
query 498 1150 1812 
query 914 1108 361 
query 751 1221 1827 
query 1261 1777 1916 
query 59 681 381 
modify 1661 74 
query 205 1441 1927 
modify 840 638 
query 663 1880 264 
query 1121 1468 426 
query 113 1762 1731 
modify 164 358 
modify 221 385 
query 409 1066 1416 
query 741 1821 1451 
modify 185 705 
modify 1659 83 
query 564 1643 738 
modify 1315 395 
query 560 1715 23 
query 225 418 529 
query 102 1783 1799 
query 957 1584 485 
modify 1319 315 
modify 1703 532 
query 570 1333 1580 
modify 1675 238 
query 428 1672 1237 
query 541 1011 937 
modify 1392 22 
modify 1899 894 
modify 1956 960 
query 142 1848 1214 
modify 1027 177 
query 218 298 787 
modify 1106 293 
query 349 478 1551 
query 287 796 1197 
modify 692 544 
modify 1389 134 
modify 1223 556 
modify 746 784 
query 517 732 1852 
modify 1016 190 
modify 692 308 
query 650 1999 1621 
modify 558 437 
modify 1393 564 
modify 1000 110 
query 715 1268 1247 
modify 856 600 
modify 626 949 
modify 302 385 
query 568 1270 1760 
modify 827 345 
modify 1054 221 
modify 1824 415 
modify 708 468 
query 290 361 524 
query 481 513 859 
query 99 1742 1219 
modify 143 717 
modify 631 973 
query 912 1477 1023 
modify 238 499 
modify 1533 507 
modify 1491 265 
modify 1810 691 
query 541 805 1185 
modify 516 610 
modify 277 186 
query 66 463 1151 
query 362 386 235 
query 598 1363 662 
modify 968 967 
modify 1987 31 
modify 1961 535 
query 612 1682 673 
query 433 1084 266 
query 592 864 202 
modify 1289 361 
query 602 1061 507 
query 1179 1229 1440 
modify 252 107 
query 1792 1863 883 
query 182 940 1595 
query 255 1748 1823 
modify 1378 276 
query 957 1056 1937 
query 605 670 1218 
query 557 674 933 
modify 887 633 
modify 1919 343 
query 354 988 1435 
query 62 932 177 
modify 1658 245 
query 821 1687 29 
modify 705 423 
query 338 1859 1487 
query 136 1839 3 
modify 1017 144 
modify 287 539 
modify 625 304 
query 738 1297 1825 
modify 1506 727 
modify 1199 929 
modify 276 755 
modify 551 258 
query 870 1242 455 
query 1735 1951 909 
modify 673 523 
modify 1686 607 
modify 968 680 
query 61 683 1076 
modify 136 583 
query 1089 1948 501 
query 394 1473 553 
modify 1198 660 
query 387 1851 1969 
query 668 1546 978 
modify 883 850 
modify 1009 559 
query 1338 1754 1423 
modify 955 83 
query 240 1412 1377 
query 245 1044 499 
query 800 1902 531 
query 441 1233 298 
query 645 794 1009 
modify 1815 656 
modify 1270 731 
query 319 1854 1400 
query 972 1149 1167 
modify 556 464 
query 56 1043 871 
modify 1192 944 
query 600 1012 1082 
query 324 883 1648 
modify 1982 337 
modify 1789 1 
modify 1204 982 
modify 504 361 
modify 952 666 
modify 611 677 
modify 1259 410 
modify 158 419 
modify 1684 137 
modify 1473 303 
query 248 1782 1246 
modify 99 346 
modify 1408 343 
modify 1826 36 
query 1303 1998 1017 
query 686 1136 837 
query 361 509 1255 
modify 29 268 
modify 1342 955 
query 331 737 681 
query 560 1432 1237 
query 1493 1962 1311 
modify 65 280 
modify 1284 330 
modify 249 882 
query 187 1664 1222 
modify 304 764 
modify 762 95 
modify 1270 60 
query 262 561 1948 
modify 1856 988 
query 1925 1934 334 
query 267 1149 142 
modify 665 464 
modify 1611 664 
query 882 1246 524 
modify 1674 325 
query 487 526 187 
modify 961 630 
query 84 84 1758 
modify 204 120 
modify 1382 175 
query 649 1690 374 
modify 582 419 
query 500 1688 1921 
query 356 560 1386 
modify 145 273 
query 820 914 569 
query 1436 1817 1708 
query 385 954 886 
modify 1125 81 
query 375 949 1333 
modify 1190 715 
modify 1125 116 
query 470 1894 1420 
modify 1469 921 
modify 1277 524 
query 513 878 293 
modify 849 235 
modify 473 664 
query 1221 1348 1973 
modify 790 301 
modify 1822 586 
modify 646 571 
query 663 1597 379 
query 995 1149 571 
query 86 654 1036 
modify 1183 91 
query 1524 1898 165 
query 834 1297 825 
modify 1747 213 
modify 860 789 