2000 2000
71854214 741627126
352990964 512620323
128571664 730649977
11045748 744663856
447162070 724715348
234388291 322364676
342469127 922500653
581894632 853194802
700882522 923957109
586273898 943142739
289488513 821341780
773238134 933103981
61342665 244316881
93817817 736532101
13351491 650903678
85899301 937722057
245047155 291406617
226135170 302858731
22056593 313904478
599288293 970799025
205187315 761066548
536083552 921652968
503547599 547656442
241794705 324129902
56946472 828068602
119788992 730804604
893027125 970073466
66906698 516424936
610242752 806886141
672753984 803438799
113662781 741854451
358709935 462992392
765851122 885777419
584845105 760350364
79755600 408160481
359638656 693338499
133807975 613347796
13520589 81938402
323733106 637355573
190166842 546818397
4318060 309955834
277623000 974391525
55499310 794047935
41298223 862385451
256807038 697253373
370469819 535139434
291624175 998131825
177401594 729179753
166541209 616499298
548771249 937751957
149906964 574701690
40565837 94626099
176564500 283714938
54086425 773586862
96769618 500297606
320405258 504615665
406725451 450544609
462224761 479007189
97108895 372821763
324610211 353915933
70075135 712265996
361699310 724385751
306081855 562914172
179413469 391617255
181885563 472623064
728184718 899841105
331792526 822810816
468023815 940406941
847009717 999375316
241610676 352189273
414532286 943779334
203021137 856804937
188328477 865076894
665245897 962185789
561150240 989856107
316101721 631225374
40487471 554638454
117552625 845441035
199085677 237058289
149482445 671708740
418943851 877667162
424066196 603252728
216989488 552994330
71276542 404885997
63999204 165403570
757075269 860294890
466396557 579935855
63316026 445012748
581078274 654725033
215875272 259714888
423450732 575816608
699616998 978089185
468820430 545058032
95641809 667906107
97640605 634632673
53576523 192131198
616197394 975307767
380818448 509345603
580622144 833186881
638220796 749702437
247812416 746025713
178477919 462513678
378346055 714208972
368934004 623490667
883205554 959424328
235391411 437325628
136942625 311538514
213480595 632875295
161638755 534517008
153297753 169149680
259279359 345428951
75242555 87103477
584588157 814142696
320438276 499845928
17726652 958659071
102064716 616268717
206471486 564578393
794746635 920680457
270753653 795440799
142130813 607381478
6475559 579456440
318014072 842772888
56253482 568915416
103432423 950889366
70408588 104187119
125098455 182204299
200341009 302132421
116275116 269307775
589746051 637445517
468637395 655172168
400921473 570702111
123957236 607392959
135280503 918703871
380589767 783237654
189457523 375236931
195933081 390619131
85908371 954693370
366463504 376125137
142161852 169869222
65086792 479557560
126572692 604656014
247291090 428705112
369115216 657513374
294958890 397496579
866133973 958861266
212299091 802647409
289352435 926604645
277149290 819692049
52798167 845308515
60386943 887282389
303522425 428035098
83215470 235244819
302195325 389430795
384108999 611369956
472064546 943443867
449195790 598637237
400616232 549003231
27342348 58129605
277355278 918118446
205604846 729496064
8252254 996005603
285358037 941795154
614003554 934856898
562507326 632681764
475410620 666801720
372480505 947353169
308212326 778933045
35114340 168363839
610407650 646484295
82472196 552472837
442444513 854184978
681109432 843060744
403188208 560968132
173823006 901190348
106795193 690839761
686845363 903319069
845114222 967563798
754937048 824719752
239743429 311634127
240135163 978435846
612615667 715154049
494087093 778305367
813419706 920827992
514967283 531235642
67440120 312420352
466224189 754864864
147333620 774141449
29846009 597925607
351632306 560818103
104174216 203669014
106988082 310943850
131023999 791019578
468255681 804618655
116252781 885961046
126096209 707999110
423153158 947204978
725510344 738711875
512056219 769756602
284723884 391446401
43291860 703866752
204680355 362032400
458731615 978821804
361882371 909173573
8667812 922700474
64853177 113322230
26874689 424266079
171841258 670410618
555290078 976459912
138666299 293767475
699181760 945229044
419863683 892434021
11091910 122334917
470460717 744607870
523148128 861907117
29331753 418956339
86528460 418290221
780988738 877021835
142871108 917866615
638711760 779050778
752033989 918087933
797478973 843903954
15745211 28816420
320405943 584106497
311588593 844721474
642466869 877873971
10770352 150254006
387417241 985621620
13862267 857877957
537010394 582745841
464593945 572301426
808483084 990591646
441988173 551122404
321505370 720129832
211357943 437375632
100556147 207979917
944460100 963391932
5458889 992208351
178381183 812721662
428831199 509959487
159221521 342486127
4942707 205772830
309475526 392359948
43910801 323337792
102754256 626656641
675055681 712864537
91250586 521347620
494889341 518163678
90809862 963335792
253227776 816394711
302167804 916950857
118076087 461207692
319182932 713927309
110284437 379165322
497564115 539115635
741641161 840050241
698337156 746583867
45823071 860329033
89733871 138943814
36183177 241698070
568906864 749047713
660157449 769270102
122911685 139950132
7563141 86247476
230759993 823957851
191991603 385444148
593425060 653199294
159868720 503520235
613804671 972382226
322462692 539034041
5436658 133191553
15029284 556290165
60852354 879775420
18719233 416619197
3102577 452802373
112933654 424525792
54366438 882203756
84683240 177278122
22153887 92246380
105430231 116041949
308033552 768720583
362145642 490874378
961232845 994394612
522014361 933615070
460715635 913564753
108594113 318668644
46756306 123623397
874958808 926531725
36992102 144094356
40094678 797767309
596896729 763217315
317136821 651263166
254336412 497937422
372607660 828541287
199099144 944583235
478037890 967819726
105133138 821428619
66365983 182481719
668339583 704496079
129055217 852497404
470577183 961091517
300240212 517333488
84714913 175199019
121707014 296381564
319293374 946665225
14318044 768706454
331454864 709882539
60336312 272485971
101027257 585791276
432943971 784890419
898126844 910981860
3259981 605226496
584926830 787708214
253266412 922142315
344720644 774639719
234837980 815297826
535078191 588247587
185147666 672962499
481529229 562793561
647185864 882086935
280710805 661503907
503309740 990593343
775795711 845475123
50929654 283782750
336389976 729339319
68673168 479982514
99888187 526416015
335758847 684815017
257901161 314124228
658844871 938081428
25435760 885057231
326659048 473304817
413030302 511806713
975823863 998783667
645969531 993335942
126563098 710427149
159989789 213736888
5464911 117156441
20602446 989532598
141764012 571388269
62953531 209508774
51370782 309396960
387129628 589369545
903493772 994211976
497547141 784809756
382604371 414854994
741514042 810245515
75792168 708425540
105837106 707209206
51616030 99173047
205695088 762043178
78252497 218201229
47925289 828296418
76182491 670345367
68527734 217946503
130552859 241733635
145620769 280900033
439949819 870269578
434161794 532750396
30297536 626279701
41134695 71487901
265418259 881733415
635165088 973843798
741002193 957525583
533569355 861657964
591780795 692691592
476217494 770944088
304513911 809982023
818869376 886164513
739913461 974859277
69109264 104111015
385011048 870466320
162932490 214730032
107796977 599996779
597094283 734076677
482810667 668582184
627727723 748228925
115409162 402831950
212873884 574589074
856411355 960674780
74531848 401619298
403265693 552455574
25079737 214953948
696465464 707779603
101118461 535155231
57745827 288895276
11877947 456780846
442756874 671510877
174810436 550553850
124024008 771904719
137146879 606834674
293003254 764874601
207579950 548351555
782169023 880283763
589211469 761225439
595360154 688273638
332080 990830766
91539330 868426854
215286027 651835284
316404487 564892317
39506866 853787592
374150314 496287712
669423539 865665539
20314940 40475974
72493741 144338947
209640619 664897044
751173620 810416649
958753569 974515219
358768204 854798981
593438943 972509994
41315449 296526801
139873918 513299983
41647528 457355664
8300771 256933554
109190947 425709439
1214164 573338041
132013383 800004706
350018227 997678921
370333167 469428244
541921984 890671246
367188465 408084642
118362085 751562602
71017642 578594173
429785845 929632005
285909505 375587300
254812190 582436306
416902748 768112172
458550275 722310223
225467835 730610994
187175133 715483828
8836784 141338220
40905649 140850166
390923875 941342925
138529086 263287521
761257041 881716684
128445506 657725856
142317677 261804810
99323942 213335318
840398982 881472298
126308486 495637515
109575949 750449704
378995048 708744791
283571366 518561876
596546062 837545322
14182359 405545502
23019142 783721195
399400073 824626843
16385660 193259350
7431097 68067069
456546870 829324110
114272725 889147780
810285967 883981808
228593886 762126260
68992867 97317126
445470992 496114909
47817705 458207210
195920695 756562495
566998922 837202257
40133860 527263931
163544984 906832570
799782530 932809432
184725856 782368064
476925724 798753723
377985205 544992792
806184819 834532074
226833253 547848951
37119219 801321151
29915036 284347110
234180587 651761830
393091 951424255
679651578 999241959
458600300 875572273
148318908 608320805
295087546 500971017
458632529 675582838
260319938 460908621
42688001 110931410
587857133 645634477
23619681 693958075
132849925 352659246
359683177 710668107
364505609 753024548
37371657 249318748
246936996 753596929
198361250 271552244
753990019 951203821
50119560 65106670
658440365 679292445
213425578 974379991
159411381 889008415
285528871 419731318
202433388 396460281
314935671 848067864
861410097 984317413
871687544 969683689
66585694 434872002
181883218 819610241
431201965 799377610
46314606 856981898
37315245 981050493
97192207 791305264
147311767 784770665
316579462 708928285
805752131 922353862
143475804 965163511
429004674 663878629
237411180 866312016
404863202 677981306
514815071 566896231
266273299 291100126
332858992 484498759
666381976 725972128
4985585 525349737
861967482 950100292
424180694 987415537
521372901 695534326
480304990 631237152
340165436 668684667
474436797 796884451
115035650 940360254
292116659 631430630
221881280 382044190
350258997 899862585
786907392 917155227
53180690 267194007
208255352 751692766
238556033 934227479
243541617 270591093
73207737 312093568
736274261 958025450
60623273 653559775
110163513 691860424
778848179 986381117
635781919 884542211
105801327 999577860
397917985 428658525
483524841 650539804
779962175 833783837
402918740 419385918
670112747 750939063
325082959 811710767
274321864 563638991
397429308 598454597
659696960 910548164
470637044 617722409
499338777 531260316
123798536 609502289
75637091 110179652
240866820 960179302
346668146 598477922
27136446 812273513
148314706 744586131
377064657 530192601
933111341 982098542
585553957 796450574
121533532 455740439
397264723 582578654
537688874 995719319
49902185 980007961
450645005 758783835
110638963 667624594
643939481 834421672
572657603 910058763
606635484 813524422
205113405 722754416
160192568 387544280
84766203 757295050
535858985 614958803
134359706 370473879
400586495 783326631
856326933 956027835
205808909 757376514
147581739 291421938
54044579 271429899
197483924 812828413
574591255 717624869
409012926 775983727
348641330 361564349
171588040 968199832
14682103 746858807
25829588 174874670
110595790 134403087
522778423 932169719
725554593 919045776
126141087 893252301
554888758 701796487
164781623 834984372
126406309 907605395
164879714 961649974
250352559 362363637
626994738 824943813
79988505 402978465
86473091 294069205
110577482 604136146
114785388 618818248
140614975 857436289
793692918 844355727
103727117 578378988
219650501 681798061
112902802 349941116
660455499 757346225
347956222 667215640
574821035 922127848
87007561 326878883
388987360 577231441
15982097 301887549
234392405 254691606
193681048 271476913
380977961 875613058
304258529 495763348
161694817 494431306
140640575 488894674
6050543 445138142
78217396 571535914
126936202 921477029
43636549 787391701
531339606 710852188
135347922 305983805
138189574 314743156
245507717 527176933
547395265 891974597
543159030 999182554
634304021 814635942
15281981 192863601
497122129 542765352
37196657 363561680
511333298 852456353
30353583 369900192
150110847 601889496
277047048 448117587
375882877 491754135
907222482 916955100
202606323 904819374
65722638 340795896
219562529 311230354
867972829 964053477
263648210 858625618
345445990 963236030
8615982 930800503
360727970 473565854
358254463 724289649
363278862 869587760
246148796 429262353
239487951 579373199
687605538 848038292
76437520 708936599
31876024 625891698
234482346 836176353
383227423 901898990
427794594 602789952
148283774 213129343
419359780 924271312
235112162 411931983
195248837 269717301
243728143 482961622
601982605 668814691
59767622 884609904
324086716 489029974
130758700 563574667
831313343 920919525
103696556 629856123
135572579 907750862
108264172 596443566
222571277 491491595
498342555 650365870
563988249 946797898
366157677 798649643
63097977 488259560
601269838 610493212
258346813 697514333
93454833 927161503
152013289 153222454
476100005 664287759
494768779 795046458
39674671 415688303
478876152 995887578
239143365 898060777
6324949 131460156
206547784 835586930
186445836 350332895
149647144 856913653
655563295 750434084
91209995 515804820
718661271 969591010
701703206 977008084
667105342 795158038
756685938 819118630
273490048 800896843
147734986 295665621
39926008 68536505
399929008 563870276
35813585 461931052
19790093 639072372
320772352 474659301
226337876 523621598
83251529 661105136
264055571 673268741
41589913 591331175
162508798 355265565
11180922 56968770
530802615 992033233
601235522 704643159
202437596 505540001
350172582 874725570
653721974 795778426
217592249 390098589
195707434 425912174
532039652 834779805
298218618 852812004
161955458 524556493
228949953 675576945
460324373 902218694
904171900 939632516
294898080 943808606
66680697 954989527
204383202 911230281
338308493 909026360
512465802 540746088
239707723 267082713
890918669 920804686
35486149 281017258
83709934 138396934
522952937 559445783
857664400 918489738
228281292 932961547
234737244 457231245
608538492 695061617
359449938 400687359
155774895 451749868
370946916 695585438
110764421 899968639
282177196 301589265
647159349 661511351
842335352 928594063
733254021 886867072
849398748 922353220
840312033 866787630
6063153 426233412
215781321 777069242
136414163 444062613
371151406 562547141
23601984 901293857
66213022 113260146
370479241 424289342
119874779 269035040
232315812 741426156
23603351 872359770
386387472 533905076
376240427 523279052
314981534 410146123
16896633 962010799
185015694 828798428
43595198 709725017
107548191 925506337
243962353 673180791
235727931 369568949
123379157 615113759
259329914 533843132
236639302 683619255
505674341 904322373
498264880 656010386
380886507 737990152
271895227 374384583
767273978 897663634
500652006 934771863
160326108 462662804
345341801 951668495
143977584 513909863
104042126 241453350
439416199 914634140
348004479 661501500
2878423 815634589
262208336 784880656
21519958 201994072
106316444 798343943
306870680 527194298
117700802 457097676
687757186 831482258
307547515 389596028
729145891 890248033
94835729 889471998
46504223 205427189
87330150 201921124
328783499 412930437
305963249 852346635
95933990 653967727
98812412 366364486
151245142 322118667
361020748 524112739
11881042 25281451
482945534 552475748
318751721 940043209
6508906 670176549
771525466 912288929
166572772 353187708
261408500 655053313
95176057 860480501
35022558 160429074
62401624 573359510
220881225 363806056
278222496 459740046
644586982 874848951
49483970 558552457
648348475 772089556
573596708 673629925
56542241 783970597
78622024 102722317
748798573 996585450
620627267 961747574
128320345 513603853
168657165 826331327
242245196 921507383
255190621 881654018
796571993 956529941
172852348 828550130
17453217 959288978
485108745 744818520
43661202 456392311
104740785 794302489
367899196 668267109
452237706 778370709
276957788 856992732
126059589 407476374
369223948 458307656
746686856 971911508
350060644 425534534
444822192 993085025
199558268 874739042
8604560 700012812
381079294 523827386
181456908 541280603
340368271 666565652
138615474 796760581
562743205 932917962
83526666 754017717
153333509 384904777
430291296 535764371
94413860 943240744
552721516 556350885
155554092 164981043
367558039 377149375
222750751 581088625
780646892 812380230
97489792 512393041
473833530 789251452
893472334 970708359
15114132 86356956
6245957 489790362
735633888 905049919
489651604 939163918
92497426 988576584
376857306 874556380
522788721 968970240
79139605 172614401
337595444 374208107
87210048 603873833
668298672 705153482
370050063 826624584
448945564 776630727
90713367 882443103
250464256 628431789
61421725 118094739
403728438 567305096
124340695 302938984
63504612 161294708
149871291 645106939
8518389 372179671
383823462 526728596
193666262 699342997
315479418 567874368
402689466 889454792
24264552 447124625
70988137 850889135
372450052 817174687
552134141 627519862
463163418 730500469
33082281 377101494
600387377 848595208
780829932 825452254
903326360 942124639
400949650 741473218
749991606 944512282
323757229 773129320
133815067 966795581
23100225 301810837
387186300 765071368
411450852 704500302
212195992 775488438
29370678 262339986
454842 742376199
434021171 463618259
467103451 472876668
173988227 840719753
67490827 474066036
823333538 999440480
268707026 593430049
213219307 224283188
195938007 997412507
182269425 536976536
412593112 816724440
203910739 484080261
30180832 188580562
242376823 615361590
730217928 816585352
124263853 817040193
472594126 558285023
280658451 797987145
25388473 121378203
945395652 971975371
447960590 823932203
716667616 768729189
269878603 845528728
465816609 929886922
319379809 695457587
512182026 648086034
132166294 584489273
568609116 614670104
36487058 173263208
857046926 989848559
766704985 833827130
91815462 806888751
244628504 940063553
122533329 889802607
714294329 913958108
67928980 361918697
390742883 689174520
78586312 660621486
534703248 860989586
82677186 126438094
32885746 774524127
594859211 617375018
15984678 759206773
84561473 932469980
52471735 941608399
819176719 922318538
581723640 627951880
872580384 910992181
374303544 800794787
288261651 995113712
63042691 367605467
502696700 758348350
433799363 604733562
139436809 418969835
147305300 397924280
74630346 180191046
24964759 669489556
650082415 784171531
685474234 734643888
716641510 737945968
491476399 528768638
156720517 409639039
320631219 925716390
29300900 300019933
876930963 973942357
341547823 440797936
792490005 943494635
99896172 397223567
371382358 377293997
389176727 524599297
463807073 769306638
557306694 794271396
207389108 985812980
430959278 523803565
117139 942032995
114265885 323317984
491593537 523904923
269826278 480038501
361855752 844536141
569846210 670994849
10644145 91303067
12542671 883793071
806655131 964955195
36465480 133532989
188853904 522709716
561064776 810676893
118371469 839033140
457464640 824846119
178276928 888423917
201166036 972826275
315431920 888541055
232650943 296144258
628699110 839336842
502477220 536389334
72323430 990554862
81857928 207384182
72443204 935483926
594655409 818167350
889914750 951700339
78768654 631120888
44702015 326926406
165959545 741961898
15589835 199426538
193866762 843322015
44488050 87850454
19209388 828907861
315353646 359919969
51773162 61558803
564036023 944052755
588162495 787123968
488875804 795546676
276876081 721498247
392181949 720506232
610420981 871531489
343882287 355168728
541705986 670808692
136184236 399870742
415460576 689284588
335610773 532606602
275977578 609327338
429611004 628536725
104885438 789530972
18960593 796406722
592975829 841304134
281982980 435512967
232616148 924388770
77529656 954114395
53781202 650552239
198812695 777829043
113489571 542694981
132997770 655195557
66020024 532868512
755304611 791379792
948329087 979506916
140427564 410172776
108000845 570038567
65402635 891225853
212085891 687632574
84363227 905906376
133124754 519876193
187889355 365740902
117935362 296781314
172371648 203078867
371184342 768487600
881977171 980907909
113905679 913879322
389689079 832415697
33585222 499290542
300135980 440236659
13092137 580664222
121092981 562825108
3219141 454050960
39011967 67821383
123375193 994199885
127324639 973727758
14133464 495767737
493065540 792549050
132068826 665437187
753072777 995627917
36621528 829052177
487566299 803017201
795474207 877255377
147281100 487949249
763356950 928185907
447417080 628965438
10242187 361366480
364585620 602574771
316809498 641586737
163525734 432407002
258651111 764961930
113246018 290850372
272784575 636432263
404853400 905795068
154385801 753939336
10442528 43523680
435507864 498008827
230982071 846540880
187006480 227780555
378263170 991137505
115192386 678196601
476558866 620102942
75194064 540955139
693660837 857764636
126067839 716780801
21290370 334259082
164657093 237235301
447505099 510019875
205816518 801089356
914873274 955475156
925315802 959755853
247780069 998998836
275840980 698056067
478762139 503621534
709541660 885062547
494759038 852771284
387738261 967378332
181846501 928693399
42572395 875507338
638974387 759353195
512781108 854091528
91326828 93612276
393633727 529954552
183560259 601346703
368736328 599450244
139035415 411722449
146568481 990550602
422409460 659502517
138264655 541123020
278701918 926030994
273306383 700322666
88060926 131473202
93201066 165836054
135773461 869270677
41343391 360761415
747643007 895434918
693771635 726058874
256013425 839278098
87405361 293141152
439573684 686855604
431125450 661877479
98578052 660962312
274192403 610596920
83371771 667831774
601377926 861919116
301700592 946533692
930523245 987741851
80942916 242277869
96359298 964064897
69232728 990219041
177342663 816875735
738170310 903401536
510647369 577448407
11931313 450569081
451504996 870589558
137424684 384983389
88519088 735146797
9339199 45945700
551632359 981833822
153010285 529687324
328737367 696269290
307227228 536527492
111776963 549505096
60652613 617470407
366086345 686703135
50871653 543429007
356095221 789041962
446830543 866742589
219006721 458761855
169828021 942112630
159769056 762783202
179612370 497929998
78074421 100804495
359785548 652436854
59908243 889472871
608693884 805447138
70726590 112674365
145221375 182503552
514695812 615208133
243156164 880782156
154427619 294027816
276727515 510522839
723558057 935586130
7109202 229781779
34836263 399609799
797619464 949221831
128834201 559378855
148065813 660183349
206908621 360367712
119333215 165136554
102356934 970583691
173083523 580543450
578281176 935774407
302986571 355587075
46005661 598743238
36285078 200433279
313012592 892771054
563472470 680873535
793254248 889087000
687982736 923923262
45380399 637204566
457275605 574059077
574641241 618555118
117458953 825463739
135111859 935008952
37365886 797313305
105695549 377856755
210449408 893986308
566036482 956137930
2143590 49489230
17296072 85774307
55093221 910067125
251303251 618565690
140390250 443457011
131439746 264336289
162233039 916829864
343405292 621160663
239715781 619508643
589483948 918046533
705571836 917695871
715009175 724595806
682807706 742937721
805903481 945382281
429310365 754036563
224456314 478799594
241752385 608696504
417090253 663789724
4335861 520909855
134871765 447792871
251724406 513816456
283162671 579232616
52909631 413957444
33466087 626567963
292625411 397130847
62837633 622950034
102702682 200062191
698156755 777846807
575745440 882869896
312180261 356576587
329782002 581032900
643496206 938478505
60586458 822785285
454784581 827121145
434012664 442172697
274914016 947829120
693897102 706662983
107854546 230991790
710076104 759572613
52198023 141320632
107206950 616787017
62425984 115035655
745398814 816849207
552235454 613099090
173660605 969675676
503442606 864415714
360428272 403224927
226010211 294437462
273531081 601738394
53131356 707543745
43911091 180561723
655372864 737808192
738881005 887224705
499313670 698179089
448957109 692016072
404028044 408680410
161319440 371580051
323622745 978168646
116978864 789238186
143155820 382920452
99852517 611430213
14655140 646598425
460280788 793552238
93181702 733811869
146313057 395290632
291718074 441355613
179391131 949244828
29526265 919132188
580221706 688125832
418445857 989599292
272237777 822473900
250796054 433557217
46570302 574418798
16065517 264242214
216173336 647162665
159221336 827603548
747015182 805819760
59812321 842258687
451888350 935440389
793624189 847178981
87496153 934269797
138897054 966177280
20939670 36740980
577383164 885309467
156271675 453677727
566982455 725915504
817778508 831261926
11989072 877832228
128747637 244713658
460886993 893897744
53119080 775910302
141006892 375441835
711455191 983265579
163343540 435254155
81394696 771222319
558008467 863038872
168890848 854452277
205631828 376702098
114527916 727908299
181586025 783014991
202513797 270799590
102061516 760017880
772006951 872808657
117522314 832410095
726307838 900754588
430925658 529181241
571932549 631943269
343398460 757139427
44909933 407714479
31453149 359258351
126304628 222297223
295195476 441977968
76749499 818680065
500827303 657174149
136358645 933207981
56523922 838760174
191388793 451294405
11101789 64197449
75817708 843511883
34236114 976572295
317678123 422336073
54279341 358269887
115409313 889610672
149841502 250194152
12835597 609452503
33811003 139140225
475788970 831749725
434335700 761015575
294469034 935163002
80193366 270706076
109466249 924037998
115426790 136717288
147819076 413277005
32140591 489094712
66376704 991330959
318183358 413667031
384054827 676453244
126181850 320462723
570656875 644378908
128539703 657214505
162350705 180109377
796354729 864375453
83206780 638139674
477907379 932608708
18369781 748613454
12802073 794924130
2035712 710596054
123873059 910350919
149854788 942491509
141185746 612967770
861384565 931151128
97955743 407369128
460120723 727831850
224137592 957015983
298488724 352677294
331114452 466746839
115617919 515027999
5684024 195489904
198824698 673397283
69710830 938292731
274527088 803611156
864634959 985123142
627502229 805646867
108996200 955501654
422510090 574480321
283894654 949203751
356572878 358147800
381850396 670784875
84404728 458504339
235409803 627800857
94547695 811181632
178725982 566524255
62681965 614530510
184410006 261506662
140444144 975219088
331217491 414971232
195852449 631346595
289509814 400094373
361606924 823354677
97527819 98381118
46731570 788603596
146751396 382275771
255820799 616642518
192741878 670052622
75146856 150369830
428151681 738844840
97433876 847192287
160115840 917570821
461722796 954497178
421622501 602166940
752839991 929716266
17138171 413579212
269748895 948692439
624563467 703089025
483872170 800616844
272475765 722944585
847348413 957736707
103169211 271743512
574379225 941796133
148427441 502042432
92165962 576579121
42116189 240887271
10974444 276287759
202232028 738010554
623854528 965471621
192693845 747704238
62348367 376694518
13799802 177903308
184613613 716888826
654983127 668485782
230444063 517505669
217370433 940961547
65221410 188180769
173055996 615076345
321483436 859533895
117118777 804216208
210522399 750578908
26866666 846332397
48564424 221496842
39484815 617393571
672418952 810087416
639705404 901629821
653505205 724952134
79533129 909565747
370394031 587032607
578051528 740416051
371529426 817476669
5657437 957786484
289267188 983358831
148801082 473250134
157358618 590368910
907937525 953017289
651866037 800891308
874904502 934804190
404714112 700430461
225365764 914389316
67317879 406611071
126995584 792270013
59045064 60116276
283026658 701835759
132403638 498594022
23442708 316070690
356449416 833745543
174244479 645716603
647494612 817104373
794517684 974462990
90379873 600051324
734916866 743787532
104433713 522237407
618692033 804864173
385597700 926951519
882746288 994269397
792208771 862258223
704841398 786539409
340891519 773819639
272413660 987868055
11310762 325811509
441000702 682260924
615245180 697572657
327977526 367193381
115256143 975011561
58152367 194172723
427579236 929089588
532012948 801939898
273148283 451326995
189393472 230794865
72139759 658745982
225064261 303471104
864120022 934397982
8312501 560733972
57527892 848696907
383339400 833147631
126664684 712524021
65600323 410096677
246094200 741909863
709682357 777290057
221105760 971462779
648684996 767834723
569774621 753068719
33214295 56912065
222607767 842922903
287706929 354185236
294747525 512771189
81661858 510172692
229407562 371001544
286935454 642395829
219698451 328059812
670274853 932222471
454724495 735875176
49150710 194835499
824641907 981969375
55591487 758833066
379184141 648621038
401689756 556792834
590007128 948958761
458601820 644398015
746308748 812614894
107362419 851099602
111596288 361272293
41540628 341003850
536452809 732273837
627939303 804488639
150730507 864512620
171753466 589227461
784062959 886605682
73420527 721091409
461221217 832253593
109842254 629199247
63954085 185992080
12912845 364048361
775999207 822650180
441130453 509827211
213443164 421475279
385587919 401009223
442549850 574715457
159505645 726591768
207047422 979002658
696031629 963994283
357777928 405738095
96899962 720301447
42317405 793721973
503538621 670507722
299706968 478491917
542446001 613380875
338215399 977429235
114214605 407875197
652595767 917702407
407861409 926587397
131145571 808870631
312175315 558377379
103936833 891283434
82939490 570399375
98330855 386910009
308625135 631487471
204305269 792648103
258041448 834965507
928549169 998027241
338504127 476519158
80772488 804401353
18965158 418987886
279356707 634346940
139459058 385718842
49575465 793580251
33237387 66046454
230738121 602450881
591614765 706387713
14530491 122021554
72868761 641843555
125847377 401440499
194088601 234010247
330152645 492051694
29054107 180696237
220074586 420600862
501373349 657215394
24475938 528696904
511339229 920361234
158596427 808053610
650798286 857629074
716844740 952176677
407143910 890866461
334997577 947582860
113531622 922120765
349528068 607891528
750968566 994989525
81516123 586255256
797573519 916407900
573567816 679143977
97104137 994168677
606835882 899218562
348058377 776210852
120935962 988049137
140066432 648619098
279532389 790864718
84225417 358764524
102147336 360225809
160325020 491369326
437144912 457417300
82445784 639189331
65308827 929951661
242674249 504080435
11467783 40247767
273004686 585035599
222625174 719391743
431720627 471126657
632295356 829461056
99853860 670026544
239920291 753231317
318645642 885280057
30785008 677410165
243527168 969505474
460874799 779557500
69218763 403852187
486297971 918292098
708408094 836117277
268765983 951082342
192714063 280233765
465718748 843846460
415754554 717785715
2022694 688343922
370321329 886881210
634318049 839251421
40347872 240065717
79171712 211509865
125345774 962473071
94851247 888920029
58516591 520993880
408242397 462368777
179050847 442728995
3653440 948666747
69949081 867684475
60398537 954735781
350182846 651098592
67968560 526117284
66853145 66977557
69991253 806250707
437298885 556825653
477646757 645502127
577190190 796891370
689156621 922237143
392179613 430593002
450696203 869604741
130363489 804103233
246832227 913064979
161930687 714248078
29615161 250485666
57737798 784197158
90013697 986896355
468647333 708836389
628205886 907381267
535624889 829888871
434456592 972923774
386714524 932475070
36122245 303086882
362181612 844759854
754361224 958359387
127869207 680480479
57573778 931972440
663360319 823155108
31321018 825291006
281806684 389919537
26633047 854906166
192060833 797436215
13529401 900897222
118599899 920910667
381619459 506741139
603315890 816076050
332181264 990030413
601067471 635268145
26152657 963249082
332544351 837028395
460413557 570126657
370025225 627700434
33385543 392385996
303371894 423707014
693291430 711192900
418615418 558030049
719924476 750090881
68567984 733453877
187167882 503504454
506880895 885123912
110196784 693909020
26090284 553716313
154783784 952743548
513874780 831412556
118032865 846419130
520957302 540675874
159349039 743498878
20892659 551735034
324264552 629400773
340593672 827958399
17555982 385988447
737480457 759209089
136079328 827777072
323450685 492100133
682847932 867461305
377224045 413886677
645561067 930940357
292493312 450820967
806368091 938240492
134749874 908789709
505303573 655707176
449465582 664652611
251722405 470358240
68903996 881123177
794622792 896862395
74233201 664695125
135367193 833442289
123962872 254691933
513735713 578142618
233713369 616063005
113506901 845803401
647600045 759067967
629260109 940093356
209888933 567500601
344638807 598977799
104281371 328806661
778272242 852862334
104584738 621450333
101146833 542870680
748285976 985707915
59941115 292249426
412981100 427616619
667673033 745899755
112151819 404095842
20158846 98332002
211838902 345865188
718478598 993465232
347738707 970906868
33312153 786074940
385052738 767755659
96562319 230467311
83329644 341850460
727350912 815817144
40430733 828497744
26138647 358687823
429300072 650937249
842281171 938596113
537012220 931070219
335166060 362470555
313318908 501680390
207841258 847545577
525157809 926319855
348581029 693527161
126574913 332118452
234409533 894330571
464876843 717171189
843409241 911538000
548206486 570760152
588637218 727355143
251774248 938559317
467292217 681074319
258404681 442012917
373083135 375871841
590858748 647933252
149613642 560765547
768606804 904177655
281851816 849675570
395719082 547443010
526534275 630432844
727837533 864842376
273381197 297525073
116790438 182235570
209063072 730442055
540066941 788934566
171595624 791841188
491404192 727493883
22023151 325431858
553820051 749808873
250258476 395106286
144678798 955871832
48856452 399872117
102064039 576994987
183224619 976954348
497783120 813657462
225620653 503488622
531016189 776869819
523145725 713251758
584725149 746176608
286243548 296210164
320322140 373659714
930601088 953669948
108549297 811726331
414051555 975693099
223315736 662369347
664310031 807048144
31703919 64182147
608698905 708420948
18762537 891645566
438169604 516545657
557819380 941658226
742166309 941351920
117828385 571044396
169737355 507120030
702553533 803330193
455980902 928729599
123652332 239098341
787895015 882399546
347647638 710608996
10016984 201946569
866256599 933924731
669581480 965628649
230518779 782955098
426843905 801717634
122164344 865013509
170779642 532500075
659188086 912945950
82748833 326368347
833488376 883290687
252486187 438360571
489334920 708467088
367090169 465503604
102006067 947565429
147729418 253398618
307861538 812615062
157746401 599056145
26634489 827327880
564684793 809589586
57846658 991528698
32527354 463823571
634603213 709058558
368246643 417543780
400065514 743912126
135872552 450995475
429916853 703481661
574233123 919251773
264465100 941323291
64546880 384755376
490670345 895845709
212276297 560977123
222539050 798531882
160033267 825166370
49866929 577234411
487272307 960229939
421279460 951095878
130338017 845273644
115333775 438215442
351101011 690797307
711762253 802096485
141679105 826669859
358094497 400902981
60930877 475075949
194742623 298202604
90588332 539622828
604415477 788872948
439921182 504081806
664115072 826954526
265087551 729337806
93865834 752359858
515145294 542084096
239874091 555972087
645483310 846703880
355207866 996584321
66970118 537501186
216687396 651197157
61165574 861808006
617590376 974612803
336883954 664849351
125331758 729023133
607954034 914204706
112035839 333438609
12909486 206642239
471729789 628667262
722533095 742247292
76605998 284331387
237678388 485094436
524205478 735678050
331798315 731929695
584778722 721815853
88492230 651416164
712581737 938503248
408609976 950300235
139700540 539710891
73459326 665042649
681413359 868723673
54678633 431763706
638405944 645965549
67588119 274632810
110135732 809835410
39258082 997165904
87360644 94166796
470888625 524352517
708667184 823038693
55334671 260333766
430483036 706750834
221502635 348825995
271848923 299126230
630112610 811559813
438826769 703571935
160066793 476602461
237501645 908366166
214745426 883467193
282333544 399288461
10616354 361940545
92168953 860298610
38852100 401198626
778067494 947659253
362257077 623214297
417591747 486734677
769734064 883548062
84890408 124342581
396191503 991236699
384016637 621349308
60267667 675359758
177437595 536870128
267455591 835426550
50171975 297752645
3439136 697041106
14055489 332505518
58981650 277190822
312696627 874354098
316042922 674529702
90764120 678299998
150260350 430015149
95891744 886324763
52265564 72750676
43502262 971215171
207748159 321458530
381726197 517367922
694805516 883107916
718534466 918596324
68865320 962261106
621222792 965700241
618422777 953728310
529920778 832272082
83435483 559142531
399478404 842617404
86188585 785897876
236448934 930294753
68429376 878702849
120694939 122773697
946505219 951453524
16713553 125428406
154253377 534081474
37361293 507154602
81403341 278267277
43664446 608412110
82151253 347132596
861881039 965555373
35879562 546669472
119315045 347992502
43126258 105812002
192000586 371309800
154120905 829024133
280965872 749969860
32823753 256255920
836793628 870664798
202761138 887378350
209530866 962222033
273976175 469376634
99408510 355379515
707820619 747643910
251560313 947292858
113441351 789971872
678367785 765364582
113357083 512627174
618439175 650199181
156483340 874025333
662956113 838023824
28146237 943921984
60969989 587993683
200177903 311174833
255455392 750279968
51069534 712502001
325045709 464986257
34394986 564394767
634555248 680425223
124731737 931985535
581848105 914703608
199729038 897943237
263086762 445587745
313086120 948303277
322085812 881525937
396998401 822328609
160109635 702991197
340920384 600619670
393614638 616477537
366757505 911794502
649070029 815380387
114056285 931775857
140426095 966170842
673367670 678451051
453242441 803182788
35090545 457869556
208329145 570402747
87335934 868506843
400422054 471415906
205458194 816810120
491655080 722507865
602456594 735133851
47162629 795893329
335753520 663640165
100064373 189507966
30397669 838577994
814689877 915444760
805150631 908387206
336118033 633377071
86619511 434271227
139300820 744657135
562219919 974226408
61562341 952986279
276918536 283243113
100053232 314500746
37008610 334893082
444224664 937349675
491387292 624658813
585759356 960412332
7543808 775267321
37941477 912993057
466361667 680954168
124028649 705147705
338524775 441857725
460146681 876128952
277660638 451963853
251887045 473302438
14183771 278805068
149943235 165965737
480466483 555723603
102512819 890616684
369991444 546737482
680482711 994650256
118758418 890641125
807578940 898184932
720571996 894025738
212903756 788642760
254042515 493790465
336932404 695900239
684831591 797079085
424545542 962492228
101559289 897847979
66895624 115743059
176653046 232861361
118202645 584893001
220715463 713327843
83319286 328026036
8508746 767452944
77969542 510610420
127267163 738064833
408795352 873809253
49954463 311153180
565195694 939229360
128678116 543744927
81092870 261095932
685641474 925757200
27316488 43585097
436005804
110480721
995575898
612658850
343342081
113778542
50068202
56669923
187010357
378094237
992505560
954463300
239119335
922991453
317590072
218902849
661056285
726385423
92712101
972209464
776339885
884457813
389921509
172601164
13135928
651017441
253694033
791409479
189175266
149795481
671242318
625181069
260276201
519334567
90356270
456134633
485629460
140424471
365320907
672639816
518518708
357826467
479619468
757638042
133334271
797209539
976540890
794390556
376111313
921769343
619116371
4967549
658743507
9037880
177568712
671879434
512571672
283779096
315805264
554263289
433574577
987047581
31960709
693850777
506382147
122316979
2501762
992011606
115257801
367822668
517167774
633776508
725649134
996787241
243930901
858983405
793996779
72988143
505890312
22624443
847273837
977523034
27591991
506017343
839077265
205160703
30413128
204165288
488939798
346218391
758428576
922514374
185782323
790389285
468881503
692164469
912706263
471383264
536692426
27964063
839205931
53860199
514256923
417371417
903163791
610704175
128871173
549676921
683692317
487277836
572301363
383482505
464800869
599893354
889499847
156394486
805054056
772429326
360559773
146510205
118647716
118988349
921540931
156946390
909377633
242938785
849110858
674600247
714322048
238319636
555080661
406044330
144696186
921853935
675932098
47859977
532558110
804803270
450053249
68766778
144597457
22354612
452249283
609398326
622247965
194265481
765792811
279818372
966694807
126352583
278844928
937858874
97857283
200385858
94805264
859751267
443324642
796432473
386867865
10163041
887268460
941948526
268723723
31964646
716318812
944655820
932340974
101393273
601975442
234910574
170160051
746572898
257265185
474925685
208487575
732029501
669191165
974280385
11847872
488402323
953149320
143209152
278777549
903522954
343595009
226099164
763274221
639436003
875047988
2658437
649599043
762316448
944606962
918322765
646797445
513442126
715494937
431654770
614835398
317470378
666565343
784995448
64043275
776346880
112437484
125047202
508376380
781628649
99327586
372740604
122547323
904993257
515949755
253841223
661032563
712061115
479940386
276823135
351497117
207504726
279481571
853612512
969821173
76604885
624451628
469134969
590047010
339946564
753306090
204882407
509933293
272387784
842394207
426492920
48734663
954831690
551540121
409627395
588976690
503384058
782367998
711524013
260893667
150834104
965365235
921926229
862895218
297821973
198749363
66908687
505326698
478230933
920521198
327664222
554835817
397489177
649315542
144882826
737435741
402621631
202281585
99885385
675009414
44675791
526378304
576260429
852023832
77918424
985887823
441000522
581302482
620772172
5040886
842196148
771606275
822922472
616638728
487017844
120744444
815388090
406442882
478587493
146135374
179480431
658768066
553487543
576969608
308083607
550886720
166921700
563221589
753168304
266807084
90747355
650360446
793185388
667007783
354900630
871103811
652895605
795901151
304922644
126184128
653458388
999635143
897790402
476380859
616273870
237324597
449641655
284178311
643767479
780745499
282830037
823247909
439513565
836317579
252733868
600113523
387204298
419655567
163335112
992888954
686462651
254082466
495765751
479648038
921090248
850666380
203268200
426502204
499083882
360707196
552686331
152542269
360342338
302993084
481439480
829132560
392834032
931081134
113310870
36601510
564342984
248657258
712365771
3856548
84974836
965099638
456486423
324695486
237271557
619821534
317584439
923734207
726420351
813350189
255898596
500026950
516532921
459166795
926529153
15616802
819873990
331731835
20675423
32732680
487241270
502114902
861865239
880075301
285712387
827692460
769193163
850055370
76349718
334075285
706428270
13840905
151691274
162914692
338536390
388962830
635252577
508637180
312697036
361672927
174503721
568595631
861699876
691036641
880278778
640745380
706653442
552669119
824993566
727328864
585401798
312234835
81960117
299783388
44826487
367672503
979992200
814019649
217727873
908858269
148094933
924156142
922699173
299786207
939587185
113751915
688749036
574839761
622389094
853962424
789029039
796892814
275074406
503245266
340445806
155353183
143990645
47099248
708022302
821500562
626944463
145940451
133735396
708904580
298240191
31078234
76577082
278232390
845097883
146821306
39607010
993192815
923493799
962306182
145495373
863080983
928574448
686760761
290437095
403479894
540723184
79466133
52889059
815797589
435227750
393334865
823667124
431734746
292950464
384205777
253235307
919894926
530146227
239487054
481315857
828386417
270565288
410409291
959135158
115663170
409746948
998742167
961372336
333240747
813564701
959384061
48838081
742139148
646144821
191791528
145619041
39384356
123774012
51024452
707698296
559001762
444359316
531365419
990736507
737309779
915571195
96488166
509721056
298233774
335975219
991036913
979136542
459056858
253962555
938271700
427236379
663709502
789530218
241125067
849466600
603094918
200509127
898304681
197750418
699170299
90096208
195885810
738554654
66386571
246910261
298769301
625388332
691269576
830134720
616124839
281095706
598222266
712613004
790816762
748972391
901104574
634370026
728108933
360161432
888332580
518896984
787397810
404558433
160943553
28522876
106541385
764038471
81548354
4846065
814305240
780718652
947458624
10191049
371789657
13845194
109617662
670558958
491749878
653403589
353210029
107874716
934499295
803948646
673004071
725316056
552921037
426624996
212202433
133546321
786786427
100535012
504959656
426700589
357609796
665903208
307739816
464151180
282458030
241804522
321513596
96763269
22523173
121488571
959470670
246829182
987850117
69088331
769904491
479599994
575008271
123114519
439991061
509507565
779579516
965511483
87339972
185016904
392136478
299542404
318563224
31439257
252593767
823522879
310656197
462719915
341942439
618396012
926871094
624400468
860200533
100901042
721163737
735240058
74905964
533150758
834585591
62756080
454755440
604490081
394872425
29763710
580120951
834863485
391787627
212216818
652891319
479127598
397233722
45027797
631186354
715796945
928983405
883780120
391836176
239639601
199016386
733778614
710551964
125887480
210695433
423268849
79304873
931859169
11025258
154210836
317526278
845610848
69483268
772281717
302617280
464355692
802045427
882738230
151735529
46349405
94955047
804626847
525477002
344705120
702170995
9179707
60502065
631154399
892959827
304854592
723310351
91976212
891149557
433862315
70380043
101844989
857131163
2201267
886220510
868156420
8928455
203746787
566283619
78411722
976028504
868900898
542767413
630590282
604155479
694502941
676939686
551626877
499129788
54933039
896331997
53817134
64112746
809350413
684971533
809588924
114205004
260798235
754081487
857870912
694660549
676977882
959715900
404308063
679179148
698452761
124980834
688107602
902199548
691264452
766519323
730744403
412681701
161803088
213851036
16837179
856306028
743307073
568464056
207952167
798240111
317312404
261769301
714869208
126662816
946740833
524458131
93384171
60055419
131055970
951255082
754715968
808033851
763487333
11540382
339729350
314456446
136521216
27836952
69172345
680302019
646872626
799916747
92983720
808675713
866284134
962337250
517498093
609591206
383317657
725450259
260347668
700630060
987219559
975216876
827292875
786476743
352191358
773193397
846532162
483247327
576964830
453764481
143797529
192968515
465304862
483526879
507424960
454342429
363880182
576597304
987160800
10752807
229030402
932660871
671944872
95314535
894998120
41959316
557422092
130832129
767409574
817769759
831462188
754629133
645502986
511271415
393622227
850210696
284464811
240154388
185974374
861429641
693918868
329771903
54398155
11740082
813298781
414339466
318598862
177178962
990936769
305759661
40448120
219967170
90936883
564909343
167798056
985935003
606868658
725220147
116767131
374278232
395506257
800745670
981423716
41009243
312017084
375045942
743736290
448998247
467716682
929710663
162944239
14151901
259482565
69858745
25891982
72781345
484198210
344490844
102476658
475134978
502766856
142924778
547618499
593703739
560350472
715416554
432155093
167219130
440636700
401438575
394013713
836142956
202184244
375437428
729668550
366717680
602999721
325921191
815715926
70716402
255631854
978660164
84868303
367630770
48518908
110760284
292928467
532717117
307767479
395405124
860368446
810534335
390846253
407986944
256754425
951196725
123403497
688909517
970932206
416556548
90348091
364945918
105215855
145048686
592899697
687400757
511766365
195899417
13321947
327482290
119132171
121470152
158658805
204000473
489100922
207177712
167277108
782029388
592411180
327560939
29950863
452779625
138095273
420797116
713282920
247366049
224510192
689202768
936275565
47958749
105759315
26623655
412904666
63491522
24188692
5804362
750892278
535955057
54220130
616730576
863437346
173352300
738200728
22096151
229869124
227301649
81790214
397146232
9331036
674201394
724707170
39281898
979497370
715318794
312595365
692780290
962684842
389621908
234499409
751476758
437580656
192775076
630616764
850485321
256266597
654805455
708806034
859675226
190760511
615542516
476405801
906714209
788894815
67122880
781326711
18763939
294424528
863116924
268426522
156271915
389834669
845650043
48070165
221848391
413485188
213181881
914628680
228686381
602803789
1644440
980163138
40384444
194419515
610779901
743386117
450686111
118101707
304708502
162877688
308862218
920251017
639283489
68092778
561662184
706406368
849419488
432942474
853347248
565052763
701368995
9619162
954887432
399535389
910205678
29252174
813020576
123387559
943880853
41706956
726191347
945525292
21870093
619092142
139944807
485166345
362478258
443147269
603268051
667186760
606024957
764646620
439954128
97824797
832739397
1616311
656747516
682158884
434558784
510094763
99727999
988444130
372230277
54615430
387979518
134952306
83867603
53516445
258339864
880264807
95223400
837047562
678306450
969609844
456139704
670767608
307292540
671134313
966431229
910560591
190837424
424972537
527723562
630791552
522797333
360462959
632407862
32061200
895138194
919482998
542155963
994866192
907927127
766902591
901997973
148422997
901854896
838381927
201939441
12711112
571163085
149679193
849758673
101985887
119289036
158414728
772753494
426581576
829549041
591701074
189658518
20386464
16673610
717382079
651178015
391987294
930361389
136102229
424048494
825499583
55585226
966204456
672882126
816028704
585623398
574880099
816968052
487478293
265778377
18907493
500189404
836941462
21103037
202464429
938927348
140392072
360879156
564197193
419489999
190428196
155898267
609148516
63331012
25088228
179046947
714509026
417075522
109408335
703127606
841124015
787424269
611229183
659844822
312822747
279774239
245468219
887702845
96742290
585462863
5997573
968166134
85652267
842939034
989269170
140633047
781866381
129661242
501512202
198579926
401667592
691940398
354478192
10816108
755271409
379566419
42379406
322296786
796641940
4304092
25424392
490282306
644244713
489169926
150127127
957067459
768944164
248111697
697286655
865686454
833574560
703284227
686368939
771743178
546223261
675638109
912376224
180605993
657815702
413888425
379185918
59483293
958345174
586180461
922815752
566132934
965746880
817711509
888429720
614905171
822015601
766370463
105187477
318776665
108056740
107830955
275844123
877000904
355942652
973130777
595203709
42033563
528931355
281572647
813776740
75154615
809727107
726152963
108276960
320059160
992557739
339979229
232058805
950902913
926159690
7390908
369552198
744422921
825102417
110498269
211844443
499634369
876868731
169548271
818411033
984925471
277379226
94255155
714442726
485838229
919902283
309646434
527871791
301349989
443735432
341648530
229020956
253462539
920317844
337297915
573521698
912875582
677277143
805580502
716294846
455953184
812971410
85847044
200376104
490590178
48861664
412220547
990224546
925730395
581768817
808635578
763172217
711664394
755407084
330131294
197502622
527825718
639777727
725374412
829175706
83513158
919539293
58196661
189492048
839857136
248010927
615530098
605249070
777804422
273626951
174060267
233757605
86598360
112423662
286650061
429704889
161285326
698870607
419929434
939532072
133155775
81081363
555220640
844820169
689004798
885351933
894839142
69346867
377646011
472729906
898522573
313675520
392269198
809235585
503167568
84642686
909762864
118697665
542408107
687567285
244840967
716468373
773841241
183955679
681408387
60491301
613660567
842693712
611878259
33590001
634742135
745034034
967187715
189962774
442370554
656192513
75314706
189726047
725539379
305477068
662455952
476578303
619152587
54725150
138330240
122320154
991884187
48093103
93534170
534292293
588176739
190891489
103277017
214534331
374847167
784685403
275025632
988507733
479895466
886903890
874614085
114637600
484454275
841801800
157116725
779341180
350510664
84947782
969067227
928566394
390424849
631523178
257661049
9577436
538764679
395991288
984413941
383165217
296600742
930464463
917457509
737293832
121355951
873250878
951828162
348719469
510452632
79370145
337227201
990348098
966274035
64357638
957502049
303244661
906159437
967135126
82585841
109186452
52082907
904169419
37752845
295024108
388208948
147930245
157117895
926973627
543921532
994048187
162655195
693038625
777029001
80112704
430332456
750901303
805879933
234676970
99620771
316332564
314047114
289364324
159197013
132837500
353721961
969215414
436082161
112397749
936350539
371184353
221584200
840949797
127870123
111853396
988490256
516079070
259783641
145608150
295569048
656221524
992172689
458224243
349260149
769201689
390853298
632108956
372619344
196733230
866785925
472240114
365582145
180833039
761604437
524779158
313670538
115326397
346510923
602269050
80240497
135377813
973453402
301824696
976327609
101323524
266194444
817334217
469918946
525978084
815458718
765487993
34715959
807631406
223712235
383976107
429349447
614565532
16085063
801968790
663815113
735387339
126725255
29397258
916220377
740846044
406692767
82407267
708688792
753203689
684676316
788929289
888581501
510646070
90753984
717425461
464485945
209464779
534759677
934404890
735442862
202734747
552409235
770158821
10366152
776121469
6651279
292231950
243203353
875252693
946717091
907018465
610640032
73442346
788932074
379376760
666804741
195624840
314300378
375493532
948828528
998976694
16939172
689926380
362139115
107693156
407351841
679141411
169674286
794627869
466062653
905117148
997362615
18471887
527792320
860245119
647109707
386959950
4993420
890313059
262212643
951710511
649847876
725369026
877669208
291296301
104745785
544473948
486921141
271562515
772483831
288266020
123055560
789423003
978192400
485194674
749632510
238060592
16852436
919306795
32688460
482915088
676940294
882567427
501386974
57248965
742812545
1013033
444208915
747805964
891326091
706421557
552032826
393690318
284306934
429702033
684986619
241569070
826692332
24424111
513131584
599176163
165206482
636187143
241115517
143398881
121381816
990748026
233975824
138234252
910054820
119180636
473665691
439511466
1748062
975052665
496760430
597076958
976065697
940969344
197399273
719908139
499907252
749432099
966114809
784214185
31650483
503617779
25783255
858342815
528041889
538914838
310035329
693248370
27618333
551150845
689163603
1516500
394415222
775655778
139750751
156986393
894836413
465932794
596497858
749100826
293501810
93258288
198694135
122083858
34227631
248609760
841991996
386651235
998041858
660623156
170865419
882208692
164240934
49165025
593067858
544799174
588079863
903103186
90563896
615698195
306770382
779727498
617214694
701185603
407899627
609481797
858171996
155252392
75414590
307186205
904353217
221432751
400444492
955563704
343516608
287188475
204173463
38024955
673839709
54731672
698648111
697221479
936940363
862889044
746386504
382524573
260204570
186982718
138144110
350768465
802680912
444914492
130495962
272411957
998616446
390911940
734410105
709304793
546164331
662341046
16490998
303033900
883773796
269451841
258597603
227290403
556640315
315287417
265315358
82996375
370019088
963963468
780217854
159475802
679368863
379120709
542000374
939573432
566103426
680144484
142858248
221300689
977575327
125870561
493712645
976191772
516782501
80639102
538012917
62946831
742980147
554503914
365980730
626753943
823955754
477094684
706560697
233112421
792382100
971876054
168625147
14917539
788355873
948843000
174393341
320241088
180480060
568910066
112330871
746583485
101570901
255189119
967884173
79146227
381059679
314113170
907854351
897842179
394752271
445867267
813305362
137732417
852887532
31802443
617002711
529359637
508897127
323563408
762472057
301279226
147955813
931097204
316196765
788828038
732456555
343106457
109069125
912936615
912016522
73916347
512036451
13587423
181621817
479920624
92733649
562681496
794033793
853104351
313040026
41302415
151487969
126345387
179034831
4375500
10664182
796037542
533735137
519561308
972117301
148723545
820840533
120073113
932337100
989553649
761417502
517310007
332660105
723002978
282762973
97192979
796919325
794799423
110780401
978541141
127236398
56030401
393738988
921270190
909134752
559295366
962572604
60622720
538157104
994123787
917514572
548821285
642677680
303766060
68382592
614794980
452489604
741739477
587384444
237343056
731293125
201318298
754653062
916469582
924321275
37416034
13662560
573756951
832215456
124442960
404814444
959451854
32989712
798553431
733238395
794640815
210365148
548327351
707779887
748522252
394967489
625294458
297343536
37645168
929060517
218242480
504956499
234066472
959981956
92340942
471409527
543791432
146175591
78578940
460261013
70496866
115994973
326439924
644253816
800726781
303399235
49068259
612694986
336388947
700138042
198449732
131029761
910503189
746777082
691325999
511541792
141744570
169136808
808885328
31906089
98197324
27127807
536862587
184780148
839626114
481719881
508706026
383417545
627895471
587284966
696194910
550908688
703279938
22634833
47678856
356523070
326034068
96747114
969218055
514939366
649401507
167667787
498485478
412421048
766961220
189811477
923962839
761222142
358948284
585364518
793128230
309661960
465008676
182507169
346958459
157151141
516743401
855664484
540568686
144638871
442949449
89279947
548063911
998745739
111914779
595742766
355268808
290465198
545006231
177003215
805404563
46924090
344671001
303890041
459345137
111632220
346217869
235824327
725370713
705166152
673705197
371015295
867344463
138713872
553522463
214302921
148381365
70265863
69967405
688950050
67421085
365433205
778229996
468001347
216695295
742661126
63744112
571964103
33126324
608750343
748967317
838530886
655674432
946154669
994937278
967535920
910303240
341155146
55876598
635673953
898837650
729581794
6689247
766182112
720812018
412728061
833001385
869193382
335510275
755485141
410659783
255447711
120918345
41406130
723449058
190129992
784067255
639709521
762094094
817193578
100976215
363577762
508240816
756650646
162248782
355694445
576702917
72552021
696849591
632579515
560742325
448203592
362161308
419947923
66902055
82973325
832675983
899903439
804683058
20702609
655388579
215342840
128666672
628823276
256748969
852115729
818953267
40816224
344341601
433563712
710526153
445317816
649657825
71283320
54484813
811906606
426977765
631187730
884458626
976343707
263767244
297717303
424547298
478444903
717665225
491449352
413934580
402857560
243869143
218617637
423560168
899257721
286476829
552226839
380597348
543225797
256858919
52066966
436558372
601200520
338147029
999600877
46518335
987804853
70884196
101003147
799711458
350378312
584707228
536686436
179238370
848474471
834403738
603785667
179435726
404585314
947751371
