4978 5000
2074
2901
2034
3272
2683
3313
2319
3168
1711
2828
2719
2580
2513
2080
2045
2659
2105
1789
1926
1819
2483
2006
2558
2572
2274
1780
2925
2993
2599
2089
2232
2481
2214
2933
2479
2994
3134
1698
3178
2228
2399
1817
2042
2410
1790
2556
2843
3076
2277
2498
2926
2376
3207
2640
2766
2401
1763
3032
1806
2040
3035
3141
3057
2583
1728
2025
2825
2768
1735
2348
1812
2024
2753
2691
2918
1682
2094
2850
2047
2079
2644
3130
2249
2199
2178
2576
2234
3172
1939
3031
3170
2276
2116
3272
3158
3094
2587
2311
3048
1737
2635
2571
2959
2354
2556
2716
2112
2637
3222
1937
1724
2815
1885
2193
3226
1975
2323
1755
1892
2325
2320
1868
2642
2116
2052
2760
2659
2614
3286
2857
3069
2280
2261
2752
3134
2456
3234
2954
3087
1869
2244
2073
3278
1721
2864
3042
3088
3089
1760
2129
2831
2449
1863
2289
1977
2449
2421
2727
2357
1772
2249
3199
2337
2901
2576
2054
3038
2344
2912
2936
2300
3196
1864
2560
1903
1828
3125
3053
2670
2831
3003
2173
2478
2221
3177
3136
1777
2332
2528
2503
3199
3197
2342
2817
2319
2055
3129
2211
2798
1862
2903
2066
2276
1750
2770
3254
2434
2711
2318
3202
3162
2585
1870
1770
2221
2767
2208
3312
2746
3257
2373
2797
1727
2654
1887
1669
2693
3222
2864
2190
1881
2077
2383
2999
1854
2068
2387
2211
2260
2834
3057
2832
1968
1792
2752
2403
3218
3105
2618
2187
2612
2738
1672
2640
3042
3195
2387
2243
2956
2671
2062
1736
2600
2536
2550
1819
2536
2292
1817
2408
2671
3089
2611
2702
2771
2889
1891
2707
1778
1752
2724
2390
2571
2566
2498
1907
2129
1706
2383
2416
2560
2224
1956
2837
3059
1777
3313
2625
1802
2097
2937
2624
2520
1755
1739
2999
2139
1815
1904
1683
3313
1766
2156
3190
3259
2861
2299
2308
3264
2075
2439
2091
1733
1995
2598
2022
1842
3306
2542
2129
1979
2828
2808
2104
2572
2322
2884
2084
2406
2211
2762
3253
1753
2305
2025
2343
1831
1984
3230
2400
1845
2847
3177
2759
1802
2867
2439
2823
2557
2573
3268
3079
3154
3221
1959
2111
2926
2956
2650
3048
2852
2200
2220
3202
1872
2354
2260
3155
2665
2949
1916
2005
3282
2739
2142
2470
2687
2345
2357
3029
2014
2738
3257
1662
3088
1944
2953
3139
1863
2179
3183
2923
3316
2858
2321
3071
1863
2122
1818
1838
2495
3211
2387
1866
2251
2149
3080
2419
2180
2788
2873
2429
2996
2685
2407
2204
3311
3009
3103
2305
3203
2599
2634
2400
2746
2391
2260
2994
1823
2368
3010
2523
2263
2857
2926
2115
2811
2585
3123
2495
2994
2228
1969
2657
3253
3092
2145
3046
2935
3012
2571
1753
2743
3263
2950
2228
2561
2595
2640
3265
3069
2559
1966
2142
2560
1826
3308
3071
3071
2707
2779
2133
2313
2269
2238
3091
1722
2120
2780
1988
2768
3058
3041
3166
2654
1915
2902
2812
2840
2944
2655
2886
2276
2423
2989
2147
1835
2308
1704
2187
2103
2134
2418
2161
2128
2715
1765
2230
2069
1685
1781
2876
2951
2651
2603
1947
1732
2775
1830
2408
2406
2936
3216
2562
3026
1952
1910
2871
1913
2663
1843
1946
3301
2021
2023
1817
3024
2379
2401
3307
2294
2109
2361
2150
2016
1761
1693
3316
2045
2455
2152
3182
2082
1828
2683
1707
2429
2730
2997
3076
2503
2176
1784
2502
2006
2216
2375
1714
2654
1787
2458
1719
1920
3157
2817
2305
2187
2159
3265
3086
1864
1959
3106
2760
2018
1944
3215
2695
1666
3088
3251
2384
1882
3062
1939
3019
2551
2284
1911
2325
2735
2348
1818
2852
2780
1938
2972
2079
1778
2569
1954
2108
2649
1834
1906
2176
1686
2838
2038
1921
2524
1933
2785
1710
1750
2937
1726
3135
2051
2187
3267
1893
1859
2700
3246
2526
2519
1921
2439
2607
2806
2609
2705
2123
2144
2776
3097
2787
1671
2268
3083
3110
2445
2758
2638
2140
2765
2665
2577
2530
2951
2128
2913
2025
1744
2410
2893
1894
2481
2619
3114
3040
2762
3268
1778
1896
1697
2427
2428
1896
1755
2170
3235
2357
1865
2821
2513
2107
2256
1933
1943
1976
2674
2680
1824
2201
2422
3023
2048
3297
2152
2948
2765
2143
1674
1980
1749
2758
1876
1905
1963
2930
2191
2908
2696
2646
1771
2925
2613
2284
2985
2542
2307
2410
2339
2385
2283
2790
2512
3041
2182
3105
3184
2912
3061
1744
2339
2035
3236
1816
2450
1746
1705
3079
2978
2266
2948
2771
1949
2595
2754
2225
3185
1697
2870
2738
2571
2227
2475
3078
2045
2580
2925
2527
2501
2698
1771
2073
1995
3232
1963
2470
3267
3069
2358
1743
2410
2979
2912
2397
1842
1811
2202
1781
2312
3271
2489
2847
2202
2935
3318
3208
2018
2933
3038
2087
3184
2092
2450
1836
3107
2536
2507
2252
2963
2269
1970
1912
2756
2643
1702
1989
3317
3106
2959
3215
3267
2591
2128
2064
2601
3008
2885
2359
2992
2670
1841
2684
2456
3237
2866
3137
1779
2458
3154
2478
2829
1710
3312
2264
2937
3057
2599
2563
2498
2843
2402
3256
3013
3028
1673
2760
1959
1815
2632
2140
2942
2971
2659
1935
1670
2944
2801
2922
2960
3165
1663
3175
1717
2754
2775
1844
1800
2642
2726
2170
1963
2916
2236
2510
3214
2174
2201
3130
1758
2421
1981
2143
3263
2819
3052
2183
1962
2602
2551
3294
1931
2615
2944
1920
3297
3099
1667
2337
3131
2143
2273
2774
2206
2286
1716
2061
2377
2689
2044
2340
3096
2649
2159
3151
2572
1848
3232
2095
2201
2455
1897
1713
2198
2624
2158
1756
2167
2672
2818
2789
1850
3220
2918
2232
2385
1908
2738
2311
3106
2052
2700
1983
3086
1708
1993
2459
3282
3079
2840
2654
1980
2449
3286
2972
3275
2396
2373
1704
2625
3201
2148
3227
1939
1948
2564
1673
3291
2401
1962
2675
1835
2088
2274
2164
2630
1690
2174
3034
3174
1696
3005
2116
2844
2084
1865
2987
1735
2510
3088
3252
2895
2017
2786
2284
1854
1945
2281
3189
2125
2455
2749
2946
2714
2988
2791
2211
3096
2523
1836
1975
3003
2564
1926
1989
2121
2555
2337
2923
1750
2160
2083
2101
2711
2620
2012
2778
2453
1999
2454
1912
2160
2164
3302
1911
1995
2629
1943
2423
2676
1735
1900
3269
2747
2753
2918
2909
2182
3269
3280
1899
2169
2040
3310
2647
2071
2031
2542
3034
2717
2601
1969
2531
3081
3009
1709
1847
2349
2140
2693
2539
2750
2791
2209
1841
1912
2871
2715
3065
2742
3132
2348
2225
3238
2487
2477
2362
2561
2401
2254
2667
2372
1820
2985
2741
1949
2177
2281
2890
2101
1766
2319
2973
2138
2998
2436
2422
3259
2060
2663
1847
3257
2685
1850
2929
2446
1998
2927
2097
2624
2297
3267
1855
3192
3054
2202
2483
2486
1790
2685
2236
2080
3060
1787
1692
3124
1979
2848
2202
2563
1981
2404
2833
1898
1886
2347
2671
3060
2262
2752
1820
3138
3147
3148
1871
2305
2597
2190
2885
3105
2663
2791
1910
2875
3064
2868
2541
2686
3071
3119
2480
2708
2268
2984
2210
2993
3234
3024
2674
2042
1899
2582
2297
2428
2696
2968
3225
2422
2417
2144
3246
3076
2536
2221
2711
2628
2906
1962
2960
3109
3103
2154
3270
2780
2624
2571
2205
2632
2544
1866
1691
2544
3309
1664
2023
1672
2897
3198
2296
2857
2837
2667
2728
2253
2451
2920
3130
2842
2536
3211
1921
2503
3000
2337
3275
2229
3210
3048
1899
1940
2841
3036
3223
3107
3042
2595
1960
2742
2513
2414
2908
3085
3227
2953
3123
2081
1922
2437
1713
1888
2555
2487
1853
2122
2726
1750
2694
2634
3307
2910
1975
3116
1896
2530
2931
2102
1838
3159
3128
3084
2777
2450
1670
3276
2673
2666
3066
2838
1765
1892
1913
1785
2088
2090
2746
2766
2679
2138
3248
2314
2858
3288
2648
2307
1911
2656
2648
2932
2356
2853
2007
2571
2155
3127
2704
2687
2000
2248
3217
2238
2737
2257
2690
2231
1840
3282
3103
1846
2811
2520
2346
3259
3030
1751
3055
2240
2317
2841
2794
2834
1824
2479
3036
2719
2372
2951
2918
2509
3096
2714
1686
2927
1731
2992
3253
2681
2184
2631
2606
2563
2091
2569
2954
2437
2406
2356
2358
2264
2408
2684
2295
1699
2491
2967
2810
2990
1812
3300
2405
2854
1694
2846
2255
2436
1770
3306
2251
1780
2885
2152
2860
2636
3158
2552
2368
2663
2978
1725
2705
2624
1731
2136
2624
2658
3023
1914
2235
3015
1675
2267
3163
2512
1971
3029
1683
1937
1819
2649
1676
2405
2349
1733
3020
2247
1962
1834
2721
2977
3030
2758
1711
3196
2668
2342
2295
2396
3280
2217
2158
2892
2005
2877
1741
2122
3184
3087
2804
2391
1810
3034
2783
2377
2013
2140
2001
1724
3020
2534
1728
2576
3203
3016
1834
2142
1677
2235
1845
2604
2352
3122
3189
1728
1929
2629
2732
1823
2978
2468
2080
2901
2138
2055
1878
2389
2946
2931
2402
3205
1980
2886
2050
2274
3132
2002
2865
2439
2389
2731
2988
2118
2282
3304
1795
2826
3037
2248
2995
1922
2680
2356
1931
2768
2851
1829
1946
2972
2364
1886
2797
2864
1783
2514
2639
1763
2098
2033
2178
3299
1854
2464
1915
1804
2768
2809
2016
1778
2604
2127
2787
2478
2737
3022
2848
2752
1859
2527
1889
2519
3305
1880
1859
2656
2860
1846
3145
2482
1817
2798
1946
2314
1748
3186
1897
2489
3062
1663
2929
1786
2113
2808
1747
2141
1675
2116
3225
2456
2404
3058
2025
1677
3167
2020
2314
2795
2349
2055
2934
2363
3228
3216
2656
3031
1730
2995
2442
1916
2666
2327
2120
2891
1736
1973
1687
2820
1713
3033
3240
2752
2934
2462
2377
2465
2312
2309
1773
1689
2113
2618
2490
2022
2762
1738
2039
2732
2525
2211
2369
2459
2880
3131
2625
2403
2431
1824
2887
2858
2405
2587
2205
2419
2846
2739
3150
3137
2290
2875
3305
3086
2002
2030
2230
2089
2080
3281
1797
2711
2547
2856
1794
1776
3012
2499
2639
2105
3247
2113
2779
2094
3057
2822
2587
2431
2349
1908
2307
2409
2513
3305
3056
2500
2940
2868
1885
1718
2589
2553
2373
1679
2943
3169
1722
2438
2509
2308
2402
2735
2750
2661
3003
1775
3037
2212
1739
3010
3037
1971
1816
2984
1740
2070
3259
2021
1984
2495
1987
2785
3157
2629
1955
2888
2229
2506
1959
2402
2830
2411
2708
2874
3205
3233
3072
2565
2783
2081
2325
1927
1986
1666
2236
2959
2713
2900
2772
2025
2245
2047
2482
2784
3121
2670
2004
2486
2274
3247
2159
2807
1773
2009
3169
2312
3065
1978
2957
1982
2077
2458
3047
2183
2448
2162
2297
2339
3240
2719
2365
2221
2930
2697
2748
2459
2369
2727
3203
2260
2315
2334
1717
3154
2675
2282
1888
2534
2213
3113
1760
3183
1664
2698
2724
2614
3271
1898
2376
2651
2025
2249
2440
3295
2174
1861
2126
1788
3245
1665
2037
1675
3203
2685
1936
2512
2085
2647
2404
1982
2845
2305
1831
3262
2564
2294
2244
2674
2731
2648
2025
2232
2576
3278
2438
3298
3258
1754
2473
3069
3270
2133
1671
2211
2092
2697
1808
2980
3124
2740
2108
1830
3287
2637
2488
2059
2430
3107
3035
1724
2583
1825
3167
2081
2048
2900
1721
3246
2952
2471
1668
2654
2716
3189
1907
2691
2624
1863
2329
2574
2857
2895
2263
1882
2199
2568
2662
2481
1757
2775
1912
2239
3059
3283
1740
2732
2178
3130
3038
2815
1828
3135
3033
2317
1884
1786
3131
2341
1852
3147
2674
2373
2870
1717
2311
2479
2050
2800
1967
3120
3063
3228
2704
3239
1771
2856
2146
2166
2307
1670
3072
3136
2388
3019
1848
2971
3015
2895
2226
2057
3222
1889
1995
2877
3317
3269
2080
2369
2255
1793
1932
1905
1976
2230
2948
1728
2487
2351
2705
2377
2099
2081
2283
2455
3315
2676
3210
1941
2600
3253
2268
1771
2425
2908
1848
2878
2158
2850
2776
2123
2045
3041
3007
2406
2366
1929
2527
2423
1882
3299
2957
3202
2442
2590
2733
2086
2856
2728
1975
2098
2651
1723
1915
2804
2084
2286
1684
2680
2157
1915
1929
1921
2184
1801
1857
2439
2963
2652
1790
2329
3197
2724
2879
2597
3113
3141
2400
3180
1685
2905
2610
2240
3285
3219
1848
2595
2981
3079
2451
2196
3227
2514
2939
2858
3151
2699
2433
2483
1834
1797
2166
2732
1859
2375
2310
2891
1979
2261
2635
2189
1973
1759
2271
2415
1755
2681
3118
1856
2226
2916
1837
2463
2745
2371
2617
1912
2805
2341
3060
2733
2070
3010
2770
2820
2997
2903
1754
1927
2364
1963
2651
2863
3157
3161
2920
2884
2331
1706
2368
1849
2682
2471
1718
3314
3005
1763
1753
2969
2046
2872
2529
2000
2869
3050
2842
1809
3058
3152
2605
2973
2217
3269
2439
1731
2227
1932
1920
2035
2680
1949
2604
2978
2706
2280
1751
3062
3258
2257
1724
3006
1939
1915
1842
2971
2243
2472
2735
3031
3131
2227
1739
1800
3305
1671
2997
3071
2028
3191
1872
1984
3110
2331
2850
2465
1831
2297
3296
2377
1955
2358
3219
2478
1827
2668
1665
1861
2400
3011
1918
2803
2568
2588
2623
2087
1733
1806
2233
3217
1736
3110
2199
2172
2651
2125
2188
1960
3094
2005
2371
2065
2501
2089
2325
2320
2063
1931
2063
1987
1660
2615
2287
2800
3066
2927
2967
3234
2061
2370
2575
3027
1920
2437
1668
1807
2550
2519
2135
3138
2082
1666
2945
1960
2923
2138
1918
2050
2406
2478
2240
2366
2860
3134
3210
1709
1826
1975
3216
3221
2660
3249
2171
2038
2373
2022
1774
3237
2969
3314
2482
2556
2459
2754
2696
1736
2071
3137
2949
2705
3288
1830
2176
2882
2134
2824
3253
2142
2501
3093
2331
3106
2919
2205
1780
2343
2417
1893
2223
2652
2774
2902
3088
2644
1885
3038
3293
1949
1817
2043
3315
2864
3037
2462
3148
1935
3052
2173
2423
1663
1879
2001
3054
2415
1734
2852
3165
2244
1844
2787
3158
2407
2849
2528
2509
2226
3279
1703
2527
2570
2855
2084
2207
2102
2187
2194
2838
2214
3201
2263
3028
3080
2676
2474
3293
2732
2305
3054
2644
1981
2986
2133
1793
2527
2896
1935
3200
3308
3088
2844
2480
3135
3028
1763
3126
2348
2992
2254
2944
2836
3029
2645
1828
1979
2917
2415
3298
3286
2096
1759
2393
2235
3152
2854
2948
2771
1716
3190
2767
2643
1934
1803
2191
2792
2720
2878
2255
2536
2371
2350
3025
2144
2616
1792
2491
1898
2227
2168
2439
1702
2237
2950
1821
3017
2078
3021
2478
2338
2854
2318
1905
2772
2896
2264
2721
3035
2568
2043
1736
2823
1856
2131
2069
2048
2512
1748
2828
3207
2143
1720
2833
2597
2974
2052
1672
2857
2873
2614
2410
2865
2629
3035
2176
1688
3280
2805
2769
3011
3263
2304
1706
2062
2702
2356
2345
2857
2501
1708
2664
3105
2704
2761
1766
3186
2540
2935
1880
3209
1954
2417
2224
2498
2288
2498
3018
2114
2436
2213
2983
2554
3063
2576
3257
1739
2414
1841
1902
2969
3018
3213
3015
2270
1932
2260
2294
2500
2235
2281
2024
2293
3072
2113
1983
1935
2107
2579
2162
2167
2645
2797
2288
2471
1939
2355
2602
1953
3072
2590
2370
3301
2908
2448
2571
2158
1721
1919
2013
3144
2969
1991
1741
3107
2002
2371
3133
2148
1971
2806
1948
1883
2538
2326
3293
3123
2599
3052
2078
2026
2591
2482
1718
2364
2721
2921
3184
3036
2279
2847
2536
1749
3135
2365
1959
2214
1672
3285
2304
2887
2683
2453
3004
3302
2323
2468
1717
2719
2942
2196
2535
2140
2343
2276
2822
1703
2950
2466
3020
3041
2181
1771
2180
2380
1687
2819
2417
2952
2114
1795
2934
1999
2779
2820
2808
3040
3196
2238
1714
2866
2061
2970
2806
1741
2806
2867
3010
3126
1972
2521
2371
2851
2355
2510
3164
2082
3242
1881
2179
1852
3235
2447
1847
3193
2535
3296
2295
2222
3215
3111
3041
1763
2491
3097
3021
2772
2776
2522
3088
2183
2876
2280
2837
2675
3253
2283
2375
2736
1767
2926
2530
2356
3110
2820
2892
2247
2888
2985
1839
1800
2336
3276
2496
3100
1996
2020
3148
2072
1908
2023
1849
2855
2482
1819
3247
3088
2567
2953
3268
2746
1661
2822
3162
1943
2252
3306
3008
1917
3063
2719
2902
2898
3059
2517
2136
2397
1875
2451
3313
2728
3233
2541
2364
2545
2428
2106
3128
2332
2635
3203
3143
2335
1684
2644
2876
2395
1974
3225
2201
2548
3174
2355
1910
1916
2023
2364
2157
1754
2980
2389
1827
2632
3304
2181
2292
3278
2541
2280
2775
2754
2086
2907
2868
2803
2184
3219
2189
3263
2149
2477
2499
2869
2033
1889
2612
3283
2149
2611
1709
2916
1751
2775
2021
2262
2885
1784
3160
2984
1966
1751
1898
1956
1681
2932
3163
2301
2838
2192
2283
2486
2020
3286
3269
3212
1927
1673
1744
3216
2149
1962
2155
1690
3191
1916
2432
2415
1929
1742
2514
3047
2912
2040
2575
2284
2040
3255
1992
2025
2152
1931
2438
1685
1985
3255
1781
3029
1978
2456
1809
1776
2037
2202
2006
2085
2595
2823
3075
2026
2334
1762
3013
2334
1728
2979
2023
3228
2459
1733
2041
3023
1861
2084
2279
2344
2419
2227
1665
2239
2094
2816
2139
2934
2709
2231
2623
2279
2371
3083
2555
3219
2837
2330
3037
1933
2707
2873
2619
3280
2424
2909
2511
2565
2441
1783
3158
1715
3001
2895
1933
2066
1705
2256
3062
2839
2407
3112
2828
2881
1965
2916
1951
2467
2626
3254
2558
2975
1890
3214
2528
1939
2891
2982
2588
2007
2422
2848
2939
1695
2331
2392
3001
3254
3098
3095
3180
2145
2450
2920
2127
2160
2425
2482
2169
2800
2934
3167
2334
1675
2093
2617
2879
2562
1883
2866
1664
2236
1753
2043
2138
2658
2171
1753
1808
1823
2294
2538
2602
1862
2431
3017
2545
2179
2591
1921
2695
3300
2408
2074
1926
2185
3100
2871
2250
2679
2036
2080
1822
1816
3221
1910
2874
2439
3307
3006
1792
2484
2497
2513
2951
2645
2616
2531
1930
3176
2160
2414
2068
2235
1985
3169
1979
2161
2862
3230
1771
1916
1876
3092
3095
2058
1685
1695
2243
2877
1688
3227
2488
2608
2437
2078
3308
2713
2825
1885
1896
2133
3175
2850
3093
2087
1674
2122
2579
2951
2926
2578
2398
3090
2381
2814
1947
2235
1817
2692
2170
2334
2551
3095
2025
2836
3249
2637
2890
3018
2377
2998
2361
2512
1935
2981
2523
1961
2595
2312
2825
1914
1966
3076
1944
3253
2593
2285
1844
1998
2814
1779
2840
2729
2370
2810
2834
2422
1889
1702
2130
2087
1812
2976
2260
3153
2224
1881
2992
3305
1964
2199
1752
2562
2967
2669
2007
2396
3088
2143
3290
2921
3023
1682
3168
3063
2848
2821
2139
2009
1974
2335
3266
3287
2861
2710
2314
2013
2102
2629
1961
1805
2984
1775
2716
2573
2751
2682
2879
2032
1660
2789
3114
2468
2792
3122
2012
1938
1923
3146
3093
1871
3264
2873
3297
2123
2519
1693
2088
2302
3292
2333
2477
2228
2151
3003
1845
2976
2336
3246
2923
2175
2800
1772
2036
2935
3262
2302
2213
2910
2649
2048
2691
2042
1825
2648
2082
1735
2404
2249
2942
1976
3021
2103
2838
2020
2850
2247
1671
2054
2169
3090
2958
3173
2575
2809
2585
1891
3020
3149
3051
2818
2220
1912
2655
1974
1867
3316
2216
2422
3055
2543
2450
2370
2289
2982
1934
2415
2002
3139
3297
3025
2332
1932
3232
1834
2154
2811
2769
2463
2896
2699
3018
1899
2144
2366
2874
3245
2133
1725
2413
1820
1835
2829
2087
2379
1951
2340
2630
2321
2384
1817
2509
2099
2240
1921
2793
2775
2241
2393
2438
1810
2612
2912
2826
1661
1790
2177
3195
1679
1971
3146
3001
3123
2180
2588
2849
1781
2059
2056
2158
2035
2038
2551
2593
2905
2171
3085
1774
2873
3295
1680
2198
2420
2585
2256
2112
2651
1740
2209
2077
2894
2424
2575
2066
3255
3222
3250
3087
3211
2757
3033
1836
3259
2929
3139
3178
2067
2262
2711
2654
2818
2096
2947
2918
2193
2753
2094
1918
3275
2300
1721
2672
1891
1673
2685
1894
1982
2370
2411
2674
2490
2243
2896
1988
2773
2791
2041
2884
1667
3235
2783
2661
2099
3130
2692
1784
1857
2070
2027
2064
2729
2381
3167
3224
2020
2945
2510
2034
3274
2303
1911
2960
2894
2811
3268
2271
2590
1999
3275
2048
2255
2928
1833
1792
2835
1826
1841
2890
2514
2969
2055
2059
2933
2600
3199
2959
1785
2042
1932
2174
2033
2499
2584
2469
2623
2663
3122
3238
3221
2255
1768
2197
2184
2783
2787
2663
2970
1848
2394
2597
2513
2434
2835
2434
2466
2701
2611
2191
2765
2501
2468
2700
1819
2505
2096
2251
3168
2134
3147
2363
2524
2493
3301
2650
1808
2824
2104
1724
2242
2982
1731
3011
2545
2373
2706
2697
2423
2169
2207
1703
2978
2720
2456
1742
2395
2334
2332
2263
2660
2960
2840
2678
1847
1900
2306
3274
2271
3246
1772
2346
3242
2040
2491
2676
2617
2895
3045
2359
2629
1872
3194
2324
2118
2391
3195
2479
2643
2884
1895
3256
2786
1829
2364
1773
2776
2943
2884
2633
2269
2003
2391
2113
2608
2241
2055
2257
2894
2369
2079
2360
2407
3075
3059
1829
1934
1984
2713
3054
1731
1985
2454
3103
2385
1836
2267
3288
3044
3266
2054
2482
1700
2493
3044
2209
2745
2879
3258
2153
2661
3286
1823
2635
3242
2381
1760
1767
2758
2553
2723
2180
3094
1778
1778
2147
2127
2256
2908
3152
2054
2326
2485
1912
3000
1948
1963
2930
2743
2916
2758
2616
2919
2265
3297
2155
1664
2715
1877
2314
2383
2382
2086
2041
3302
2166
2587
1805
3230
1712
1930
3267
3222
2205
2637
2975
2325
1811
3207
3163
2328
2173
2671
2603
2839
1692
2705
3234
2063
2977
1903
1898
2273
3234
1681
2072
2588
1973
3256
2913
3045
2829
2813
2959
3275
2066
2687
1752
2834
2414
2399
2376
2373
2817
2559
2674
3114
3165
2427
2464
3041
3268
2861
2765
2107
2077
2339
1766
2269
2873
3302
2734
2596
2342
1738
1751
3033
2444
2752
2367
2145
3117
1951
1746
3076
3237
1942
2806
2090
2205
2179
2881
1827
3129
2009
3044
3041
1694
2669
2229
1972
3166
3286
2859
2634
1825
2298
1991
2127
1862
2403
2068
2068
2399
2979
2184
1923
2888
3176
1705
2953
1770
2787
3147
2525
1722
2556
2797
1930
2370
1731
2841
2604
2866
2805
2292
2935
2200
3156
2444
2203
2627
2480
1741
3128
3247
2391
1662
2326
1922
2676
2255
3102
2278
2008
3196
2970
2008
1943
2328
3062
2024
2586
2625
3159
3281
1812
2314
1685
2432
1877
2896
2891
2016
3157
2775
2558
1956
2560
1914
1759
2289
2914
2749
2929
1678
2214
3144
1797
2739
3080
2841
3179
2785
3159
2630
3093
1715
2502
2465
1762
1864
2330
2113
2632
2749
2175
1721
2026
3171
3095
2046
1873
3202
3179
2752
2019
2983
2936
1782
2643
2927
2276
2982
2120
2389
2783
2705
1824
2084
1706
2666
2887
1762
3130
2134
1664
2937
2089
2346
2724
1744
1886
2362
3152
2457
2130
1990
1682
1992
2175
1903
3285
1954
3163
2287
2424
2964
2390
2764
2433
3157
2442
3282
1941
1684
3137
1852
2272
2393
3246
2335
2466
1910
1675
1738
1959
3226
2788
2737
2551
2519
2470
2113
3136
2152
2461
3253
2468
2955
2344
2657
3081
2706
2294
3295
2385
2577
1906
2996
2315
1826
2493
1829
3278
2753
3143
2139
3127
2368
3171
2351
2197
2134
3184
3124
2983
2373
2440
1688
2228
3255
2023
3318
2410
2817
3012
2050
2532
2330
1725
1747
3139
2080
2341
3191
2562
1678
1974
2668
2197
2826
3209
2880
3222
3099
2602
3131
3259
2468
2841
2459
2757
2836
1787
2227
2619
2842
3222
3095
3052
1694
2563
2432
3014
2615
1821
2191
2228
2027
2396
2269
2968
3036
2992
2090
2588
2570
2566
3154
3205
2640
2319
2505
2260
2476
3098
2914
2338
1743
2716
2642
2897
2298
2155
2479
2464
2721
2413
2131
2279
1808
1832
2426
2528
1686
1810
2145
2785
1871
1775
2520
2315
2326
2982
2884
2120
2691
1752
2437
2944
2189
1859
1868
2096
3121
2539
2486
2241
3218
2944
2512
2666
2408
2129
2084
3213
2499
2888
1945
2741
2825
2186
2684
1902
2863
2960
1667
2097
1994
1692
2452
1932
1896
2733
2181
1982
3083
2574
2889
3280
2983
1976
2493
3277
2546
2186
2530
2143
2080
2609
2221
3288
2615
1867
2231
2513
2854
1685
2063
2523
2984
2755
3033
2339
1875
2920
3065
1864
3149
2649
2821
2615
2083
2704
2295
2292
2062
2788
1772
2260
2606
2609
2584
1800
2425
2879
1677
2749
2811
2260
2177
2655
1678
2772
2211
1856
2025
1906
2539
2353
2355
3086
2834
3241
2530
2951
1707
2731
3109
2833
1706
1704
3280
3044
2714
2125
2261
3096
2317
2744
2697
2655
2622
3018
2108
2221
3265
2489
1894
2847
2457
3066
2881
3223
1751
2307
2422
1871
1672
1826
1681
1983
2326
2925
1910
2954
1923
2246
2783
2176
2597
2564
1882
2233
2932
1932
2898
3055
1855
2352
2435
1829
2910
2956
1907
2971
1977
2590
2409
3017
2173
2072
1786
2753
1800
2288
1965
2680
3013
2694
3047
2969
1731
2837
3314
2097
2702
3161
3216
1698
1971
1676
3078
3151
2135
2991
2975
2296
2450
3114
2260
3018
2825
3308
2646
3147
1863
1719
1962
3033
2815
2388
2476
1735
2615
2197
3160
3154
2601
2722
1676
1694
2180
1897
3119
2363
1664
2432
1905
2138
1948
2402
2512
1809
3197
3154
2773
3299
2867
3199
3300
3223
2953
1974
1786
2344
2093
1797
3237
3190
2334
2310
2732
2981
2741
2832
2103
2334
2847
1834
1826
2052
2923
1960
2623
3182
2680
2171
2936
2345
3147
3150
1819
2812
2453
2226
1864
2600
2948
2424
2614
3227
2870
2725
2403
2649
3044
2175
2002
2126
3270
2633
3122
2360
1772
2392
2719
2920
2202
2019
1865
2193
2302
2914
2533
2453
2333
2542
2489
2870
3261
1719
2161
2058
2668
2537
2564
1804
2640
3291
2168
2525
3263
3097
2276
2813
1895
3134
2672
2331
2812
2949
2902
3113
2409
2151
2826
1824
3050
1727
2660
2505
2621
1715
1669
2076
1985
2022
2337
2820
2039
2408
2923
2822
3306
2280
1755
3022
2781
1873
1780
2060
2008
2890
3038
3282
1932
1675
2027
2203
3140
1675
2796
2282
2724
2432
2760
2487
2898
1739
1825
1816
2463
3190
2557
3164
2575
2822
1782
1789
2543
1787
1690
2170
1889
2620
2710
2660
2939
1869
2083
2218
3276
2437
3142
2079
2016
3113
1794
3191
3294
2570
2139
2003
3176
1785
3167
2131
1882
3033
1906
2568
2030
2747
2297
2183
2220
2449
2307
3155
2657
2939
2508
2210
1776
2886
2345
3281
3040
2941
2351
2259
2229
3004
1917
3123
2184
1948
2741
2044
1751
1924
2352
2926
2983
3251
2878
2459
1897
3040
2493
2966
2741
1834
1851
2692
3045
2776
2012
2149
2880
1881
3284
2694
2671
2904
2992
3217
2491
2526
2017
3221
2551
3312
2792
3298
1984
2657
1668
3036
3281
2322
3236
2227
1964
2803
2005
3058
1886
1804
2024
1944
2110
2549
2783
2371
2223
2077
2149
2326
3123
2711
2188
2414
2138
2774
1668
3125
2548
2883
1973
1802
2144
3042
2304
2785
2920
2484
2651
2687
2076
3043
1805
2324
3101
2003
3124
2519
2412
1746
2879
1693
2635
2378
2971
1701
1807
2056
2578
1803
1782
2679
2371
2824
1672
2704
2673
2899
2721
3055
2479
2528
2562
2459
2184
2103
3110
1806
2918
2868
2911
1935
3099
3145
3069
2184
3192
1758
3042
2546
2348
2914
1839
2809
2929
3268
2843
2923
2193
2758
2612
1988
1881
2785
1831
2186
2470
1772
2653
2254
2669
3022
3061
2825
1736
3049
2147
2726
1699
3120
2687
1952
1853
1700
2631
2012
2639
2532
2206
3058
2409
2794
2830
1874
2680
1913
2161
2334
3070
2627
2385
2314
2226
2482
2125
2359
3046
2181
1684
2692
2099
3143
2412
2373
3309
3219
2271
2631
2619
3287
2478
3178
1687
2371
2729
2978
1835
2313
3276
2769
3110
2895
2216
3300
2214
1984
1937
3316
2523
3133
2008
2679
2634
1837
2088
1939
2627
3012
2020
1837
1746
3156
2085
3167
3127
1819
2971
3015
2189
2325
3196
2252
1943
1880
2390
2324
3308
2505
2388
1989
3175
2858
2555
2816
2026
2474
2129
2336
2317
2714
2258
2076
1974
2431
2612
3279
1673
2872
2716
3087
2177
2268
2893
1670
1705
3199
2290
1948
2176
2586
2076
2693
3105
2793
2716
2980
2053
1745
2109
2931
2239
2535
2815
2291
3314
3198
1855
2278
2899
3181
2923
2269
1724
3089
3099
3017
3307
2232
2685
1779
2202
2378
3192
2864
2714
2796
1926
3105
2146
3035
1915
2207
3256
2751
2711
2630
2845
2533
2336
3309
1862
2934
2648
2681
2593
2923
3310
2091
1822
1771
2845
1884
2961
1671
3085
2170
2896
3275
2584
2326
1908
3231
1944
2436
2103
2446
2084
3089
2773
2934
2265
3067
1766
2759
2130
2152
2639
3130
1774
3153
2121
2470
2407
1755
2335
2572
2071
1664
3146
3150
3303
3287
2648
3111
2919
3119
1704
3134
3076
3299
2135
1671
2503
3153
2532
2959
2383
2196
1956
2667
3194
2753
2791
3279
1773
2295
2495
2192
3118
2044
3307
2830
2522
3040
2195
2386
1920
2078
2867
1715
2281
2412
2612
2409
1673
1691
2994
3142
3048
3021
2025
2712
2682
2659
2065
2172
2238
1750
3176
2639
3095
2922
2040
3202
2585
2767
2806
2256
3101
2247
2497
2310
2377
2551
1694
1892
2719
2777
2570
2146
2007
3120
2939
2301
2871
3244
3200
2551
2362
2074
3152
2764
3015
1677
1784
3118
3098
2538
2197
3029
2066
2466
2523
2642
2245
2045
2826
3146
3016
3094
2896
3310
2744
1992
2141
1892
2719
1813
2666
3215
2378
2645
3175
2937
1830
2074
3064
2334
2983
2929
2923
