134
463
331
656
10
598
241
144
201
142
429
357
47
656
358
297
116
490
730
436
161
173
697
595
281
526
234
316
108
557
109
62
743
385
112
296
123
281
559
446
704
249
145
443
250
712
599
10
360
473
134
162
318
459
162
526
425
422
281
538
156
25
264
594
515
309
422
179
213
389
638
387
412
712
174
483
400
259
205
229
266
629
731
1
615
199
278
409
86
342
103
53
320
87
503
507
599
3
702
215
283
642
550
706
343
12
183
241
411
555
371
69
653
613
295
239
522
592
724
474
62
502
355
607
145
461
472
315
468
236
473
691
184
415
340
103
68
286
578
750
162
344
392
504
147
370
39
222
372
293
156
437
589
108
686
227
377
132
730
212
524
161
211
93
430
303
670
55
5
135
416
143
204
193
393
613
644
289
561
363
33
268
263
543
528
508
361
4
120
21
108
169
183
343
51
226
342
730
549
551
468
309
123
358
168
37
251
609
358
554
285
357
508
32
504
46
439
554
289
644
449
409
495
510
624
231
389
434
175
201
535
273
566
518
555
6
281
159
526
17
362
573
340
397
550
286
531
330
698
455
419
148
374
397
208
85
7
94
315
497
143
100
77
312
163
446
247
429
445
327
134
434
566
397
266
354
533
84
211
628
425
489
32
566
607
451
151
39
526
112
597
481
483
104
201
410
315
306
282
35
567
562
423
192
489
253
330
308
280
600
128
473
429
392
368
686
604
377
617
730
583
520
288
34
400
710
442
413
248
76
362
350
540
192
614
42
347
297
635
466
175
314
359
442
255
268
14
266
570
296
323
216
478
187
494
63
480
311
584
442
231
193
357
454
323
43
212
190
209
209
38
49
184
720
177
111
452
392
571
148
563
188
346
472
424
85
117
25
496
358
551
353
306
55
135
578
541
276
260
140
393
439
597
85
524
271
299
669
487
725
461
532
604
560
239
446
150
115
116
299
506
157
106
269
458
208
45
45
52
596
365
28
469
307
290
463
61
134
483
128
360
208
423
114
341
424
105
569
503
63
687
365
435
537
470
569
9
356
289
189
322
147
71
119
120
464
288
153
149
294
590
544
467
33
703
414
30
59
4
393
631
656
190
533
557
592
449
416
534
463
343
431
94
438
318
39
460
378
420
347
649
82
368
100
216
641
189
522
494
331
576
701
604
390
363
90
28
589
604
236
580
430
524
186
10
509
382
429
169
90
640
641
135
375
356
149
294
314
392
448
46
34
244
430
304
17
570
566
279
370
471
549
8
379
525
397
671
328
45
271
212
275
448
403
263
21
239
82
574
226
436
231
320
545
42
401
166
569
375
217
150
671
355
470
251
480
41
232
247
715
257
68
160
495
396
280
387
527
601
212
54
615
604
377
668
370
30
151
300
467
80
317
250
481
154
1
186
346
547
34
525
64
138
374
455
127
71
424
338
332
249
229
302
543
190
109
87
79
307
705
1
489
41
261
160
357
325
345
166
359
485
71
331
649
692
719
348
527
594
166
386
654
471
60
413
600
292
464
285
395
248
309
499
110
367
19
351
174
422
273
130
150
79
711
220
493
88
333
297
107
326
404
477
361
349
433
381
357
447
338
652
242
156
407
526
137
560
292
565
471
532
204
515
689
264
538
311
137
62
592
653
551
688
607
489
83
664
165
604
518
409
299
195
529
241
538
435
439
419
556
443
79
301
36
559
558
124
77
95
335
433
304
177
421
125
431
93
192
644
82
208
328
441
314
337
69
430
155
276
262
251
209
422
103
369
311
287
75
269
381
401
251
558
298
712
556
575
263
475
16
103
317
184
131
588
90
631
68
520
501
107
216
312
320
577
363
240
348
331
340
353
266
464
419
209
390
321
472
46
562
2
523
286
495
458
90
32
339
174
54
205
335
588
7
53
545
390
372
37
210
436
676
89
477
269
333
184
540
480
166
650
136
224
220
486
239
156
206
414
340
386
436
140
273
53
360
146
684
433
144
69
396
172
376
240
138
576
41
262
571
203
308
669
638
469
142
45
633
184
462
448
173
57
183
237
134
322
195
590
262
60
120
371
672
646
371
505
310
362
212
607
492
577
383
226
376
88
52
272
495
508
334
578
147
172
458
627
410
398
87
680
258
729
296
240
523
229
441
210
450
504
380
261
169
639
114
54
39
357
412
279
11
138
510
123
358
421
666
413
36
186
251
388
22
529
382
131
159
144
251
106
746
334
318
148
564
601
112
479
59
107
349
345
206
344
317
533
544
237
543
508
393
76
266
73
399
401
303
324
562
214
613
650
185
691
519
202
290
249
399
680
146
311
419
248
362
260
23
379
556
346
307
725
258
172
575
477
343
625
424
236
614
174
245
319
480
342
697
13
80
665
58
86
546
86
395
630
597
402
141
356
527
30
192
27
195
511
65
413
483
633
81
738
503
251
22
170
186
161
115
246
677
193
369
629
597
433
577
531
212
210
94
486
41
305
627
60
427
151
341
282
742
548
386
196
37
654
505
241
54
234
112
182
269
266
118
192
486
295
142
562
24
395
553
45
489
746
283
352
459
571
620
279
323
496
128
659
575
323
594
571
211
264
251
4
527
520
57
379
300
297
417
39
334
189
190
529
114
586
545
266
96
53
139
679
563
547
195
518
391
571
609
191
518
525
265
176
591
643
692
150
552
670
487
746
328
70
722
481
677
419
513
425
262
359
272
575
398
425
194
479
324
46
668
371
228
339
204
656
420
519
81
115
504
194
742
678
113
371
163
296
698
59
172
435
93
451
376
349
507
708
385
698
498
356
185
553
503
460
197
371
742
246
738
607
193
265
521
56
623
66
200
252
256
288
52
336
738
696
356
267
141
332
235
462
503
617
48
40
49
287
112
89
486
305
359
415
669
126
448
461
397
600
433
510
251
207
380
720
371
202
260
166
73
189
323
11
312
223
94
295
338
448
225
349
90
353
639
414
78
324
384
27
133
175
524
252
559
219
472
245
502
592
602
21
130
203
48
334
369
126
317
152
63
425
645
512
546
485
517
184
190
221
452
227
540
528
522
405
335
705
175
545
329
211
26
415
254
297
111
536
360
234
737
200
54
282
131
1
53
430
294
617
69
203
29
488
661
272
571
314
275
205
539
576
223
166
591
24
510
606
357
388
263
288
379
48
41
182
300
442
426
140
142
251
236
321
268
172
559
40
248
346
658
358
442
378
142
178
562
272
657
505
364
438
716
736
328
324
1
67
45
530
656
65
89
606
611
524
410
118
315
222
458
113
339
625
468
192
119
56
236
24
362
50
106
58
694
43
224
562
590
286
539
560
116
535
537
209
133
431
172
355
227
412
703
529
290
414
12
374
119
156
507
505
179
599
275
700
544
436
179
210
159
141
306
309
54
633
91
174
276
224
66
515
246
412
432
479
39
686
304
502
184
327
355
630
372
459
476
404
158
544
302
15
393
652
355
397
326
662
179
54
43
82
215
659
61
533
258
324
661
281
303
619
148
605
543
552
172
226
291
282
5
429
94
87
255
722
740
137
24
407
547
193
570
227
191
212
354
404
440
341
134
196
355
336
211
291
132
213
308
595
198
590
107
551
188
507
353
76
11
413
334
513
602
186
43
66
299
263
319
698
251
359
451
165
425
698
443
685
189
221
256
48
502
584
441
19
654
488
258
657
79
564
218
273
248
74
89
537
218
661
401
143
580
358
222
578
332
285
462
83
196
318
322
511
358
339
15
485
369
51
578
530
330
704
295
731
26
545
561
452
325
380
130
468
101
53
727
345
729
593
562
317
472
198
706
296
594
163
271
619
358
272
45
434
696
58
481
586
252
575
273
603
61
136
589
577
158
241
374
459
287
166
458
43
113
317
616
18
302
434
227
340
97
266
34
540
104
3
477
666
561
232
452
541
386
270
52
43
498
162
177
633
558
479
434
235
297
518
351
133
36
37
255
282
146
481
270
66
146
389
348
161
102
3
457
563
30
10
297
204
616
96
641
380
667
139
27
502
491
453
268
290
400
28
436
360
261
325
336
420
653
575
659
346
343
662
217
130
648
514
566
115
180
607
24
609
479
227
321
407
80
386
90
81
496
204
580
208
559
535
267
114
496
209
117
296
537
31
31
362
423
287
383
297
543
418
588
463
715
78
16
295
699
472
100
403
36
52
301
119
640
602
459
403
172
233
565
165
696
435
305
544
333
178
55
179
71
294
51
364
225
168
720
402
154
149
572
469
229
78
433
554
286
394
217
419
362
230
147
422
343
123
339
121
151
693
229
121
120
89
252
3
146
103
93
159
264
542
703
272
595
574
73
80
602
503
97
80
234
131
681
719
84
350
131
679
600
554
628
657
563
452
354
87
42
170
35
658
295
129
137
396
434
396
321
394
14
242
99
208
222
72
163
82
603
611
473
42
199
312
392
218
114
492
301
289
308
425
147
291
361
442
99
165
99
331
477
309
313
133
237
299
318
168
680
348
484
722
588
153
494
434
202
107
212
510
177
116
725
742
5
378
639
496
143
359
211
308
57
300
131
614
619
91
227
308
76
