2000 2000
1 2
2 3
3 4
4 5
2 6
5 7
7 8
3 9
9 10
3 11
2 12
2 13
2 14
2 15
6 16
7 17
6 18
15 19
16 20
9 21
20 22
7 23
15 24
5 25
11 26
19 27
15 28
6 29
29 30
23 31
3 32
15 33
24 34
33 35
25 36
4 37
27 38
38 39
11 40
29 41
28 42
24 43
14 44
5 45
35 46
26 47
14 48
22 49
16 50
44 51
49 52
21 53
50 54
24 55
9 56
1 57
10 58
28 59
39 60
44 61
43 62
20 63
36 64
56 65
40 66
8 67
20 68
54 69
48 70
5 71
39 72
39 73
48 74
27 75
39 76
26 77
12 78
55 79
61 80
30 81
81 82
70 83
28 84
49 85
48 86
45 87
74 88
5 89
3 90
6 91
64 92
71 93
22 94
49 95
46 96
24 97
59 98
67 99
2 100
79 101
65 102
58 103
71 104
101 105
71 106
55 107
32 108
34 109
14 110
79 111
14 112
82 113
21 114
87 115
55 116
47 117
31 118
48 119
1 120
4 121
34 122
18 123
29 124
26 125
52 126
8 127
9 128
62 129
79 130
86 131
64 132
108 133
49 134
89 135
123 136
24 137
93 138
76 139
42 140
14 141
66 142
32 143
81 144
97 145
86 146
67 147
47 148
38 149
67 150
69 151
98 152
38 153
84 154
98 155
75 156
132 157
20 158
6 159
125 160
112 161
92 162
53 163
49 164
121 165
72 166
129 167
4 168
121 169
18 170
78 171
135 172
97 173
103 174
103 175
40 176
58 177
130 178
14 179
70 180
144 181
91 182
159 183
57 184
162 185
105 186
135 187
49 188
153 189
70 190
106 191
185 192
88 193
95 194
54 195
27 196
59 197
13 198
9 199
82 200
138 201
162 202
201 203
193 204
113 205
128 206
119 207
171 208
22 209
55 210
175 211
29 212
51 213
42 214
47 215
88 216
163 217
30 218
185 219
46 220
214 221
83 222
184 223
159 224
215 225
54 226
68 227
22 228
32 229
227 230
28 231
5 232
99 233
200 234
45 235
104 236
5 237
20 238
89 239
219 240
139 241
178 242
215 243
120 244
35 245
118 246
195 247
123 248
78 249
245 250
239 251
89 252
54 253
99 254
163 255
152 256
254 257
39 258
219 259
82 260
171 261
18 262
122 263
11 264
24 265
185 266
32 267
235 268
184 269
215 270
126 271
24 272
252 273
54 274
137 275
14 276
26 277
139 278
134 279
41 280
83 281
264 282
66 283
109 284
159 285
139 286
254 287
252 288
90 289
286 290
286 291
3 292
200 293
51 294
32 295
179 296
148 297
287 298
89 299
3 300
217 301
291 302
96 303
290 304
99 305
116 306
62 307
151 308
203 309
57 310
12 311
142 312
108 313
141 314
199 315
213 316
41 317
260 318
285 319
300 320
123 321
94 322
295 323
318 324
229 325
42 326
172 327
223 328
176 329
327 330
166 331
31 332
32 333
6 334
238 335
176 336
96 337
256 338
164 339
65 340
146 341
36 342
215 343
223 344
34 345
252 346
101 347
331 348
246 349
8 350
184 351
185 352
115 353
150 354
232 355
196 356
317 357
101 358
20 359
146 360
31 361
184 362
92 363
151 364
155 365
227 366
61 367
246 368
136 369
74 370
160 371
114 372
313 373
177 374
307 375
18 376
164 377
215 378
260 379
24 380
226 381
197 382
216 383
362 384
125 385
170 386
347 387
211 388
148 389
4 390
131 391
323 392
28 393
238 394
383 395
87 396
379 397
142 398
158 399
147 400
106 401
325 402
308 403
340 404
260 405
163 406
376 407
88 408
29 409
216 410
375 411
367 412
53 413
156 414
288 415
83 416
375 417
158 418
252 419
219 420
294 421
190 422
118 423
416 424
170 425
271 426
341 427
363 428
164 429
288 430
142 431
255 432
360 433
16 434
302 435
167 436
326 437
76 438
391 439
294 440
383 441
277 442
22 443
236 444
200 445
70 446
18 447
50 448
344 449
404 450
439 451
82 452
427 453
4 454
390 455
268 456
118 457
139 458
150 459
278 460
185 461
179 462
421 463
230 464
13 465
22 466
156 467
223 468
35 469
458 470
357 471
339 472
20 473
160 474
271 475
100 476
254 477
469 478
135 479
226 480
33 481
79 482
180 483
247 484
13 485
402 486
236 487
415 488
6 489
377 490
167 491
345 492
43 493
198 494
125 495
75 496
493 497
426 498
38 499
29 500
271 501
466 502
63 503
337 504
384 505
155 506
315 507
385 508
492 509
27 510
454 511
376 512
478 513
15 514
370 515
408 516
446 517
72 518
219 519
103 520
293 521
124 522
391 523
356 524
492 525
283 526
105 527
212 528
351 529
199 530
175 531
136 532
397 533
197 534
131 535
505 536
371 537
305 538
249 539
430 540
28 541
503 542
300 543
170 544
301 545
274 546
4 547
181 548
315 549
315 550
206 551
306 552
161 553
188 554
503 555
522 556
399 557
85 558
117 559
400 560
44 561
340 562
159 563
187 564
536 565
321 566
496 567
208 568
460 569
230 570
305 571
493 572
297 573
474 574
457 575
568 576
521 577
301 578
176 579
402 580
35 581
249 582
369 583
471 584
190 585
291 586
372 587
81 588
361 589
357 590
106 591
349 592
442 593
567 594
292 595
147 596
280 597
392 598
35 599
507 600
322 601
206 602
385 603
585 604
41 605
510 606
393 607
296 608
202 609
319 610
296 611
44 612
290 613
42 614
521 615
181 616
125 617
113 618
162 619
280 620
337 621
346 622
207 623
349 624
496 625
502 626
54 627
95 628
554 629
548 630
56 631
23 632
315 633
64 634
536 635
458 636
493 637
76 638
302 639
633 640
468 641
410 642
410 643
592 644
506 645
336 646
421 647
227 648
505 649
116 650
637 651
366 652
580 653
305 654
348 655
283 656
350 657
127 658
179 659
495 660
151 661
628 662
383 663
190 664
600 665
355 666
380 667
332 668
546 669
174 670
619 671
583 672
301 673
426 674
625 675
23 676
175 677
411 678
24 679
460 680
622 681
330 682
215 683
128 684
184 685
438 686
247 687
478 688
174 689
507 690
191 691
649 692
269 693
593 694
238 695
165 696
235 697
322 698
437 699
480 700
696 701
636 702
95 703
563 704
329 705
89 706
116 707
460 708
433 709
586 710
589 711
642 712
199 713
390 714
630 715
661 716
458 717
525 718
223 719
176 720
551 721
86 722
54 723
705 724
588 725
204 726
206 727
7 728
109 729
36 730
456 731
233 732
86 733
616 734
378 735
507 736
353 737
156 738
699 739
589 740
310 741
628 742
69 743
142 744
252 745
196 746
171 747
114 748
556 749
364 750
495 751
374 752
290 753
115 754
162 755
611 756
416 757
466 758
7 759
693 760
376 761
132 762
526 763
186 764
678 765
126 766
731 767
28 768
423 769
200 770
358 771
358 772
41 773
222 774
39 775
700 776
416 777
562 778
267 779
132 780
531 781
335 782
66 783
407 784
156 785
550 786
70 787
16 788
355 789
519 790
313 791
697 792
568 793
591 794
622 795
771 796
208 797
708 798
216 799
9 800
16 801
121 802
568 803
139 804
83 805
756 806
407 807
243 808
384 809
612 810
320 811
687 812
184 813
64 814
649 815
814 816
85 817
650 818
286 819
808 820
699 821
203 822
422 823
628 824
569 825
70 826
512 827
392 828
41 829
263 830
350 831
100 832
118 833
98 834
299 835
442 836
157 837
471 838
277 839
196 840
425 841
235 842
306 843
274 844
222 845
19 846
29 847
438 848
435 849
638 850
836 851
306 852
484 853
662 854
5 855
674 856
83 857
15 858
414 859
260 860
431 861
355 862
181 863
416 864
256 865
213 866
245 867
103 868
759 869
133 870
127 871
329 872
394 873
488 874
188 875
467 876
136 877
479 878
802 879
555 880
741 881
645 882
318 883
161 884
361 885
629 886
592 887
459 888
106 889
562 890
829 891
181 892
648 893
156 894
558 895
287 896
470 897
621 898
844 899
511 900
749 901
460 902
90 903
101 904
761 905
395 906
649 907
606 908
200 909
885 910
186 911
911 912
299 913
573 914
81 915
484 916
723 917
391 918
97 919
23 920
698 921
606 922
398 923
40 924
745 925
796 926
6 927
365 928
18 929
425 930
478 931
178 932
157 933
75 934
826 935
189 936
679 937
457 938
207 939
875 940
481 941
731 942
719 943
558 944
147 945
18 946
692 947
387 948
845 949
195 950
902 951
694 952
864 953
484 954
477 955
813 956
415 957
566 958
795 959
640 960
374 961
73 962
489 963
134 964
611 965
401 966
705 967
5 968
97 969
807 970
798 971
151 972
185 973
113 974
659 975
159 976
889 977
219 978
845 979
280 980
856 981
837 982
523 983
150 984
469 985
493 986
976 987
13 988
38 989
839 990
932 991
979 992
525 993
272 994
499 995
399 996
775 997
569 998
720 999
285 1000
998 1001
941 1002
345 1003
973 1004
271 1005
589 1006
1004 1007
619 1008
381 1009
66 1010
828 1011
269 1012
580 1013
828 1014
6 1015
160 1016
738 1017
621 1018
721 1019
289 1020
68 1021
364 1022
181 1023
890 1024
630 1025
93 1026
25 1027
692 1028
917 1029
504 1030
552 1031
740 1032
224 1033
422 1034
834 1035
761 1036
441 1037
814 1038
835 1039
5 1040
5 1041
917 1042
37 1043
194 1044
985 1045
755 1046
1027 1047
456 1048
386 1049
827 1050
934 1051
1044 1052
345 1053
804 1054
79 1055
478 1056
421 1057
639 1058
664 1059
747 1060
949 1061
552 1062
155 1063
550 1064
1051 1065
10 1066
534 1067
1013 1068
728 1069
447 1070
21 1071
775 1072
21 1073
520 1074
439 1075
972 1076
475 1077
244 1078
636 1079
123 1080
646 1081
405 1082
601 1083
99 1084
244 1085
75 1086
910 1087
252 1088
192 1089
507 1090
157 1091
275 1092
463 1093
149 1094
322 1095
393 1096
348 1097
536 1098
1091 1099
17 1100
858 1101
469 1102
53 1103
1032 1104
21 1105
1087 1106
222 1107
208 1108
827 1109
780 1110
209 1111
935 1112
983 1113
1045 1114
272 1115
810 1116
1116 1117
290 1118
924 1119
1085 1120
229 1121
296 1122
351 1123
154 1124
845 1125
100 1126
724 1127
705 1128
582 1129
351 1130
338 1131
965 1132
959 1133
220 1134
548 1135
378 1136
251 1137
676 1138
650 1139
1110 1140
343 1141
856 1142
653 1143
266 1144
3 1145
1129 1146
428 1147
386 1148
322 1149
808 1150
1079 1151
829 1152
810 1153
903 1154
1122 1155
584 1156
168 1157
1156 1158
728 1159
1010 1160
1089 1161
248 1162
847 1163
149 1164
655 1165
363 1166
98 1167
826 1168
1050 1169
603 1170
616 1171
738 1172
422 1173
206 1174
558 1175
896 1176
395 1177
196 1178
1009 1179
637 1180
781 1181
182 1182
83 1183
969 1184
698 1185
1049 1186
319 1187
178 1188
931 1189
191 1190
1076 1191
304 1192
893 1193
317 1194
277 1195
240 1196
518 1197
490 1198
1068 1199
127 1200
356 1201
748 1202
755 1203
49 1204
602 1205
638 1206
576 1207
1155 1208
395 1209
23 1210
777 1211
190 1212
870 1213
633 1214
2 1215
465 1216
550 1217
958 1218
1030 1219
93 1220
679 1221
563 1222
724 1223
1102 1224
192 1225
117 1226
822 1227
927 1228
388 1229
982 1230
350 1231
190 1232
297 1233
938 1234
185 1235
113 1236
1155 1237
655 1238
525 1239
902 1240
509 1241
764 1242
858 1243
390 1244
509 1245
42 1246
449 1247
288 1248
598 1249
436 1250
244 1251
625 1252
108 1253
866 1254
896 1255
884 1256
97 1257
175 1258
960 1259
1164 1260
135 1261
1020 1262
368 1263
1066 1264
384 1265
1023 1266
1054 1267
797 1268
901 1269
1188 1270
525 1271
427 1272
2 1273
868 1274
1132 1275
717 1276
222 1277
301 1278
758 1279
1224 1280
53 1281
498 1282
402 1283
966 1284
431 1285
1001 1286
1099 1287
488 1288
86 1289
432 1290
254 1291
1286 1292
488 1293
704 1294
1077 1295
300 1296
54 1297
894 1298
206 1299
716 1300
1270 1301
63 1302
984 1303
780 1304
993 1305
783 1306
1253 1307
531 1308
397 1309
939 1310
470 1311
365 1312
1300 1313
663 1314
1007 1315
798 1316
675 1317
898 1318
445 1319
634 1320
420 1321
51 1322
1128 1323
311 1324
734 1325
1017 1326
1183 1327
1323 1328
507 1329
104 1330
734 1331
1213 1332
258 1333
688 1334
541 1335
1120 1336
620 1337
1203 1338
49 1339
1168 1340
154 1341
150 1342
52 1343
655 1344
886 1345
376 1346
818 1347
57 1348
1246 1349
824 1350
278 1351
295 1352
14 1353
614 1354
249 1355
584 1356
388 1357
342 1358
1358 1359
138 1360
143 1361
30 1362
98 1363
1308 1364
570 1365
1125 1366
468 1367
301 1368
846 1369
474 1370
506 1371
346 1372
1238 1373
436 1374
69 1375
357 1376
1047 1377
277 1378
1077 1379
319 1380
311 1381
493 1382
417 1383
833 1384
625 1385
832 1386
339 1387
663 1388
38 1389
302 1390
919 1391
262 1392
1238 1393
1117 1394
1386 1395
1123 1396
660 1397
608 1398
400 1399
1231 1400
308 1401
139 1402
614 1403
57 1404
782 1405
386 1406
116 1407
1192 1408
374 1409
1047 1410
779 1411
325 1412
160 1413
1226 1414
1012 1415
181 1416
812 1417
615 1418
403 1419
1164 1420
1294 1421
395 1422
753 1423
173 1424
278 1425
337 1426
328 1427
65 1428
452 1429
312 1430
816 1431
842 1432
1039 1433
650 1434
220 1435
666 1436
1254 1437
488 1438
995 1439
530 1440
309 1441
6 1442
989 1443
1110 1444
993 1445
541 1446
946 1447
1401 1448
1308 1449
98 1450
1132 1451
343 1452
726 1453
274 1454
1408 1455
849 1456
746 1457
285 1458
52 1459
896 1460
377 1461
1367 1462
844 1463
642 1464
1329 1465
1139 1466
591 1467
1249 1468
230 1469
1330 1470
1432 1471
294 1472
847 1473
1421 1474
112 1475
987 1476
810 1477
1178 1478
1256 1479
496 1480
685 1481
1256 1482
203 1483
747 1484
1398 1485
967 1486
1187 1487
491 1488
836 1489
1225 1490
768 1491
623 1492
1197 1493
430 1494
225 1495
12 1496
982 1497
1489 1498
1118 1499
929 1500
468 1501
1457 1502
295 1503
459 1504
572 1505
948 1506
1097 1507
1078 1508
883 1509
606 1510
171 1511
953 1512
972 1513
988 1514
1292 1515
1510 1516
125 1517
588 1518
160 1519
148 1520
293 1521
193 1522
1462 1523
603 1524
986 1525
1395 1526
1478 1527
996 1528
1271 1529
451 1530
1230 1531
1460 1532
105 1533
1158 1534
639 1535
771 1536
1224 1537
970 1538
637 1539
366 1540
1387 1541
1324 1542
1448 1543
1532 1544
879 1545
839 1546
310 1547
859 1548
716 1549
427 1550
1063 1551
364 1552
1110 1553
191 1554
270 1555
489 1556
848 1557
1093 1558
947 1559
655 1560
890 1561
1334 1562
439 1563
1476 1564
549 1565
1000 1566
35 1567
1105 1568
133 1569
814 1570
504 1571
473 1572
552 1573
1269 1574
1237 1575
158 1576
996 1577
1193 1578
1417 1579
1276 1580
719 1581
986 1582
1276 1583
1087 1584
457 1585
611 1586
1524 1587
368 1588
603 1589
1489 1590
270 1591
870 1592
816 1593
483 1594
172 1595
988 1596
974 1597
1064 1598
652 1599
1014 1600
55 1601
535 1602
24 1603
811 1604
1213 1605
991 1606
22 1607
524 1608
692 1609
1363 1610
947 1611
1521 1612
1570 1613
1570 1614
409 1615
1105 1616
822 1617
744 1618
301 1619
286 1620
920 1621
721 1622
523 1623
1426 1624
692 1625
36 1626
999 1627
356 1628
64 1629
610 1630
1426 1631
90 1632
770 1633
903 1634
1430 1635
1419 1636
30 1637
644 1638
346 1639
1042 1640
1054 1641
68 1642
1551 1643
1040 1644
717 1645
759 1646
261 1647
1118 1648
1421 1649
672 1650
301 1651
326 1652
1511 1653
663 1654
1024 1655
1095 1656
259 1657
1263 1658
915 1659
1305 1660
1097 1661
1176 1662
328 1663
951 1664
477 1665
1277 1666
450 1667
223 1668
581 1669
1048 1670
789 1671
317 1672
1133 1673
109 1674
847 1675
214 1676
731 1677
791 1678
504 1679
302 1680
1140 1681
260 1682
686 1683
1060 1684
1241 1685
4 1686
479 1687
1093 1688
167 1689
1272 1690
1319 1691
776 1692
433 1693
1117 1694
1219 1695
414 1696
331 1697
574 1698
455 1699
1023 1700
501 1701
702 1702
1163 1703
1376 1704
401 1705
583 1706
1176 1707
1098 1708
394 1709
562 1710
1448 1711
1315 1712
701 1713
1341 1714
270 1715
858 1716
1042 1717
1464 1718
95 1719
1126 1720
1669 1721
463 1722
152 1723
629 1724
772 1725
754 1726
867 1727
256 1728
1496 1729
520 1730
971 1731
345 1732
143 1733
4 1734
436 1735
857 1736
1038 1737
155 1738
804 1739
468 1740
200 1741
66 1742
1661 1743
660 1744
929 1745
376 1746
1452 1747
1240 1748
1204 1749
998 1750
1235 1751
733 1752
1629 1753
1367 1754
658 1755
910 1756
601 1757
1568 1758
1272 1759
975 1760
1311 1761
404 1762
47 1763
1480 1764
1047 1765
711 1766
582 1767
210 1768
375 1769
709 1770
563 1771
666 1772
47 1773
1523 1774
565 1775
1538 1776
121 1777
168 1778
1605 1779
584 1780
1350 1781
930 1782
663 1783
371 1784
944 1785
1503 1786
1582 1787
1688 1788
594 1789
7 1790
1048 1791
540 1792
1236 1793
463 1794
398 1795
909 1796
9 1797
1198 1798
529 1799
952 1800
259 1801
93 1802
1771 1803
488 1804
682 1805
1572 1806
268 1807
1583 1808
273 1809
243 1810
220 1811
1626 1812
691 1813
1034 1814
419 1815
1772 1816
690 1817
197 1818
538 1819
1621 1820
342 1821
235 1822
616 1823
149 1824
1180 1825
1744 1826
646 1827
1102 1828
1492 1829
1564 1830
1326 1831
1626 1832
770 1833
83 1834
1047 1835
785 1836
1451 1837
1641 1838
510 1839
63 1840
466 1841
371 1842
1476 1843
562 1844
1835 1845
1262 1846
255 1847
1670 1848
354 1849
1287 1850
1647 1851
226 1852
1244 1853
843 1854
386 1855
88 1856
1678 1857
1090 1858
1746 1859
1325 1860
1012 1861
900 1862
29 1863
1480 1864
1093 1865
375 1866
425 1867
775 1868
719 1869
1251 1870
317 1871
1484 1872
756 1873
597 1874
1849 1875
1098 1876
401 1877
1857 1878
837 1879
853 1880
202 1881
315 1882
1055 1883
1306 1884
689 1885
1203 1886
1241 1887
829 1888
1279 1889
162 1890
245 1891
785 1892
1782 1893
281 1894
1639 1895
1786 1896
1874 1897
782 1898
560 1899
725 1900
1876 1901
547 1902
98 1903
536 1904
495 1905
1248 1906
686 1907
820 1908
430 1909
188 1910
1401 1911
1271 1912
152 1913
26 1914
1155 1915
1335 1916
189 1917
1688 1918
1020 1919
785 1920
1164 1921
1337 1922
1646 1923
1075 1924
1145 1925
181 1926
1537 1927
1335 1928
57 1929
893 1930
726 1931
1289 1932
1330 1933
318 1934
414 1935
1193 1936
1556 1937
1035 1938
529 1939
1550 1940
304 1941
1865 1942
619 1943
1701 1944
1472 1945
731 1946
551 1947
790 1948
89 1949
961 1950
1712 1951
1479 1952
1848 1953
608 1954
1398 1955
672 1956
960 1957
1685 1958
1368 1959
1282 1960
1076 1961
1349 1962
1102 1963
258 1964
1464 1965
1694 1966
670 1967
1378 1968
1043 1969
863 1970
1451 1971
674 1972
1754 1973
1931 1974
1797 1975
1527 1976
1825 1977
619 1978
1705 1979
1432 1980
1479 1981
961 1982
522 1983
1082 1984
1859 1985
1938 1986
902 1987
214 1988
297 1989
755 1990
218 1991
314 1992
1154 1993
179 1994
168 1995
79 1996
1412 1997
1906 1998
1432 1999
1994 2000
70 438
1048 1623
712 1127
999 1895
1310 1319
361 1836
1301 1567
939 1095
634 860
133 367
223 1382
926 1360
10 982
1068 1945
145 1767
559 934
1837 1958
556 1315
669 1906
330 1209
1225 1396
690 877
963 1980
323 1948
455 840
666 1414
1592 1836
773 1170
1840 1953
449 1466
24 1959
1734 1795
641 1981
1001 1461
546 669
122 1331
65 372
1027 1350
352 1673
974 1543
479 1992
667 956
1583 1728
188 1887
1653 1919
687 1877
420 1677
9 23
1060 1483
1010 1605
340 504
79 568
1063 1428
1414 1946
1100 1271
1308 1931
263 1262
597 1196
342 784
613 1434
120 436
464 489
539 864
473 1598
346 1482
1201 1555
173 1985
1587 1768
65 1412
864 1353
660 1688
794 1301
1275 1742
497 1968
282 525
580 1312
402 1069
128 940
284 600
629 890
433 796
957 1830
780 1949
543 543
366 1895
53 1758
555 903
181 1705
553 644
148 1520
728 835
1184 1236
148 1311
431 527
262 1768
694 1411
563 1592
2 1694
544 1893
258 589
346 791
662 1697
366 1601
596 1877
376 919
105 116
1455 1651
1340 1602
218 1313
384 1574
147 1986
548 619
620 1738
594 1630
1182 1515
239 657
1252 1879
353 1831
581 1970
427 1240
894 957
411 1344
544 1035
365 1856
1100 1252
1237 1781
399 1246
137 1336
730 1370
965 1236
263 1556
493 1893
597 807
324 1128
750 1178
367 486
1643 1710
538 896
744 1612
745 1996
525 712
1584 1957
1275 1720
996 1644
801 961
231 1063
475 516
1674 1908
231 1072
249 802
1168 1332
734 1326
1230 1981
1863 1973
959 1945
320 656
1483 1904
964 1109
608 1975
104 776
334 1568
190 435
97 809
108 232
679 1261
362 832
429 1917
10 1687
1897 1901
1841 1982
654 1211
693 848
164 557
153 531
256 1123
690 1658
942 1848
102 1476
296 1935
333 975
1164 1196
1688 1976
1080 1375
1328 1985
318 1627
838 1521
368 971
1879 1882
35 883
5 762
290 419
1046 1231
266 521
914 1332
16 456
1651 1888
1179 1575
610 1978
1301 1962
1280 1938
279 1458
117 1602
177 350
1060 1480
384 593
1026 1064
110 1012
608 1629
292 982
542 1437
307 781
1439 1838
708 1416
8 447
384 1377
8 1287
193 1755
370 1609
105 1440
840 1781
385 1196
1396 1865
473 1305
639 1376
1116 1918
75 1422
1050 1514
1259 1757
58 929
117 658
441 1403
665 986
625 1510
1355 1966
416 1487
800 805
682 1022
339 547
275 1846
961 977
544 1051
734 1593
345 916
197 1350
402 1466
854 1194
1220 1870
179 1081
846 1885
1046 1613
1371 1851
53 765
1224 1663
391 1069
1719 1937
29 480
1114 1121
37 425
126 1458
233 1859
1438 1591
1053 1162
1583 1659
243 856
1468 1640
468 1190
1584 1842
1065 1594
336 1247
133 1535
54 513
367 1175
791 1627
1084 1563
147 916
858 1295
347 1584
19 1594
281 613
449 1748
253 1268
446 1290
852 883
450 1511
1219 1995
336 1272
702 860
798 838
360 1492
273 407
506 1567
441 1264
265 1635
34 546
599 834
645 1203
102 1934
1305 1649
817 1159
35 106
441 1505
364 1658
456 1143
986 1201
815 1474
1393 1673
1008 1392
113 1657
147 994
554 1593
1198 1332
795 1433
443 1132
300 1089
1546 1953
686 1810
343 1987
173 1481
798 1726
818 1965
562 1551
942 1637
101 1570
563 598
599 1151
507 1931
701 1302
184 1715
96 1156
401 483
701 1168
210 1039
382 1510
660 871
459 1689
9 976
250 964
171 951
1064 1900
1086 1663
1403 1592
103 1945
1245 1659
286 1341
814 1120
93 1515
287 302
148 905
1035 1776
1159 1494
134 1464
65 1502
804 1449
236 513
1056 1673
458 527
471 1264
509 912
481 1549
201 1647
293 668
1306 1513
417 946
1453 1980
192 964
7 1473
1097 1327
72 898
130 659
1185 1410
288 331
1946 1994
905 1110
806 1942
805 1006
1472 1588
1100 1650
595 1129
582 1517
60 575
399 1545
67 993
138 1725
207 1890
1148 1651
1743 1830
89 290
1751 1775
581 1345
150 1693
1280 1938
1588 1973
732 1102
182 248
35 1108
307 1931
725 1507
1275 1583
862 1165
141 361
236 1167
190 1809
324 1965
20 1559
897 1603
169 834
494 883
421 1966
955 1595
565 1981
414 1223
272 1911
1185 1948
1161 1855
347 701
220 1522
63 582
28 1257
27 1586
923 1277
1189 1797
109 423
529 642
236 740
1304 1835
249 568
478 526
473 520
15 726
715 1634
1073 1507
6 934
961 1569
1615 1948
899 1243
439 1222
1330 1391
33 1213
211 1952
45 620
1188 1607
132 645
1165 1665
31 957
242 942
746 1314
31 800
368 1672
992 1638
242 315
880 1889
270 1032
596 1218
654 1428
547 1274
505 1473
461 469
477 988
1633 1944
227 508
1237 1605
36 1540
1563 1635
626 756
1070 1200
431 1219
602 958
528 701
1197 1354
95 1955
979 1779
599 1439
248 1587
232 268
775 1882
458 1119
350 379
13 1506
261 264
991 1464
561 1683
992 1894
946 1163
359 1519
652 1474
454 1630
1052 1604
203 1421
990 1688
435 1224
814 1244
342 1192
1847 1945
209 1556
460 898
24 142
269 1459
621 1133
652 1215
218 979
477 1784
80 199
1188 1619
529 635
1421 1658
471 1752
93 664
961 1662
292 1570
751 1169
467 1544
892 1925
376 1812
897 1378
228 1027
1503 1595
11 146
1198 1935
921 1764
79 1422
341 1830
244 1356
258 1923
316 566
1827 1836
293 1668
911 1379
570 1191
1286 1466
568 665
515 1693
519 1704
660 805
775 1253
1331 1725
65 548
792 1161
1435 1773
440 1049
352 1227
19 276
6 1519
88 1281
566 1196
116 1554
1230 1246
982 1749
1301 1993
554 905
630 1119
236 1667
1046 1748
810 818
210 1182
1258 1885
1436 1885
954 1903
1535 1890
1394 1438
101 1299
1682 1905
544 886
197 1782
687 1230
348 750
1316 1337
366 713
1085 1175
618 1531
1140 1384
503 1171
757 1024
477 913
292 1870
702 744
606 1168
63 777
559 1491
259 1072
1360 1597
1264 1420
697 1785
133 1976
1312 1858
750 1047
997 1604
20 218
361 694
1004 1285
915 1986
82 1747
523 592
144 434
755 1433
1029 1506
114 1277
644 1162
620 1413
724 1646
477 748
1771 1826
351 1988
1063 1845
1033 1481
418 1947
164 1467
380 410
875 1039
823 1195
1052 1629
95 204
328 847
93 1256
1254 1818
647 816
1 586
472 703
316 925
309 1766
149 183
255 1967
634 699
89 376
1509 1922
911 1489
974 1114
1583 1653
313 1191
130 1745
444 913
444 776
1247 1498
775 1146
1263 1915
63 1083
1690 1798
29 496
675 756
183 936
677 1846
2 24
960 1606
7 1272
103 1148
1591 1753
529 1015
386 865
127 1884
41 1639
1073 1498
455 1295
762 835
142 1437
1077 1942
971 1971
923 1994
234 972
1330 1952
1099 1857
1433 1609
447 1042
489 1779
616 1311
14 1301
1008 1512
374 1815
1158 1487
649 1300
943 1275
728 1246
1650 1913
1236 1591
235 1894
443 566
350 993
386 404
796 1244
164 459
178 1859
111 1219
41 836
1033 1198
33 323
497 1949
975 1225
887 1546
1137 1226
123 1813
1040 1382
607 726
1010 1389
536 1111
254 1627
464 994
156 1457
196 1682
292 1066
966 1393
242 1451
425 915
460 1818
1395 1664
1786 1948
1207 1682
1177 1814
407 565
1175 1870
1100 1428
446 1496
244 1651
277 1902
198 545
1343 1942
793 1863
183 777
352 1569
1232 1588
1747 1888
1305 1369
545 1569
1118 1975
645 1461
561 1844
424 1691
667 1358
1611 1693
944 1890
286 507
369 1832
366 1430
998 1497
718 1085
582 816
1324 1950
120 892
847 1590
307 1218
234 1414
657 1219
576 1456
1149 1676
538 619
1045 1390
1221 1256
1037 1765
1262 1939
34 1008
615 698
21 1823
294 917
1264 1763
235 833
69 820
246 1288
1702 1829
215 1504
1105 1202
122 591
501 1729
164 265
102 765
1150 1526
223 1461
117 1635
595 1033
1858 1928
515 1147
1043 1215
1334 1640
854 1162
1421 1693
665 894
525 1138
1377 1485
1218 1648
1641 1982
101 1519
1484 1561
93 1600
688 1195
984 1474
130 897
291 1988
1344 1674
550 1931
835 1623
322 1852
517 846
353 1341
559 574
214 352
452 892
84 727
177 364
326 1910
1216 1309
464 1735
1723 1790
755 1486
685 1396
35 582
356 659
785 1175
126 1553
478 1527
230 1036
279 691
681 1127
1006 1396
1303 1683
870 1305
1040 1344
1133 1685
439 1114
618 861
1004 1475
134 1442
227 1711
1615 1660
704 1539
91 92
1135 1768
369 801
261 1726
196 1915
1761 1853
1104 1136
820 1244
357 588
1558 1611
1217 1437
561 1010
624 1570
1582 1588
590 643
682 1472
733 1239
168 1454
391 428
939 1179
694 1291
791 1829
34 394
648 1334
258 742
310 891
47 1803
1319 1968
426 1259
1368 1549
1020 1901
49 634
216 611
87 1001
995 1617
1688 1939
908 1081
1653 1868
515 1114
207 986
228 1125
516 1171
31 1835
808 1138
1039 1093
175 1345
58 575
1020 1978
416 1142
136 373
311 385
175 1644
42 1744
1209 1648
634 909
33 1416
1213 1931
1555 1595
117 1044
403 1561
82 929
492 906
883 1856
997 1863
235 1651
35 1485
11 898
641 1678
53 1325
1313 1849
310 1264
1697 1875
1195 1251
1469 1663
223 646
1080 1224
129 1504
1359 1571
1011 1785
707 1013
20 543
917 1047
554 1076
958 1909
753 1757
270 1062
1373 1966
919 1288
757 1216
213 581
979 1804
482 1292
1214 1932
192 1295
999 1251
307 1018
1706 1793
286 346
194 781
1303 1885
302 1572
1299 1674
586 1537
944 1104
1342 1525
673 1317
608 1680
1506 1964
174 1698
1172 1258
948 1916
189 740
826 1973
1106 1438
740 1019
990 1672
288 664
200 1698
641 874
215 1656
517 1324
197 1239
283 745
160 456
794 1769
1627 1741
36 167
9 832
269 992
362 1114
103 1361
376 386
83 391
927 1616
582 723
182 1240
1421 1905
540 1788
165 1947
958 995
67 974
102 1050
233 1140
462 484
854 1575
214 1197
30 1582
589 772
1515 1664
387 739
449 568
705 1978
117 1988
152 1244
415 591
481 1461
510 1564
934 1055
743 1396
1538 1596
970 1087
161 1351
668 1101
122 684
508 967
1422 1767
1076 1751
472 1415
67 1867
281 1919
657 1379
572 1113
46 241
1335 1627
1441 1516
763 1282
954 1442
113 1622
235 894
305 1860
78 1094
521 1627
450 1828
46 1936
516 1854
326 1525
1584 1790
96 1824
74 1835
1158 1628
439 1942
742 895
232 854
516 1125
1172 1440
886 1337
1315 1601
1406 1428
1341 1764
631 1473
150 1546
155 1130
603 1939
126 953
463 676
969 1753
494 1253
1485 1864
731 1699
961 1491
255 649
376 1855
1781 1963
78 1635
1107 1474
709 1371
1215 1609
500 1899
1805 1817
24 845
619 1776
1813 1871
28 621
320 1707
1020 1111
1365 1810
537 1668
1219 1983
669 1205
60 494
664 1120
272 1865
335 364
170 503
520 546
1138 1347
321 1512
1294 1361
1419 1891
1001 1613
438 1774
365 458
662 1936
440 1330
851 1140
1803 1824
40 1971
426 657
403 596
1159 1275
858 1141
764 1813
476 721
611 1106
1070 1895
684 1612
328 1195
1141 1856
263 1932
1538 1755
1135 1361
1457 1557
335 1400
113 154
1282 1623
422 1780
480 544
586 1200
44 1019
163 1265
126 1113
660 1949
453 1441
515 1068
52 1725
822 859
730 1764
315 1515
779 1064
21 345
152 753
1118 1233
56 1047
418 784
99 1298
1563 1682
1423 1630
222 1876
1089 1423
1147 1295
468 1492
5 1608
671 1197
613 1474
1801 1846
553 1309
779 1998
137 1044
834 1273
1284 1813
570 1495
1198 1993
1476 1772
220 898
860 1514
44 703
400 1981
662 1529
136 1422
493 1574
333 1802
127 682
615 932
78 1765
1887 1890
457 1400
597 1384
801 860
368 1020
109 1579
505 885
282 1217
1256 1295
678 1097
1590 1782
115 603
1081 1743
674 796
873 1696
790 1582
189 763
390 498
1137 1190
1357 1505
561 1818
1083 1797
322 1716
1365 1577
462 1363
606 1144
403 1561
497 1610
406 641
336 1522
311 1630
270 744
659 851
1242 1987
950 1849
761 1843
767 926
558 1440
993 1922
355 1369
735 1974
1489 1851
1460 1534
527 1985
217 1858
862 1847
520 1131
590 1370
183 1790
1709 1990
1133 1551
251 750
828 1659
173 1691
1059 1581
667 879
729 1384
156 1270
492 541
757 1796
350 1009
603 869
140 1545
281 591
651 1727
622 1211
553 1371
1733 1814
1382 1504
1314 1905
914 1135
649 1980
487 1864
270 404
417 979
1512 1680
115 1426
900 1917
11 1842
89 549
492 1170
1300 1397
892 1465
625 1129
968 1385
233 1938
519 1918
734 1233
756 1855
1137 1734
271 1001
48 1765
665 1467
316 1477
506 1216
1350 1565
737 1216
746 1981
226 680
605 1999
543 1610
128 583
168 812
862 1567
22 350
644 1653
1350 1417
816 1044
81 1711
644 939
561 927
15 640
128 1737
808 1995
952 1962
1158 1571
93 1494
50 657
260 911
223 633
227 1613
962 1628
671 1644
76 130
734 773
12 1014
1333 1653
26 1461
21 1389
620 1350
129 1324
817 1272
221 1322
832 1825
47 584
196 1816
274 1444
269 1158
466 1639
344 1199
411 1358
96 1210
1362 1588
1103 1556
527 1960
804 1283
76 1007
99 1228
1749 1923
332 411
321 579
528 946
22 37
839 1214
1675 1910
38 437
1267 1599
532 980
439 1186
82 1145
886 1317
324 427
877 1313
1061 1903
313 1151
1392 1472
271 891
769 1264
307 335
103 333
244 492
770 1510
90 1301
841 1628
92 923
772 1408
1551 1808
1120 1731
427 1633
532 1578
275 298
1401 1540
169 546
1156 1204
855 1258
1098 1537
101 306
542 959
1800 1958
49 169
722 1293
881 1809
843 1539
352 1621
883 1524
1198 1821
950 1157
54 1360
867 1119
325 1258
124 794
576 1423
381 1451
1118 1760
180 1638
161 1253
930 1969
124 485
1188 1859
1382 1745
70 1294
1554 1579
244 1266
1714 1984
132 1241
38 608
386 1460
188 1183
193 652
724 1948
108 642
1923 1977
428 813
47 638
1 143
20 422
1436 1925
1679 2000
1190 1984
1322 1392
1576 1782
281 314
1241 1815
501 1785
448 819
509 1460
485 907
1382 1686
1428 1649
324 1649
695 1570
71 1358
422 619
1036 1809
757 780
333 1482
913 1762
505 998
1498 1928
290 746
298 798
205 1204
1587 1634
1242 1282
1366 1565
931 1288
259 1353
645 1229
32 1774
883 1037
870 1163
75 1567
564 983
580 911
61 869
358 1656
18 213
1651 1914
151 1507
932 1868
214 1071
1155 1681
151 1918
44 909
298 535
926 1697
844 1167
502 1772
703 1407
1412 1819
1419 1923
529 1940
794 1983
133 1590
300 873
1 1370
1439 1507
1356 1402
310 1658
544 1751
959 1028
126 240
363 1871
627 1629
390 1417
1339 1800
160 328
143 1278
867 1121
275 1420
92 275
1141 1530
894 1782
1237 1791
988 1203
162 334
15 925
238 639
1617 1640
218 1056
17 358
395 517
24 344
659 1816
891 934
982 1235
727 1560
863 1693
99 1620
1175 1835
520 1438
1688 1805
678 1445
394 1436
294 611
491 651
628 1237
971 1167
178 1261
503 787
373 1111
670 1836
698 1452
715 1071
549 1148
586 597
284 1069
742 865
961 1135
300 1606
1142 1745
372 608
379 1775
1695 1991
481 1952
493 1414
328 1205
435 656
1149 1377
79 524
50 675
1118 1461
554 959
271 334
633 1688
1785 1877
126 484
508 856
202 610
846 913
1034 1690
239 678
369 1113
1246 1745
613 1324
621 662
433 1999
131 1309
464 1339
1378 1579
1448 1807
1162 1574
643 1670
781 1252
223 1627
517 1257
1194 1668
37 1847
658 1444
133 1271
1105 1120
284 1118
415 1890
778 1228
708 1230
605 1030
515 1767
955 1157
1735 1788
10 760
1276 1361
1381 1618
470 1816
1417 1479
1260 1901
379 749
1006 1385
895 1848
151 977
122 1380
726 1684
198 409
844 1715
983 1706
466 1450
1162 1345
93 962
542 914
310 778
389 393
211 1493
1119 1216
877 966
110 1027
583 1942
759 1977
1167 1308
504 527
232 1234
683 1486
830 1049
1142 1844
144 738
55 1273
799 1047
1257 1661
292 1131
472 1168
448 933
389 547
1305 1515
717 1175
823 1243
56 1678
1515 1827
738 875
697 934
368 840
775 1671
464 717
476 1573
1864 1974
797 1606
53 1384
282 1730
793 1244
1509 1586
408 418
447 1104
464 930
314 1553
1010 1804
172 486
156 201
946 1016
870 1225
1198 1491
1086 1448
469 1994
75 1852
644 1102
687 1319
88 504
1094 1607
887 1909
536 1200
692 1814
299 561
863 1113
160 807
31 128
1381 1970
466 1580
1417 1925
1268 1286
387 2000
263 1670
766 1073
519 1757
643 725
779 1612
194 592
303 754
1243 1517
49 218
28 697
431 1409
362 666
434 1874
286 1160
53 637
667 1546
306 971
63 1785
509 1489
619 1057
120 1251
423 1211
356 453
291 574
319 853
1270 1635
288 1727
1600 1996
633 1073
1111 1126
1009 1622
144 1927
1928 1979
341 1819
436 1398
437 908
1000 1999
1355 1682
803 1972
7 280
290 1902
368 1641
189 1988
1613 1968
973 1430
594 738
438 1234
768 872
1161 1213
586 1949
962 1375
856 1961
889 1725
880 1667
299 860
886 1502
200 527
740 1869
188 866
352 1838
1442 1618
407 783
675 1655
187 1175
112 1219
135 180
1342 1838
492 1915
158 230
794 1442
808 1679
1007 1295
557 1515
98 1423
802 1703
1612 1672
595 747
430 1621
401 1604
1807 1971
68 1942
150 1905
641 1283
1513 1819
964 1150
310 1306
600 643
1199 1316
114 1766
973 1816
567 585
1513 1839
269 1331
83 1133
224 939
53 291
554 880
515 548
366 1546
27 1047
1330 1332
324 1356
1024 1931
396 1522
495 789
212 1707
402 1431
1113 1571
703 1022
1195 1246
1599 1641
873 1536
83 504
49 1387
801 1765
482 1447
803 1448
805 1378
178 678
125 1318
336 1524
954 1376
946 1090
66 111
1612 1648
1356 1640
1244 1562
65 512
250 1678
465 830
14 1912
1311 1461
467 1066
1190 1595
1145 1315
912 1020
2 287
1443 1974
391 1584
1554 1583
3 1261
1222 1564
86 856
534 1629
335 445
701 1715
356 1026
513 1773
1703 1844
1340 1367
630 1369
360 1370
333 1268
851 1165
718 1075
433 1077
7 330
993 1538
444 973
423 778
137 1417
125 1830
343 1162
1006 1897
397 1616
697 1765
597 1056
1486 1865
650 1740
815 1067
1719 1852
401 1891
1235 1858
301 1938
207 360
1430 1624
496 1612
10 100
348 1954
702 1367
63 1963
466 912
303 1119
776 858
194 1305
24 1023
45 267
254 1775
1501 1712
906 1708
423 688
919 1683
299 1782
604 928
129 294
444 1305
122 708
1707 1826
424 834
1036 1728
1027 1059
1072 1103
877 1325
1178 1677
583 941
885 1363
919 1270
281 1920
1052 1560
523 1532
205 1827
913 1975
33 300
1075 1090
477 866
803 1893
257 1536
1212 1316
992 1485
389 425
1574 1625
140 1195
772 895
1114 1946
332 1988
888 1478
166 1804
152 465
1594 1837
702 1540
70 694
946 1957
261 1302
786 1169
1253 1909
1178 1563
1702 1886
725 780
190 473
1078 1156
178 907
343 396
547 1062
898 1160
492 699
562 1952
897 1392
518 693
38 1510
1114 1830
299 1392
184 643
1367 1445
270 1315
744 1557
1425 1734
172 1650
428 712
1071 1587
1562 1961
264 637
123 380
993 1513
1022 1424
1254 1382
135 1680
997 1129
215 442
496 1882
404 711
487 625
489 627
916 1011
81 1690
2 855
1491 1642
117 266
1778 1871
1294 1461
842 1151
899 1637
522 1896
765 1088
689 1612
969 1751
15 1946
503 589
572 1599
261 1771
31 625
25 614
115 879
141 337
1008 1953
510 1983
794 881
146 1667
1128 1263
755 1816
874 1723
1241 1918
507 1668
591 1743
457 1513
488 1203
137 1817
512 604
1004 1047
55 940
922 956
564 1749
155 1062
1282 1416
522 676
1450 1901
244 1367
264 1141
225 884
682 1206
748 761
885 1169
32 577
1623 1840
779 1035
29 342
53 945
90 207
358 1857
1033 1840
378 1289
933 974
74 1008
1232 1589
794 1309
56 1913
1433 1554
482 1292
1131 1464
457 850
262 837
314 1191
1633 1781
490 872
1063 1489
219 1522
704 807
1544 1711
1132 1232
892 1294
277 1559
183 947
591 991
664 807
1472 1721
1656 1982
309 847
441 647
479 1870
319 931
452 1285
889 1988
432 1610
50 841
1343 1915
192 1732
1031 1253
244 374
1389 1621
1050 1693
861 1057
27 1521
673 1903
733 1961
891 895
179 1404
644 1695
518 1304
919 1076
497 990
261 580
1533 1866
1906 1962
109 1582
1510 1647
507 1627
566 1653
27 821
339 677
1571 1905
1230 1308
