1225 1220
1019 273 423 893 942 1209 1025 1104 1124 1209 1209 1224 793 899 229 302 430 763 970 1175 1185 1195 533 782 1216 1220 1224 562 700 495 501 964 1137 423 893 204 544 1168 956 997 1066 224 664 1208 1208 1209 674 1128 233 1026 1198 202 1023 1073 1222 1223 410 349 203 907 702 552 876 1002 1068 16 1035 810 650 125 1027 225 775 699 165 327 873 289 563 887 110 182 813 96 777 822 665 954 1096 1186 627 991 1177 1206 1224 552 558 1069 1210 271 1145 462 208 1038 77 659 1056 1174 204 580 90 158 706 323 1072 1177 728 809 973 1171 219 1063 744 1054 1083 1085 1194 172 1101 160 538 1191 1209 1209 1216 642 651 758 905 1071 1029 1153 1208 1220 1223 933 1124 1200 1217 877 979 713 1079 701 1165 1218 152 745 499 289 1090 1194 1198 1204 756 886 894 956 1028 1064 1068 1138 1141 1014 966 853 1113 51 796 1119 912 37 415 577 694 1120 647 1199 1212 177 465 751 1194 769 12 190 768 819 337 1088 1109 1119 436 831 1060 47 1050 451 936 296 308 907 997 948 134 1137 1150 1162 732 1212 547 1017 1217 1220 946 1042 1174 353 491 701 737 613 921 941 1174 222 734 988 1080 1144 435 386 308 1211 1217 1225 1225 1225 1225 1017 1181 258 190 91 669 767 992 1101 205 962 234 1183 474 977 909 991 1168 990 1071 398 1075 1220 1225 677 745 1144 536 1060 929 106 1101 1107 1208 295 408 908 815 942 1220 1224 351 1037 1040 1169 124 1200 1202 129 989 938 1032 1216 1225 1225 156 1165 1220 99 791 1017 1127 87 305 857 923 622 463 876 1203 45 115 865 885 831 1225 755 929 1214 684 1132 1173 1185 1203 33 840 959 627 771 456 974 1221 1225 220 176 552 692 103 152 176 945 1119 1077 1187 481 1013 1043 29 74 1206 1211 1213 236 1098 1108 162 345 190 1096 240 688 1172 1192 1105 823 1115 300 207 214 706 984 867 1060 1139 242 441 879 1222 384 635 1078 1148 1225 1225 1225 666 1198 48 858 1128 1138 1206 362 1029 1055 1083 1216 625 513 634 654 779 803 9 285 1193 219 709 1220 582 1164 1199 1213 134 208 559 13 315 717 762 306 936 952 1160 1017 1033 1191 808 1072 896 432 851 978 869 1158 1043 1061 694 357 691 945 123 347 513 618 648 706 1214 1225 752 1114 342 836 1160 1205 1221 1225 655 948 955 1102 1181 904 925 638 903 627 1110 24 511 1118 1198 468 244 1214 1224 190 507 766 725 1004 1029 1181 1183 564 587 783 806 597 744 641 927 820 827 69 868 958 1117 782 489 684 429 656 1206 486 802 1156 454 1170 992 773 1219 1058 1194 1219 1223 1224 659 868 857 969 1019 1043 1160 810 935 1147 557 910 1156 45 703 1050 1175 921 936 974 1113 793 158 941 785 1218 1009 750 1036 130 470 1010 970 565 753 636 850 519 174 1086 673 905 916 1042 1094 1119 106 1177 1030 46 434 594 132 422 725 201 971 1135 796 17 232 645 934 1131 769 1091 484 908 1019 1199 621 840 1021 1035 1115 1120 450 842 976 1180 1190 372 552 316 1101 1152 1170 1190 646 696 169 327 1157 1037 262 1197 1209 1220 850 1004 590 816 1050 1104 591 757 328 1026 245 383 1095 344 648 1129 1175 712 1182 1194 1218 1220 666 889 1214 1225 406 548 794 896 613 448 565 734 1005 1063 697 662 301 690 870 676 749 830 945 1192 1223 47 1137 1148 116 153 962 1180 1209 1089 1185 1187 969 1208 645 143 1109 206 71 217 1098 1206 319 427 1013 1056 121 428 69 449 791 941 965 1085 1196 152 390 177 690 20 786 1023 978 986 1026 1206 5 515 730 901 1183 1125 697 898 257 392 134 923 941 1065 1093 103 596 958 602 675 426 995 1200 1222 1222 1224 1225 1225 16 1219 1225 1225 714 1033 388 352 646 826 434 435 608 1131 1160 1165 1198 958 1120 450 525 307 150 176 583 597 562 115 1001 1162 920 1064 1147 646 790 538 649 908 699 1212 1216 855 964 1116 259 799 193 194 1134 1136 1038 1178 1197 1220 967 1158 1166 1211 969 1021 164 917 72 177 1023 757 780 827 184 301 1198 623 933 218 877 853 1004 1125 1161 1215 1126 1178 162 39 522 1205 562 18 833 884 1070 282 883 1188 1209 870 271 566 1146 1211 1213 1225 1225 258 1035 725 88 758 1071 1177 1201 1218 1219 881 1184 1155 1155 370 756 762 969 917 1045 881 1000 1125 1150 1157 708 1212 1217 1217 1219 69 41 525 800 870 1151 1134 120 863 201 575 1148 794 283 99 914 944 1171 78 678 1206 1218 674 731 112 430 285 227 1152 1162 609 195 776 884 785 875 915 618 110 524 1039 636 1117 1120 1127 1157 1085 1140 1196 1201 467 232 622 1074 1145 1196 922 936 1207 503 588 987 953 1009 1118 1133 855 791 1 556 345 486 493 602 850 563 1077 1198 1202 1215 1220 1033 1047 147 329 116 1158 800 224 486 1004 575 716 784 1131 1100 1194 1195 140 1088 38 792 820 1099 668 1160 209 930 1000 1085 172 94 177 809 921 960 483 585 402 3 1087 1094 956 963 973 1049 1129 1204 244 960 399 775 618 626 1067 1111 1181 1200 703 801 1019 1143 1153 1220 1211 1225 1225 1225 1225 224 1100 1177 709 953 1002 1034 1049 359 431 691 350 801 575 928 875 269 346 469 85 104 952 1068 487 619 291 1048 1156 574 1033 1170 1180 812 275 404 422 764 274 865 969 1221 1079 1106 681 1011 1187 418 980 1018 1084 1093 1146 665 64 612 1223 1223 1223 628 347 946 827 1054 1183 1196 1196 308 628 915 275 571 1125 1154 830 1097 819 241 139 57 582 940 1204 152 370 582 233 483 1164 1218 1220 730 733 801 359 662 675 1166 1222 623 760 1173 1182 1193 976 1178 678 358 116 1201 1077 1180 1184 1214 98 453 546 671 769 506 828 1060 1070 1166 526 951 814 922 935 1027 441 637 680 874 1010 1137 976 588 367 472 1092 1104 1185 1219 75 47 1060 1107 1157 1172 134 955 1180 1206 1208 1213 311 462 732 1176 568 238 674 606 796 1034 1188 608 570 856 1084 1184 808 273 752 61 237 365 252 1030 1197 1204 1212 1086 1115 1198 1219 1225 1225 741 1046 1002 745 965 292 1150 1044 1145 1196 1218 
188 1091
125 364
900 985
425 721
334 346
950 1055
747 1177
650 685
246 265
480 1123
533 1015
133 478
1176 1198
851 1182
805 1085
293 795
398 1173
400 799
1121 1222
1070 1214
18 321
670 909
388 539
640 702
903 956
1004 1159
1182 1193
974 1044
162 212
703 764
282 742
1066 1088
922 1221
253 481
764 1191
1069 1069
835 1037
830 1162
1138 1218
1149 1212
133 860
415 1057
770 1064
463 1188
401 418
572 794
993 1090
710 943
1060 1099
1066 1186
8 1159
1108 1211
443 1160
1161 1184
1193 1208
907 910
1132 1145
857 951
444 1017
884 903
418 600
242 773
51 844
619 1052
192 200
420 753
612 804
948 1170
322 441
141 336
752 954
825 1209
1107 1183
992 1194
911 1176
38 1022
899 940
682 1153
1050 1065
162 893
702 1088
638 1071
965 1191
1140 1182
325 881
821 1220
682 712
749 975
593 1164
347 846
772 1117
407 533
885 888
95 142
1035 1134
1155 1157
826 1104
1223 1223
789 993
423 792
1003 1057
662 1033
149 596
1138 1174
453 707
1053 1117
529 806
780 895
363 579
786 1164
305 1181
685 1119
442 954
882 889
552 632
872 1210
245 972
936 1104
1224 1225
335 539
129 395
947 1010
860 1192
316 411
503 925
119 1166
423 976
743 1113
45 867
384 643
676 929
383 515
1032 1163
360 648
311 389
627 703
1011 1064
639 781
1162 1189
623 1105
296 943
1213 1223
389 988
162 367
32 228
1080 1170
696 776
556 988
1000 1174
749 915
652 858
1036 1144
1005 1038
132 792
55 822
52 238
645 751
492 1059
337 592
461 942
344 723
719 780
923 967
631 875
1211 1223
257 917
772 1043
612 1060
369 755
198 466
13 461
1150 1169
1037 1133
726 1119
480 1051
1113 1134
466 796
408 924
934 941
177 869
1057 1096
920 1080
3 795
1110 1115
1110 1223
844 926
102 524
108 318
384 779
1093 1105
459 816
631 634
472 559
79 1213
597 768
449 494
812 1018
462 1043
119 1001
1020 1120
850 872
574 921
602 1076
463 1215
184 1204
1062 1204
33 469
76 257
799 914
158 365
1225 1225
604 1095
383 642
24 231
368 743
316 1158
738 849
411 896
569 1044
249 921
339 394
443 658
1219 1220
375 1171
102 372
715 1122
1176 1224
246 1205
42 1065
494 1094
594 1124
706 967
92 690
614 896
167 362
344 562
613 860
900 1031
953 1040
54 218
494 1028
997 1167
1102 1121
1040 1205
519 734
37 843
869 905
943 1106
838 1135
722 966
826 1059
680 858
439 735
1074 1127
372 704
133 135
193 1106
479 1061
1181 1190
641 766
577 819
713 910
149 481
918 1017
843 1016
443 872
321 430
847 927
1218 1224
417 546
1198 1218
1107 1142
318 1054
756 1018
958 1216
1045 1135
410 1200
59 911
927 1053
393 501
40 967
48 505
939 1095
539 1150
1177 1197
755 871
155 1172
765 1015
580 660
796 813
844 907
986 1070
1140 1157
675 938
583 1189
124 699
1140 1159
1211 1224
936 1192
1185 1192
702 918
1126 1213
393 471
93 857
931 933
201 833
1054 1093
948 1096
881 924
117 153
1214 1222
101 800
927 1125
1181 1197
1044 1061
1034 1152
446 463
924 948
968 997
1221 1222
696 1079
1000 1130
87 1003
498 1214
132 1069
919 1216
933 1097
1080 1119
1098 1166
805 1150
788 1140
323 355
680 1178
839 1219
334 347
214 690
656 1040
112 756
1051 1169
961 1217
753 895
108 1050
732 1219
95 661
902 972
945 1030
1132 1159
321 399
604 757
715 1204
356 664
614 993
205 471
768 935
456 541
904 983
892 1183
212 803
229 610
338 1121
1186 1187
723 1031
1179 1218
680 1179
1160 1162
316 778
438 855
447 804
740 996
579 1078
1112 1195
219 455
1070 1085
256 901
742 1002
615 635
1126 1202
11 734
527 960
679 983
33 923
194 298
639 952
382 764
707 993
81 262
1108 1136
391 602
426 865
131 197
362 1189
220 623
320 510
36 69
590 943
33 763
1092 1143
534 1083
921 960
982 1137
1123 1166
912 1158
1030 1165
203 949
826 976
791 1023
290 672
370 448
1061 1137
19 683
500 1111
328 468
894 1210
638 794
443 981
1160 1164
387 694
784 1141
72 337
1004 1029
169 1120
245 307
1144 1158
198 622
1132 1219
369 381
688 1004
991 1059
957 1049
647 692
7 664
718 796
483 867
726 814
1212 1222
837 1108
1185 1216
612 659
1028 1070
481 1163
706 800
365 537
379 448
835 1000
999 1080
1146 1156
778 843
887 1142
692 1019
519 1200
305 1209
100 601
622 854
199 333
1190 1206
507 507
157 1070
540 569
832 836
64 1219
930 1065
21 452
689 981
294 341
1002 1206
632 919
185 902
1140 1215
461 816
239 1126
516 831
775 914
743 1208
1216 1216
1192 1206
508 574
775 867
645 1101
917 1219
712 996
90 944
464 572
924 936
184 827
89 471
538 966
594 873
933 1115
412 459
266 933
304 443
317 551
388 735
777 1069
600 1089
330 575
1011 1152
234 892
886 1089
583 636
159 517
456 729
193 451
1191 1224
966 1130
140 178
952 1022
116 834
888 974
104 160
481 724
312 788
411 767
1187 1208
268 308
1023 1077
933 970
393 587
1195 1214
832 889
170 667
547 664
501 1170
494 1155
327 805
675 1060
417 1031
983 1185
135 181
1204 1206
739 1035
519 1158
560 982
991 1084
1220 1220
936 1086
631 806
803 1050
312 1207
782 887
651 823
276 1196
879 1061
956 1135
1130 1195
389 537
319 647
788 851
1128 1130
637 641
912 1163
526 679
798 1176
1036 1041
42 133
174 767
832 1106
548 608
183 644
76 723
71 868
30 1198
46 204
348 415
1187 1199
310 513
1109 1187
525 1093
35 617
803 1025
940 1110
2 539
168 300
1173 1178
563 591
116 1135
99 713
987 1005
1044 1110
499 1021
275 1176
1085 1131
435 1089
700 740
374 945
955 956
637 1070
1034 1083
133 911
711 741
875 1064
553 1046
1224 1225
140 373
141 203
1060 1150
702 1046
639 776
7 309
534 950
58 512
283 758
271 536
471 548
1036 1137
1039 1096
146 252
58 413
779 989
573 654
355 401
1204 1211
684 848
813 925
40 658
551 633
262 359
1059 1092
925 1107
1052 1098
396 710
128 736
1022 1136
8 948
179 1067
142 313
589 1010
652 993
97 1065
97 1006
881 1135
14 196
250 1028
659 807
984 1056
17 173
68 109
966 1171
8 200
440 801
280 800
1091 1150
1012 1048
453 930
1127 1213
777 1076
506 920
5 431
537 1170
818 1048
569 759
708 991
17 548
1191 1204
849 1103
96 205
445 584
1059 1095
166 477
209 552
546 1100
1205 1224
235 858
763 1139
82 432
297 1066
972 1018
828 1011
114 1042
739 984
284 645
657 1185
121 1153
570 1093
1083 1087
1004 1086
256 1157
157 633
833 963
216 297
1066 1208
1007 1118
1097 1097
415 798
1000 1108
153 478
115 748
523 616
1153 1216
1107 1200
987 1148
368 598
345 1209
34 885
1107 1152
317 782
930 1084
429 1109
900 1200
780 914
420 486
184 727
255 949
640 921
21 339
617 1140
1070 1156
275 843
60 585
910 1043
952 1044
17 1101
1159 1207
975 1216
294 585
745 1046
1171 1177
62 202
21 476
519 530
496 1034
507 909
597 725
792 883
1152 1201
1158 1210
1009 1017
421 1046
356 865
807 858
1123 1149
715 1206
865 1052
1064 1074
727 892
585 897
81 510
1079 1112
878 1133
280 778
316 328
416 427
1010 1119
717 1023
322 527
1038 1177
670 758
826 877
140 212
506 512
809 1055
330 736
246 636
475 789
1078 1205
770 1066
1007 1154
813 876
271 796
26 1097
367 715
1045 1192
960 1144
743 1145
1044 1174
1222 1224
728 1104
706 837
514 705
491 933
593 987
629 645
578 1123
733 887
689 958
38 735
1051 1170
803 849
815 851
402 800
696 827
904 1201
868 1001
985 1042
455 1215
605 628
935 1218
247 482
751 1217
370 476
923 1175
984 996
610 722
1053 1165
529 971
521 713
1087 1155
301 569
982 1074
89 824
988 1031
832 845
233 1115
1012 1066
1200 1223
523 1219
44 733
2 1140
568 683
354 1080
558 863
885 1042
979 1124
1214 1225
228 732
35 375
930 1022
950 1192
1192 1205
1122 1182
166 1145
225 725
432 450
770 1150
382 659
67 153
771 1090
498 1059
121 998
372 509
788 967
605 616
335 530
630 803
661 754
1117 1156
759 1185
574 893
945 960
184 451
1071 1093
468 586
902 1197
620 1124
1093 1118
1143 1159
430 938
650 886
635 699
457 984
869 1094
556 951
275 1060
630 1213
28 440
207 1095
491 671
802 1218
828 1109
338 967
579 753
384 685
702 740
1032 1085
892 1072
1162 1187
1129 1177
246 1187
301 1009
374 949
36 340
370 448
369 550
676 857
1122 1222
1015 1139
814 953
524 1063
643 758
714 853
420 595
104 248
1090 1200
627 951
599 766
948 993
742 830
840 1177
82 191
957 986
68 585
1009 1182
262 407
710 1122
752 890
941 1146
384 449
185 1066
171 1223
406 421
595 1135
193 856
877 930
594 876
890 1207
926 1110
365 547
375 1108
262 515
289 1150
253 806
73 153
811 1091
1100 1109
2 372
324 665
515 858
967 1048
289 501
915 969
74 663
410 1049
534 1159
978 1159
402 1044
714 955
710 989
1049 1060
224 279
591 791
987 1061
888 1029
941 972
624 894
849 989
504 932
817 940
260 294
110 418
384 1191
613 654
1001 1202
234 631
105 1143
709 1107
332 957
1003 1085
230 743
801 851
859 917
391 954
741 958
743 928
824 969
149 688
1122 1198
352 511
141 657
1163 1170
284 800
61 1207
548 834
67 227
840 1014
1094 1186
1219 1222
123 667
899 968
847 1174
956 1063
1050 1076
244 577
600 1101
1109 1198
673 864
638 930
491 1007
412 735
1203 1223
519 969
152 637
564 920
649 1132
572 644
1150 1195
257 822
193 596
383 478
925 947
482 1189
1223 1223
209 344
288 1219
611 775
187 1039
848 1081
174 365
864 903
581 730
896 1170
185 434
730 1108
735 1044
49 528
1159 1205
1056 1155
254 616
889 1109
620 719
423 816
67 416
371 427
381 734
305 764
733 749
14 833
956 964
763 806
289 561
793 1033
332 486
841 959
431 1063
333 373
629 688
65 1101
710 800
349 667
777 942
34 175
789 794
16 1023
333 1021
50 792
188 285
1120 1150
430 1197
766 918
977 1131
675 833
1041 1108
239 363
369 1066
849 1145
334 855
1217 1220
1143 1168
322 556
260 1122
622 779
479 1023
698 844
780 811
334 799
910 1218
201 290
893 1041
535 1004
434 993
48 1207
155 1116
203 283
966 1151
614 1008
852 1177
737 1057
1037 1069
1220 1222
339 1120
1000 1219
304 811
473 626
1212 1219
468 569
452 878
451 913
1139 1211
117 1180
1112 1220
662 1174
261 741
1042 1154
241 255
900 1169
762 1044
39 750
121 1128
497 692
795 1221
218 613
508 552
457 907
148 649
710 829
190 757
18 321
1193 1207
984 1134
414 826
906 1062
1195 1202
103 210
458 628
1013 1022
58 1023
352 487
71 252
997 1134
165 386
92 1147
784 813
401 893
747 903
1073 1208
72 357
812 950
545 826
486 973
1087 1148
406 1005
884 1053
333 1109
295 554
646 1046
216 235
869 929
769 918
895 1034
16 228
655 867
75 806
943 1135
441 729
901 1191
624 1151
1005 1048
1060 1120
259 969
217 217
955 960
726 1042
434 1047
456 947
766 1155
401 1120
371 919
580 866
259 907
101 649
625 1209
450 1221
630 832
263 1000
418 735
110 486
21 775
345 1062
488 926
358 559
74 115
138 504
588 1034
370 952
579 824
48 1017
731 860
74 612
1011 1163
411 595
442 485
449 475
566 900
525 674
360 815
699 701
111 918
935 1105
506 707
496 867
1015 1172
985 1049
317 612
700 828
1109 1124
637 1013
221 1144
686 955
938 1110
1170 1194
354 577
452 1027
587 1125
890 890
944 1156
735 1132
355 600
428 858
598 743
45 795
497 1103
143 291
1214 1222
969 1120
660 1166
296 696
105 221
269 600
934 1048
630 840
834 1209
396 953
944 1210
1019 1085
167 789
1199 1215
565 1093
1156 1219
895 1045
839 916
166 672


