1000 10000
2 1
3 1
4 1
5 1
6 4
7 5
8 3
9 7
10 3
11 5
12 4
13 6
14 13
15 7
16 12
17 3
18 4
19 18
20 11
21 20
22 14
23 1
24 13
25 4
26 14
27 15
28 7
29 20
30 16
31 13
32 17
33 26
34 5
35 15
36 18
37 19
38 8
39 18
40 28
41 7
42 35
43 12
44 27
45 23
46 13
47 1
48 40
49 2
50 30
51 44
52 32
53 29
54 52
55 9
56 41
57 47
58 54
59 21
60 8
61 57
62 10
63 62
64 14
65 37
66 32
67 36
68 28
69 9
70 38
71 30
72 6
73 22
74 62
75 67
76 6
77 66
78 47
79 37
80 7
81 75
82 74
83 52
84 2
85 9
86 48
87 39
88 38
89 13
90 17
91 81
92 90
93 15
94 72
95 29
96 17
97 61
98 23
99 77
100 25
101 69
102 13
103 81
104 62
105 30
106 30
107 49
108 41
109 37
110 85
111 19
112 83
113 5
114 90
115 34
116 30
117 100
118 1
119 84
120 87
121 80
122 71
123 72
124 101
125 14
126 78
127 4
128 4
129 108
130 88
131 70
132 3
133 37
134 117
135 59
136 47
137 117
138 116
139 100
140 75
141 74
142 107
143 132
144 138
145 26
146 76
147 102
148 105
149 125
150 16
151 26
152 87
153 22
154 102
155 86
156 127
157 21
158 58
159 6
160 10
161 88
162 30
163 98
164 145
165 135
166 35
167 29
168 26
169 12
170 23
171 72
172 101
173 103
174 60
175 138
176 66
177 80
178 58
179 167
180 159
181 46
182 141
183 25
184 180
185 128
186 155
187 54
188 58
189 2
190 125
191 115
192 71
193 170
194 64
195 2
196 126
197 68
198 138
199 166
200 88
201 51
202 100
203 123
204 110
205 176
206 2
207 26
208 31
209 160
210 24
211 194
212 112
213 117
214 169
215 152
216 4
217 189
218 10
219 209
220 192
221 75
222 205
223 37
224 117
225 138
226 140
227 128
228 3
229 151
230 217
231 156
232 64
233 209
234 22
235 215
236 199
237 127
238 13
239 53
240 3
241 98
242 86
243 36
244 183
245 231
246 231
247 230
248 219
249 71
250 205
251 242
252 82
253 185
254 93
255 131
256 166
257 32
258 7
259 211
260 74
261 166
262 50
263 152
264 221
265 184
266 75
267 142
268 174
269 115
270 79
271 257
272 31
273 173
274 236
275 17
276 83
277 24
278 101
279 259
280 216
281 252
282 63
283 13
284 233
285 12
286 103
287 107
288 236
289 115
290 62
291 272
292 185
293 199
294 146
295 103
296 290
297 46
298 129
299 82
300 48
301 211
302 46
303 11
304 225
305 11
306 36
307 58
308 100
309 68
310 152
311 36
312 67
313 214
314 280
315 308
316 50
317 84
318 317
319 184
320 88
321 141
322 67
323 101
324 44
325 7
326 281
327 320
328 105
329 52
330 68
331 7
332 142
333 56
334 135
335 334
336 22
337 274
338 260
339 264
340 108
341 11
342 25
343 4
344 160
345 226
346 325
347 310
348 243
349 172
350 258
351 235
352 117
353 276
354 210
355 289
356 58
357 78
358 149
359 113
360 238
361 290
362 356
363 211
364 152
365 314
366 261
367 44
368 364
369 91
370 232
371 177
372 216
373 76
374 163
375 9
376 327
377 131
378 296
379 344
380 317
381 126
382 245
383 18
384 69
385 49
386 124
387 335
388 159
389 96
390 293
391 194
392 70
393 160
394 373
395 261
396 152
397 81
398 347
399 373
400 249
401 318
402 396
403 372
404 349
405 76
406 300
407 94
408 123
409 160
410 217
411 278
412 85
413 256
414 158
415 46
416 198
417 44
418 151
419 147
420 133
421 345
422 250
423 292
424 215
425 141
426 268
427 258
428 382
429 84
430 390
431 354
432 309
433 99
434 137
435 217
436 84
437 131
438 58
439 218
440 243
441 304
442 265
443 187
444 269
445 63
446 274
447 342
448 362
449 140
450 307
451 63
452 5
453 296
454 75
455 142
456 121
457 34
458 58
459 246
460 265
461 289
462 41
463 238
464 433
465 321
466 247
467 309
468 283
469 273
470 164
471 299
472 47
473 268
474 272
475 262
476 164
477 455
478 94
479 103
480 231
481 411
482 208
483 62
484 108
485 234
486 117
487 325
488 131
489 112
490 69
491 136
492 474
493 474
494 418
495 308
496 265
497 226
498 425
499 157
500 472
501 446
502 451
503 358
504 298
505 69
506 11
507 27
508 217
509 99
510 321
511 397
512 328
513 287
514 267
515 407
516 503
517 403
518 220
519 357
520 446
521 196
522 163
523 303
524 185
525 332
526 425
527 99
528 136
529 460
530 333
531 221
532 198
533 473
534 527
535 338
536 391
537 448
538 77
539 147
540 405
541 144
542 224
543 366
544 354
545 193
546 60
547 51
548 514
549 507
550 15
551 373
552 528
553 193
554 289
555 415
556 179
557 350
558 266
559 361
560 513
561 120
562 241
563 157
564 124
565 103
566 59
567 75
568 275
569 288
570 306
571 21
572 307
573 311
574 241
575 347
576 236
577 41
578 158
579 502
580 514
581 346
582 263
583 435
584 341
585 478
586 469
587 517
588 176
589 310
590 57
591 98
592 121
593 478
594 3
595 86
596 159
597 296
598 427
599 527
600 17
601 27
602 335
603 269
604 309
605 490
606 518
607 19
608 22
609 351
610 446
611 342
612 531
613 427
614 417
615 296
616 506
617 42
618 75
619 61
620 525
621 26
622 291
623 397
624 147
625 197
626 84
627 576
628 132
629 532
630 313
631 155
632 511
633 579
634 197
635 357
636 118
637 493
638 151
639 471
640 581
641 106
642 532
643 89
644 613
645 592
646 442
647 527
648 164
649 502
650 128
651 646
652 480
653 120
654 328
655 193
656 606
657 103
658 110
659 153
660 342
661 91
662 418
663 416
664 81
665 238
666 124
667 16
668 538
669 490
670 626
671 181
672 517
673 243
674 136
675 71
676 551
677 631
678 441
679 64
680 124
681 650
682 53
683 613
684 289
685 258
686 397
687 350
688 610
689 522
690 219
691 135
692 401
693 264
694 547
695 595
696 532
697 261
698 650
699 1
700 326
701 672
702 48
703 573
704 410
705 355
706 374
707 50
708 491
709 457
710 230
711 198
712 48
713 574
714 33
715 558
716 488
717 529
718 43
719 117
720 291
721 263
722 665
723 91
724 400
725 593
726 278
727 401
728 131
729 175
730 93
731 479
732 195
733 586
734 21
735 105
736 510
737 63
738 662
739 550
740 177
741 493
742 674
743 567
744 137
745 466
746 638
747 24
748 167
749 136
750 624
751 319
752 11
753 166
754 146
755 353
756 126
757 116
758 144
759 292
760 593
761 126
762 721
763 335
764 220
765 417
766 485
767 653
768 707
769 402
770 394
771 549
772 413
773 321
774 249
775 676
776 265
777 117
778 33
779 422
780 19
781 321
782 779
783 146
784 345
785 238
786 428
787 108
788 670
789 762
790 404
791 400
792 299
793 584
794 676
795 371
796 155
797 37
798 445
799 671
800 751
801 259
802 569
803 141
804 483
805 663
806 526
807 262
808 289
809 664
810 477
811 266
812 347
813 654
814 498
815 729
816 35
817 409
818 401
819 165
820 801
821 610
822 329
823 432
824 731
825 719
826 482
827 447
828 9
829 769
830 388
831 782
832 364
833 569
834 586
835 424
836 801
837 48
838 661
839 279
840 568
841 420
842 263
843 271
844 359
845 244
846 102
847 175
848 796
849 605
850 144
851 625
852 239
853 370
854 653
855 769
856 80
857 440
858 81
859 774
860 283
861 123
862 858
863 827
864 607
865 285
866 56
867 698
868 312
869 128
870 395
871 686
872 409
873 230
874 7
875 824
876 495
877 423
878 815
879 120
880 768
881 323
882 672
883 112
884 92
885 332
886 860
887 459
888 414
889 726
890 386
891 309
892 299
893 525
894 645
895 557
896 33
897 663
898 361
899 347
900 841
901 587
902 611
903 388
904 409
905 481
906 98
907 885
908 196
909 103
910 750
911 261
912 745
913 163
914 790
915 102
916 500
917 554
918 791
919 221
920 811
921 760
922 338
923 816
924 65
925 124
926 255
927 552
928 77
929 495
930 525
931 316
932 229
933 301
934 154
935 73
936 172
937 892
938 396
939 278
940 96
941 215
942 80
943 652
944 49
945 357
946 579
947 497
948 589
949 474
950 594
951 641
952 59
953 877
954 416
955 506
956 770
957 28
958 861
959 59
960 749
961 877
962 396
963 296
964 396
965 905
966 793
967 16
968 39
969 142
970 481
971 254
972 81
973 633
974 849
975 226
976 171
977 32
978 435
979 15
980 63
981 116
982 949
983 904
984 618
985 702
986 732
987 870
988 374
989 593
990 901
991 210
992 847
993 696
994 342
995 407
996 964
997 352
998 650
999 144
1000 785
