2000
6779 999976945
5193 999983398
11697 999996413
17236 999988420
18785 999970934
15394 999983973
13802 999970914
23962 999988241
14862 999994854
6706 999975935
32407 999971030
6324 999983491
21824 999975169
21059 999995576
26322 999987257
20889 999976429
3214 999968804
30610 999999951
22731 999976901
26862 999990107
4832 999982279
2386 999975808
10820 999992463
10129 999978646
25844 999983359
16170 999978882
19733 999978250
29458 999995557
8667 999974140
9651 999972489
20393 999988869
21044 999997513
13178 999994506
2811 999989699
11647 999977643
16752 999971710
18185 999990418
15108 999996508
28586 999974144
22387 999993599
5527 999973016
3141 999980284
7505 999995496
14747 999985601
31877 999977020
15400 999968582
31792 999986338
24702 999996021
26118 999982267
7051 999978329
8469 999984070
11363 999982344
422 999994989
2880 999993680
20580 999985101
18886 999983652
19648 999993927
18572 999972548
11923 999970824
26073 999994030
27397 999970648
2475 999980103
16559 999995046
13054 999995720
20220 999998542
27210 999990505
15573 999972400
15694 999988175
12925 999970033
10252 999979445
10937 999986958
3861 999980252
24373 999985061
12038 999979827
21539 999974146
9555 999978309
18213 999981802
30275 999969509
1389 999988394
13372 999970203
27938 999985885
11329 999984332
7686 999975168
15289 999970731
7511 999995062
13170 999997666
28915 999997659
27621 999997439
30143 999990858
28348 999992479
30024 999967853
22929 999976797
16043 999978889
24057 999996535
18099 999996101
705 999973957
4930 999992319
2679 999982425
30194 999982925
9004 999992437
23035 999992916
17273 999992880
10584 999993164
22720 999999078
3365 999997390
10932 999999843
3404 999970659
6172 999977678
21344 999970252
4308 999988822
5321 999973137
28948 999978526
26658 999974731
8692 999973609
2527 999977009
9008 999967236
21555 999991907
25129 999974134
28209 999972985
557 999997160
30257 999997897
31224 999990229
11125 999992059
10875 999984497
23308 999971405
21212 999971289
5111 999996325
1469 999970815
26251 999995483
961 999978451
13078 999995075
8012 999988272
19397 999994747
3467 999982220
28101 999992953
18613 999986270
21929 999992787
26512 999983693
29452 999999564
3638 999983389
32631 999972258
23577 999967833
31877 999969433
31557 999985855
23876 999993029
13541 999983727
24287 999967258
12041 999967442
21626 999978548
14246 999991371
27230 999968614
16606 999976351
9302 999989636
29314 999999268
7000 999984239
29910 999975851
15976 999969892
22676 999968557
6842 999983620
16435 999975735
28439 999978530
11880 999975190
3713 999978319
7662 999995842
22042 999993126
18051 999974794
14914 999970135
13107 999992707
12032 999970420
3544 999989425
28579 999993469
17378 999978738
27049 999968556
26708 999995309
20191 999989760
30479 999973438
4810 999970315
23891 999970335
22342 999972731
27523 999983318
3181 999997161
5160 999970210
18362 999992931
7225 999977699
5742 999989818
8346 999971148
20275 999999884
5346 999991498
9984 999979664
8033 999970610
3388 999995043
30306 999994541
4902 999993878
8877 999985635
25204 999984052
19280 999986153
1850 999989268
28319 999981546
4366 999990436
11386 999987351
20330 999978608
1486 999993166
11602 999999669
13662 999996172
28726 999989033
1476 999979796
24089 999997447
18610 999971675
3827 999983580
21374 999971001
27988 999971091
9438 999977681
10827 999975233
6128 999978939
10374 999972400
18557 999994742
8890 999973037
3198 999972111
4422 999979792
9951 999990160
4883 999989647
6020 999976106
23998 999985730
11402 999983905
30969 999979253
14543 999973626
18734 999981744
5044 999979366
11622 999968007
17953 999997036
13418 999972129
2250 999988312
11559 999983752
30641 999987430
5719 999983542
7916 999986221
12638 999981658
17577 999977292
15474 999972206
5231 999994582
6143 999995129
4007 999974141
23370 999989155
26458 999995264
7252 999987709
9020 999971157
28417 999980941
14826 999971862
24441 999995803
32368 999986475
27599 999979453
1806 999979707
16609 999972386
28988 999967315
15999 999992737
9963 999982418
1743 999987072
2318 999984923
7407 999990020
9049 999979256
22237 999996093
19784 999999439
9876 999980941
23652 999997319
32376 999968636
19394 999981111
21748 999992382
31948 999981331
2914 999976319
30019 999994646
15403 999975668
16005 999974254
13359 999983650
18956 999984555
7015 999971819
32568 999998886
4296 999994845
22094 999982385
15723 999977785
9408 999968131
8940 999999940
32431 999982177
10512 999972432
20910 999984396
11946 999982345
7369 999975661
8639 999971199
27078 999979521
25320 999987831
27562 999983365
30712 999978352
26239 999973217
20959 999992822
17493 999983316
10702 999967913
31623 999999715
14748 999997964
10815 999999490
21353 999991565
2876 999997567
7297 999986520
10195 999989553
28546 999987546
27444 999990244
10690 999976982
31471 999990658
26603 999978667
30903 999967745
30184 999973280
4453 999998991
30213 999971317
32064 999993471
849 999976426
21883 999976305
21319 999981452
25343 999979331
6830 999992067
19051 999983418
14782 999990941
14681 999981038
29572 999968409
30948 999981945
13448 999998132
2407 999997791
11436 999992180
11142 999992379
16471 999998773
31347 999997230
5331 999988983
31594 999985926
15348 999995621
18046 999969072
17147 999976612
11416 999968863
10425 999971168
32445 999974648
32504 999986583
23183 999997251
15126 999987362
8215 999995730
31219 999981576
29889 999990959
15118 999986305
30632 999975880
22250 999998155
2836 999969562
13495 999980079
22337 999988767
814 999990482
27235 999989240
30909 999974331
6630 999976409
24292 999997607
2298 999977271
27871 999986063
30799 999974835
13701 999978997
17181 999988420
11376 999991793
11624 999975206
1630 999973630
26498 999998469
30935 999969924
27345 999977448
7440 999992868
5074 999988574
31248 999971782
7518 999974250
31249 999974755
24877 999992750
20265 999991954
408 999996505
2857 999996371
24739 999977425
28358 999998365
2106 999990815
13302 999990568
26555 999979038
22429 999991035
2741 999987810
9833 999982900
11504 999975400
4346 999991193
20397 999971458
2887 999996769
13358 999982335
31549 999993538
24441 999973660
31401 999987258
2906 999982382
28759 999979933
10407 999968140
17531 999967457
22215 999980477
13393 999994539
29813 999989605
2305 999999640
11714 999989999
13765 999985484
11097 999986681
8525 999985723
18183 999981954
7779 999970105
27003 999998421
22475 999977922
30026 999993908
13165 999999496
25398 999999044
28854 999993793
29615 999972667
1595 999987885
6554 999967946
671 999991017
594 999973322
29879 999996662
24300 999988392
7917 999969159
21184 999993744
31202 999990029
11044 999981660
19032 999969026
17531 999968826
20046 999979768
16495 999994143
17772 999969632
29050 999989999
22690 999969306
8107 999988840
9485 999977664
2727 999996369
28186 999991985
19694 999993190
15085 999981790
1119 999986049
25348 999981399
25599 999980680
19991 999968404
4854 999994009
27459 999998084
31962 999977718
9064 999998806
30512 999967537
19152 999993352
24624 999969815
22033 999987379
6857 999998045
22068 999995027
3045 999967500
22 999999961
31982 999991724
17167 999994159
1937 999969841
13010 999991055
28354 999991464
18580 999991491
2304 999989409
16241 999995706
8154 999970394
4107 999974288
26802 999974832
20340 999989595
31425 999981765
30030 999987382
26203 999991409
19760 999974414
20852 999977065
5964 999970734
15716 999971632
7247 999993610
23015 999980480
14473 999986126
2408 999985911
8782 999980198
31359 999997122
28572 999981003
31416 999984907
7933 999993680
26262 999982690
10159 999974192
23255 999996525
21763 999994134
2810 999972880
28931 999975402
24831 999991132
599 999972639
19054 999979320
8554 999998910
22170 999972048
10440 999979312
2599 999979712
17611 999974863
3018 999996415
9846 999983402
3664 999969420
23969 999984155
7138 999995353
7766 999991433
9863 999976187
30076 999997692
490 999983246
12466 999997413
10846 999972456
32126 999972009
32031 999968005
935 999994482
17882 999980204
32479 999973557
17776 999988324
7077 999982465
5624 999975065
7018 999971213
4099 999982989
1011 999971327
5411 999982975
24062 999985148
25518 999983773
18216 999980531
22463 999976105
23310 999969448
15742 999976557
14259 999968770
6305 999994079
8482 999985557
1331 999987731
2132 999988973
5524 999998947
31059 999978399
20930 999969888
13472 999978768
15318 999988214
30674 999974402
32210 999978337
14721 999972834
9369 999972691
23650 999980500
3135 999983072
7603 999983482
24963 999983024
17114 999977351
23706 999971555
19017 999975430
6447 999973826
9124 999973993
12199 999981866
13094 999967571
29609 999985848
9281 999992870
31710 999967923
20356 999999563
22261 999976380
14274 999985219
4587 999988279
25201 999996016
29577 999973240
3920 999971746
4398 999997613
4941 999987044
8398 999995277
23205 999982595
11323 999994564
22093 999997026
2467 999968795
22673 999993216
15706 999968874
9467 999994820
10458 999967551
14198 999987214
11017 999975498
1715 999970941
5562 999989902
17868 999982336
7285 999975240
26919 999977886
8315 999994012
29342 999986821
32261 999998981
18652 999969748
16077 999994490
7690 999984423
21967 999980127
10668 999998182
18513 999991089
14789 999980877
26657 999976176
24386 999978297
798 999991626
14741 999980728
11257 999992972
9633 999974734
61 999998024
21462 999992839
3981 999968710
2461 999992129
18477 999988267
4598 999999029
3269 999983209
8543 999990857
22369 999992556
12537 999984152
3515 999971585
5350 999996988
27325 999968773
20981 999994850
8514 999990866
30337 999978763
7197 999968745
31382 999997601
32604 999991006
27478 999981120
20174 999972742
26011 999994817
24002 999975009
9182 999993989
27666 999982024
9048 999972999
5216 999991126
9318 999980318
28576 999976215
2610 999977877
4566 999989873
23952 999998316
17441 999997653
30502 999988843
8185 999971877
5328 999991915
28597 999969507
24131 999985890
30800 999967774
7408 999970354
4204 999968540
11051 999979697
10391 999981254
24204 999987063
10446 999969495
29077 999972075
18239 999993538
12438 999983371
15443 999978599
28110 999977853
30700 999996532
211 999988568
15340 999999131
21812 999977138
16374 999989113
19548 999988200
17016 999992896
30393 999994544
10985 999969322
26654 999984863
8527 999968669
11110 999977722
16133 999987997
6491 999989374
15547 999968244
5846 999999470
16830 999968930
32295 999975072
14458 999982854
14262 999996999
19517 999983689
17899 999991871
29757 999996557
18508 999998619
12253 999998041
14821 999981294
22572 999992770
28397 999985884
10926 999974744
5542 999980638
29024 999989462
16005 999981016
27638 999972232
12179 999995356
24167 999971963
1811 999999163
26795 999977062
29029 999998415
3011 999985498
30250 999996553
32763 999994411
8361 999991100
16492 999994269
1906 999978407
28612 999970637
30528 999994180
31306 999998565
17700 999971666
6428 999973886
3040 999969442
6843 999983954
22673 999993636
5322 999977385
2706 999999280
25363 999997440
27292 999983764
6091 999999097
15666 999970657
16663 999990150
21564 999993460
10191 999975124
25586 999975878
27521 999983608
7931 999978611
8121 999989466
24022 999988363
20095 999969764
21882 999981211
1058 999975401
8505 999993081
18484 999970774
9194 999979218
10198 999969819
1095 999981812
13622 999996374
18580 999994459
8277 999970244
21890 999977085
19726 999997159
21586 999999829
2644 999984374
17469 999986479
20155 999977608
15124 999986232
7737 999977215
6436 999985604
32046 999973941
13404 999992669
5283 999977960
16050 999995279
27599 999995109
27586 999968373
23264 999986165
6584 999990785
6904 999992459
369 999991310
6005 999972138
12765 999970854
25717 999989143
23208 999991059
32409 999971522
10777 999989800
14346 999976052
16954 999991883
30394 999979192
2361 999988937
10221 999967498
22798 999991256
3319 999970112
21086 999984362
17735 999987259
22175 999998135
14756 999981645
28030 999988488
19639 999985000
6525 999968836
29898 999995147
24545 999993020
8911 999977963
1995 999968181
6820 999977316
21669 999980601
8341 999991965
16319 999998877
8227 999982973
30010 999997904
12291 999998288
6182 999990633
5994 999991607
4583 999995245
14472 999977556
28893 999981795
1106 999969201
6724 999989785
23429 999979507
21336 999969204
232 999991491
26045 999995257
209 999982071
25375 999983324
12778 999969922
19478 999980363
13109 999975713
7756 999995450
2894 999996097
3553 999986925
19697 999978162
28174 999984648
25787 999993996
3337 999981784
29749 999979492
1833 999967838
24078 999990701
21835 999999519
26536 999981423
6772 999993005
5079 999989802
29880 999986163
6885 999999751
21850 999997251
9177 999971779
9268 999999264
8952 999997146
12889 999988427
397 999988597
16378 999977871
29414 999975701
6534 999993292
6815 999992059
4117 999999940
26659 999999838
20743 999968807
19311 999985738
24808 999978592
10009 999985753
15767 999971484
9105 999976211
27560 999976862
18344 999978277
29446 999994948
31310 999985732
3805 999994071
20896 999997662
5303 999967254
21282 999995269
22245 999977472
2376 999980571
1568 999973476
4668 999981756
22128 999993641
3035 999979119
27469 999982685
256 999984011
20228 999969791
15366 999995370
31069 999996811
8840 999967951
10619 999988041
32363 999975575
5891 999998804
22559 999982626
16001 999985772
17953 999996926
19719 999995003
21957 999984472
28439 999976168
28978 999991458
1730 999987870
26286 999985155
3346 999969754
29980 999990146
8870 999977400
450 999998705
5020 999990139
23376 999969690
21172 999991198
11806 999984554
12209 999987358
3510 999990112
19715 999979396
14226 999983093
6308 999976500
29479 999967817
19520 999967607
13090 999984978
14488 999975625
23537 999968836
24616 999976418
21381 999992959
9479 999972358
15958 999973692
3600 999969548
3496 999981302
26431 999984687
17165 999998617
16733 999994518
3372 999982187
5344 999986596
8640 999983293
3085 999991552
30948 999971409
14431 999993442
19853 999969417
14124 999991587
1880 999979347
2438 999979394
29062 999980247
9056 999982518
25412 999968477
30193 999987383
15664 999994367
31070 999967947
24602 999968915
31123 999972818
263 999980885
10865 999989073
32380 999980503
18223 999970879
6905 999996072
16634 999978641
16579 999969093
16607 999997575
13030 999980994
235 999971251
20347 999989816
16529 999979470
18215 999981037
22603 999981881
28132 999978564
12420 999974228
2308 999968106
8118 999978625
15987 999998140
29648 999993846
2364 999986425
10970 999982406
22350 999988780
7899 999987629
13441 999999318
10491 999998749
9940 999973342
32741 999984907
8184 999994040
21871 999978234
10259 999996247
30589 999971523
9662 999984211
30754 999969450
26447 999992793
8457 999991584
20830 999975381
13844 999972952
22146 999982048
19266 999982987
7260 999992043
12758 999987723
29143 999993511
16566 999969288
31405 999969467
31761 999988004
13358 999989667
24644 999985336
14141 999969128
21503 999994338
23451 999981061
1443 999998806
8296 999996820
14319 999976672
32230 999973434
16860 999991483
1153 999980503
17861 999982740
27916 999976300
25547 999970908
32334 999973451
27512 999967440
27581 999974657
20643 999977929
4489 999992834
26515 999978563
12764 999994905
11367 999991854
5985 999985292
6580 999977975
16643 999970066
21105 999995348
31479 999985013
8976 999986386
2300 999994117
7662 999969695
17889 999972802
22253 999994647
23624 999982408
607 999984271
31915 999993209
31527 999969251
13468 999983340
29722 999987009
19281 999972632
22700 999984819
18271 999994430
8392 999983981
454 999992090
7167 999992027
27182 999970889
30693 999985512
24688 999998840
1464 999974671
18264 999993936
835 999980962
13482 999972644
27394 999971548
25186 999976278
3975 999974951
17728 999989645
1564 999995949
27780 999986073
9386 999986720
3831 999987232
5850 999983817
26922 999976976
20089 999979857
20738 999983556
21281 999999953
8820 999972850
13590 999984538
27022 999998043
10094 999981380
28087 999986224
1397 999986296
567 999967813
18255 999968125
16378 999998200
10719 999974531
3216 999987679
3560 999969458
4729 999999795
21106 999986928
3744 999988990
11888 999989877
5925 999996421
19871 999985935
16223 999971447
13489 999985460
15650 999975506
12459 999993292
29501 999968664
21900 999979963
1351 999968309
20527 999991088
22684 999976878
3954 999980207
9890 999976585
2200 999982559
1105 999977855
6892 999985683
754 999993442
22183 999983257
20006 999990479
11028 999994053
27435 999987347
16370 999975355
32091 999987165
32282 999969791
13301 999980328
2914 999988925
17696 999970021
15808 999972568
6701 999991018
18867 999982516
4381 999977374
12254 999986627
30563 999973600
11766 999981776
8683 999987899
14047 999975437
18010 999982027
13842 999984605
31128 999984492
8770 999997793
30604 999969704
9023 999993284
6182 999981277
20250 999992133
5539 999978287
17034 999976968
2060 999980980
6286 999982749
14848 999994712
1364 999993932
15028 999993748
6234 999986981
20792 999967955
27091 999982026
13564 999986334
14156 999983865
12178 999985549
13199 999971035
2997 999991021
3528 999976974
30091 999987248
29670 999996020
12327 999981080
5188 999987640
17490 999998881
25225 999973796
3211 999971506
9165 999978533
16972 999968898
1533 999968537
28815 999984587
18048 999969758
28561 999994032
11290 999994523
19926 999978606
22545 999987019
19053 999983812
12943 999978638
17525 999969058
30280 999972910
17376 999976340
8028 999980914
32631 999981932
16767 999989029
1054 999991217
2391 999984996
24922 999970121
27941 999988010
32528 999976680
20648 999979420
144 999987895
8255 999974676
22737 999982019
10061 999969263
29694 999968043
9697 999999254
6706 999998216
27031 999983693
28545 999986458
28089 999982653
13623 999991095
18090 999981122
12388 999998322
23685 999996404
22936 999995918
14593 999979638
14827 999996192
27800 999981441
6464 999978502
20200 999986735
25035 999967370
7769 999987079
23761 999987157
17152 999990476
11439 999978261
14531 999979909
10270 999972844
25790 999979338
31413 999992478
23014 999976275
11952 999998457
20716 999990721
1007 999979778
22373 999974058
14402 999985252
31271 999991526
9443 999988120
28406 999978651
21828 999979476
352 999984009
31499 999982260
18149 999992084
25435 999988905
24155 999976469
20822 999973156
16017 999998049
25056 999979137
22579 999982613
23717 999979445
3821 999975591
5725 999996854
19923 999984044
18511 999984813
15105 999974248
275 999994076
20094 999986970
4765 999989583
20583 999988484
8567 999976005
585 999976508
14670 999992669
30670 999991860
2736 999980927
25244 999997962
13844 999969423
21882 999999887
18459 999990483
17076 999971865
19221 999976479
14785 999997704
4551 999999686
10276 999996440
8044 999990336
8592 999994732
20729 999984537
29519 999990613
11173 999971232
1765 999976934
29865 999996619
22512 999988280
30276 999988459
338 999986044
5635 999991443
9618 999969732
8255 999981128
13952 999998097
27879 999980393
24600 999983900
16768 999973596
6825 999994467
5225 999981949
10295 999971577
5476 999991877
285 999996045
8018 999968828
29686 999977783
30526 999975966
31934 999995013
31901 999974863
5941 999999559
11988 999982976
4228 999980828
11259 999968414
7203 999993532
3297 999992957
12282 999994883
16976 999983815
27591 999977665
22418 999972773
4031 999984450
15923 999986602
18040 999997854
1801 999968643
17926 999980225
11378 999996767
3173 999992121
20957 999997982
15127 999974850
7308 999978556
22029 999978385
2456 999969914
27083 999993954
25909 999988305
23752 999976003
18231 999994903
28691 999999261
14549 999990510
13116 999988743
26541 999969391
28530 999984201
2569 999997466
19945 999983665
22625 999975547
15743 999999897
16417 999975451
23454 999996979
13227 999988780
25700 999980442
15264 999976179
28161 999973656
11612 999974388
29537 999990071
10943 999969247
29196 999996168
20275 999980092
8010 999974710
11754 999998168
30858 999984841
1384 999995117
13060 999968186
19522 999971860
20126 999983930
31525 999969002
20492 999999425
14361 999976324
26172 999984856
18183 999990163
32497 999995558
25465 999992405
3758 999974715
26530 999968834
4053 999975838
25758 999969906
32016 999980696
4091 999971279
19184 999979325
10871 999995902
9428 999979326
17419 999992845
28941 999988464
297 999967452
24639 999998235
17731 999989068
3082 999979651
26252 999981097
26858 999984438
20226 999968216
3932 999969690
11948 999997375
8259 999996213
8992 999981431
18569 999992634
30793 999992754
10249 999997655
26215 999977708
8109 999974207
29015 999976404
19155 999976825
19733 999982456
10230 999995366
27519 999970099
13450 999994259
5980 999977046
39 999994691
16540 999984023
31466 999998009
24033 999970877
793 999990985
1855 999988487
30213 999995037
11840 999971040
18485 999974087
5932 999979844
26816 999989130
30599 999980655
29691 999988198
24026 999976778
31060 999980264
18103 999993109
22654 999981743
759 999979732
31183 999992637
21318 999982201
26086 999980802
23778 999991766
144 999967528
23455 999986496
27373 999996318
13615 999969794
20686 999979749
20896 999992968
9570 999992733
23846 999968326
4882 999991246
22299 999980396
8873 999983607
4676 999984203
23992 999993815
2646 999991429
28729 999992060
12984 999993846
3442 999983887
8843 999971172
7196 999974365
16872 999986408
28101 999998756
23656 999994907
1395 999968802
15594 999992832
12682 999984861
13968 999967412
31983 999978291
16139 999979734
15214 999989664
32281 999973558
13657 999979985
30283 999968575
13938 999988972
11020 999969445
1035 999996316
26591 999986894
32364 999972318
3304 999993729
29045 999998093
1198 999982671
22661 999991470
18207 999981636
6554 999967355
3541 999996748
31673 999975472
7575 999968102
23696 999988888
18723 999970698
26970 999967574
4394 999991899
24323 999977203
1437 999976587
5516 999997610
19495 999995665
23218 999989237
28667 999983884
24522 999983063
24271 999983988
16112 999975911
14120 999982726
23392 999986463
19417 999980780
8484 999988328
198 999972015
26608 999977188
25838 999982556
32074 999986681
11689 999976184
6637 999982370
30509 999973156
18032 999972724
28247 999992334
29475 999971569
18345 999999901
18234 999987086
10127 999998811
27437 999999493
24550 999983521
21086 999971419
9918 999992453
18429 999984176
10847 999982723
17192 999986888
9867 999988972
18007 999972572
24323 999995921
19960 999969824
9037 999986478
4694 999976084
16307 999988247
8383 999974794
32655 999990436
4070 999998586
9414 999979997
21382 999987591
30867 999968996
29512 999994832
22918 999999909
10471 999996279
27340 999968063
10642 999988594
18608 999968816
7826 999992595
26210 999992899
4396 999990103
30967 999972409
19913 999969266
5042 999983928
596 999974934
22914 999972854
7140 999978758
26571 999985061
10139 999989853
24169 999975068
15054 999991326
10483 999980234
9829 999992442
27964 999992282
31109 999978339
17184 999988005
5997 999981524
6525 999974747
25758 999991517
27775 999988208
20287 999992433
12577 999996486
14015 999975918
6640 999975583
30396 999989872
6418 999979200
6436 999972052
17288 999976548
29594 999986061
31152 999969126
13339 999986218
30990 999996333
8417 999990946
15179 999983830
3975 999987813
18046 999994786
22383 999991074
21163 999985957
17249 999968088
26761 999989162
18036 999989919
23945 999983976
30770 999994803
20755 999988966
7159 999978563
3859 999997741
14234 999967870
31668 999992242
32079 999967833
27755 999987201
3276 999993504
4664 999977769
20395 999983555
22825 999973610
29968 999967837
24863 999991455
20619 999992195
29652 999992812
8256 999975633
7197 999999271
32325 999986229
17005 999978886
331 999996792
29339 999998221
20609 999999888
12005 999971380
11957 999969192
29748 999992155
16572 999989739
21410 999990765
4885 999978515
17721 999996246
8905 999973300
6141 999975333
28053 999985224
9005 999971839
19787 999999737
7367 999976138
8822 999973424
14666 999986581
4669 999985377
30911 999987400
23434 999997331
17658 999977232
1899 999971121
17694 999969415
30904 999994259
2655 999999910
7926 999982538
31244 999998442
20603 999986734
6348 999984711
4051 999984168
6952 999986512
16483 999985598
24393 999977763
3660 999993570
13315 999986965
3474 999987322
4371 999985953
21630 999994671
9381 999971600
5440 999999989
23066 999981415
31449 999978077
15879 999996948
19768 999999644
25473 999967447
8355 999977306
11928 999973233
5209 999980858
10273 999974798
25718 999969837
16057 999986290
21270 999970422
6406 999988325
11453 999970683
23872 999992798
27639 999971409
4592 999967858
16443 999990789
31736 999970170
31765 999968682
7636 999996038
11909 999991334
15391 999996804
27554 999995836
2905 999996078
2178 999997784
27367 999967799
20062 999968669
20827 999969716
26866 999980462
19958 999994700
5155 999973311
17259 999968926
19684 999993178
16358 999981941
2394 999993200
5709 999997996
15422 999980070
7366 999985633
10116 999992412
13433 999977052
16954 999971581
32407 999978429
13746 999994888
25243 999996392
13795 999981409
18896 999970735
14605 999995735
13331 999976900
21148 999997684
2522 999996764
13647 999999495
20341 999981730
8345 999970033
7572 999998177
15688 999988786
778 999999599
11620 999989170
13264 999998555
21338 999987151
10573 999986134
5209 999970858
6100 999978849
6653 999986737
23919 999999419
22315 999991146
19931 999978119
21564 999970181
32723 999971007
1629 999994911
32658 999993563
13877 999993942
2707 999997120
14793 999991824
14491 999974762
1437 999972618
13817 999970392
22812 999986082
29452 999977658
2618 999983460
27911 999993947
13400 999967574
29681 999986767
20072 999976963
4592 999972188
27729 999997255
30662 999995432
12181 999974879
4764 999983911
11057 999993519
12031 999983681
16069 999969233
19752 999995973
11508 999973217
2688 999990289
28942 999981066
17507 999998845
6124 999993678
22564 999984139
8220 999984024
9298 999974224
9535 999992323
12090 999993631
23214 999987687
5805 999989626
6500 999982631
11524 999969849
1304 999985724
26464 999993974
3241 999983871
311 999973310
18879 999998265
30988 999969529
944 999979500
19069 999996180
22944 999979102
2435 999981427
22509 999969769
17142 999976985
31946 999980933
17999 999993747
28713 999987472
15538 999975080
29407 999988835
12588 999976386
18690 999978516
28217 999980570
9110 999979019
21641 999975077
19817 999973318
3843 999982273
7996 999973484
18443 999980702
32547 999991955
17408 999998829
28463 999992272
1289 999991114
28489 999977986
23570 999974633
13921 999968861
2833 999970562
1737 999990328
23694 999999356
8667 999989143
21602 999968860
7906 999997814
23999 999999083
10552 999969242
6768 999974313
27051 999997335
14178 999980403
7973 999984609
27236 999991926
10893 999996821
32043 999975506
4584 999972420
2457 999986445
16068 999994115
19263 999983165
31702 999986932
10784 999985139
30178 999984530
25271 999971177
17371 999991999
28476 999979882
14924 999997071
5668 999972996
3574 999977169
16871 999988975
2490 999995489
1541 999983675
23482 999971375
30027 999983804
15804 999971853
11602 999982772
31951 999987003
15178 999975237
9264 999970483
15861 999985939
20334 999992629
26870 999997628
26573 999976721
19788 999994104
20712 999979958
2842 999990414
18587 999998205
20649 999971325
32288 999993909
19119 999970534
9336 999978222
27090 999982394
1037 999994757
8552 999971367
20373 999999858
897 999998658
16441 999978322
24103 999977588
15607 999994550
15844 999994662
4421 999993769
31109 999986986
30455 999970819
11038 999975151
30562 999993456
14926 999969891
26562 999976765
23492 999997990
1241 999973608
10754 999988339
29145 999992933
15201 999996366
7812 999979824
22870 999983468
22674 999984918
15603 999990118
3155 999977411
29873 999984796
30869 999984650
22380 999998058
22984 999979766
10415 999987724
20576 999970964
21042 999978960
1659 999976061
22177 999990785
22724 999975461
24991 999997838
1687 999985893
6411 999996028
11622 999987657
4994 999994896
4955 999978778
6181 999972539
1342 999987113
2972 999976389
19354 999986145
11867 999979704
31515 999971465
4131 999971985
9275 999979868
23756 999991463
9757 999980362
26179 999988058
10425 999976075
4047 999978619
570 999984231
32408 999989630
2980 999971015
13161 999987040
10426 999998330
29109 999976536
1823 999971143
6104 999982400
22715 999996086
19616 999989953
3424 999986333
9740 999985728
20398 999982188
11603 999983754
18740 999986232
25640 999975489
29143 999996040
12093 999986693
28280 999983586
18950 999982178
17105 999980051
10175 999998332
23200 999982401
26032 999982203
11784 999971505
12976 999979190
1332 999987544
20456 999984290
7997 999995427
3801 999967864
16462 999977477
28833 999980711
27398 999986116
19065 999997439
18717 999971203
4995 999992729
1867 999999502
16323 999975048
10341 999992807
19562 999980866
5066 999995412
24923 999983307
25341 999999141
11240 999980453
12947 999976199
22236 999987833
31312 999967242
17343 999970949
12429 999990195
26965 999999428
15580 999977666
31592 999970526
32239 999967233
16327 999970005
26294 999998801
13455 999995500
30408 999976053
27561 999979349
4612 999994780
16276 999982881
31608 999986095
17765 999991783
30594 999996511
8204 999970993
22836 999985645
6360 999969194
32509 999972022
8510 999981065
646 999997573
8662 999979962
8155 999987607
15014 999993041
6091 999992685
22691 999976110
4497 999971669
17525 999982831
16308 999995573
3707 999992346
19499 999998748
31759 999988230
20421 999989769
23051 999980556
22728 999979641
22667 999974129
17624 999982642
21493 999967888
29211 999970001
12087 999988554
2971 999967892
9040 999981358
29932 999983335
10258 999986919
6414 999982256
23078 999968361
8340 999996505
592 999979865
21254 999994273
8692 999975231
10117 999983906
10458 999980398
18605 999985569
14382 999994030
4032 999980311
5835 999979694
15104 999995267
15033 999969068
25436 999975788
3059 999984352
30031 999996471
17518 999995948
12550 999970350
4440 999984004
30145 999998028
22941 999992222
23675 999991753
19888 999980376
26061 999978344
9352 999986541
16144 999978113
10729 999979478
25282 999978960
484 999977728
6186 999984123
17825 999979698
5695 999997412
23900 999986364
19911 999989939
15278 999988575
7868 999974305
24078 999971198
31987 999968133
13975 999969929
18432 999972896
25356 999970852
23124 999979303
21785 999983513
5032 999994132
20443 999979267
25247 999968683
24227 999992886
4518 999984205
10487 999980912
23327 999984640
18394 999996865
2240 999969082
78 999981881
8757 999999856
1814 999993046
28429 999988321
12736 999971371
20435 999990561
14563 999970000
12923 999992038
28582 999977356
9729 999978902
5249 999993667
20812 999995916
8008 999987104
20824 999972909
12389 999994754
17044 999969965
1380 999994663
31113 999967904
5814 999978009
11965 999985346
17070 999978715
8663 999976582
10704 999998034
30723 999996640
8267 999974644
22936 999989458
22724 999999922
4857 999980471
11349 999978662
15545 999996753
9174 999983483
12034 999971731
9819 999978911
17463 999973422
28925 999999530
11992 999997405
15326 999982475
26278 999991152
12391 999978232
28936 999973529
5332 999972754
2222 999998584
20723 999979354
26740 999991271
12328 999993815
15753 999990662
1205 999979651
1232 999976325
4152 999968505
22406 999977267
21877 999983839
27430 999999561
14166 999971220
18569 999980534
2352 999967641
32338 999993769
29768 999972287
21129 999995297
22166 999980564
14214 999990581
32457 999971469
2065 999978210
27019 999982451
20167 999992857
25605 999996302
7360 999996613
14246 999970835
13166 999974046
17184 999998029
1480 999980079
9396 999973133
21672 999971752
22960 999972818
27250 999992163
30518 999969207
14839 999980599
24638 999980575
25753 999973759
7390 999973666
