407 386
356 386
616 386
183 386
802 386
822 386
298 386
362 386
804 386
574 386
293 386
980 386
720 386
888 386
835 386
653 386
482 386
317 386
734 386
129 386
342 386
4 386
435 386
314 386
511 386
965 386
338 386
777 386
498 386
355 386
851 386
772 386
618 386
537 386
425 386
889 386
725 386
831 386
160 386
659 386
707 386
1000 386
779 386
648 386
177 386
72 386
226 386
121 386
878 386
192 386
182 386
411 386
284 386
758 386
378 386
599 386
684 386
52 386
836 386
488 386
91 386
971 386
167 386
285 386
420 386
446 386
866 386
516 386
579 386
244 386
799 386
738 386
843 386
432 386
800 386
448 386
150 386
327 386
485 386
879 386
568 386
958 386
549 386
551 386
231 386
904 386
1 386
679 386
104 386
42 386
96 386
79 386
142 386
85 386
607 386
282 386
622 386
561 386
938 386
666 386
