19 600
151 600
298 600
617 600
790 600
244 600
405 600
57 600
210 600
458 600
452 600
58 600
303 600
511 600
38 600
98 600
611 600
291 600
447 600
992 600
1000 600
276 600
224 600
248 600
803 600
231 600
890 600
113 600
755 600
176 600
939 600
836 600
546 600
92 600
397 600
810 600
976 600
869 600
236 600
496 600
708 600
933 600
839 600
307 600
483 600
456 600
26 600
943 600
551 600
46 600
327 600
739 600
178 600
498 600
845 600
754 600
957 600
18 600
573 600
999 600
792 600
725 600
851 600
884 600
396 600
125 600
682 600
262 600
136 600
507 600
150 600
350 600
202 600
756 600
552 600
261 600
15 600
934 600
575 600
553 600
670 600
434 600
780 600
917 600
197 600
886 600
879 600
748 600
433 600
539 600
928 600
606 600
618 600
769 600
691 600
43 600
635 600
108 600
576 600
409 600
