883 506
441 506
492 506
957 506
165 506
757 506
729 506
131 506
461 506
173 506
808 506
965 506
650 506
265 506
298 506
710 506
767 506
740 506
47 506
781 506
511 506
851 506
712 506
655 506
479 506
334 506
339 506
503 506
488 506
81 506
456 506
823 506
149 506
648 506
800 506
959 506
907 506
332 506
687 506
567 506
306 506
672 506
335 506
848 506
786 506
668 506
914 506
312 506
200 506
670 506
791 506
113 506
357 506
970 506
462 506
472 506
372 506
333 506
922 506
95 506
816 506
771 506
933 506
146 506
254 506
850 506
921 506
471 506
320 506
190 506
96 506
428 506
892 506
739 506
803 506
27 506
209 506
855 506
401 506
755 506
749 506
864 506
176 506
4 506
664 506
443 506
385 506
213 506
728 506
310 506
657 506
404 506
530 506
321 506
118 506
446 506
886 506
685 506
39 506
918 506
20 506
292 506
568 506
345 506
584 506
405 506
805 506
427 506
737 506
618 506
231 506
764 506
99 506
376 506
689 506
694 506
126 506
577 506
207 506
561 506
709 506
139 506
143 506
930 506
992 506
906 506
663 506
901 506
882 506
115 506
454 506
98 506
996 506
820 506
759 506
636 506
859 506
411 506
597 506
261 506
738 506
624 506
639 506
546 506
828 506
276 506
608 506
941 506
551 506
797 506
702 506
63 506
88 506
142 506
356 506
527 506
929 506
474 506
80 506
955 506
974 506
756 506
208 506
822 506
714 506
152 506
640 506
425 506
233 506
562 506
634 506
285 506
304 506
69 506
188 506
842 506
849 506
235 506
19 506
520 506
192 506
625 506
280 506
344 506
201 506
612 506
330 506
742 506
870 506
348 506
399 506
642 506
943 506
286 506
364 506
580 506
844 506
940 506
124 506
988 506
916 506
377 506
351 506
691 506
263 506
841 506
836 506
585 506
105 506
558 506
327 506
369 506
135 506
994 506
734 506
478 506
258 506
178 506
613 506
7 506
866 506
934 506
603 506
588 506
565 506
733 506
117 506
219 506
766 506
692 506
897 506
458 506
260 506
460 506
537 506
51 506
453 506
982 506
760 506
18 506
498 506
108 506
279 506
623 506
705 506
267 506
535 506
253 506
967 506
867 506
100 506
911 506
76 506
436 506
294 506
680 506
45 506
857 506
500 506
447 506
382 506
125 506
960 506
423 506
713 506
736 506
318 506
784 506
863 506
255 506
513 506
777 506
438 506
293 506
876 506
615 506
548 506
295 506
34 506
854 506
112 506
673 506
121 506
665 506
365 506
123 506
652 506
167 506
120 506
939 506
661 506
524 506
13 506
58 506
366 506
981 506
128 506
976 506
768 506
873 506
