102 392
439 392
148 392
877 392
357 392
603 392
893 392
566 392
346 392
873 392
589 392
609 392
695 392
349 392
911 392
466 392
680 392
823 392
704 392
493 392
825 392
462 392
942 392
348 392
586 392
772 392
198 392
181 392
563 392
265 392
158 392
163 392
471 392
746 392
564 392
930 392
241 392
1 392
501 392
272 392
434 392
186 392
948 392
337 392
537 392
885 392
129 392
390 392
538 392
120 392
958 392
377 392
447 392
598 392
902 392
960 392
846 392
659 392
103 392
473 392
393 392
156 392
811 392
844 392
448 392
851 392
891 392
236 392
935 392
321 392
656 392
810 392
359 392
293 392
669 392
808 392
315 392
134 392
33 392
807 392
988 392
670 392
475 392
791 392
242 392
918 392
271 392
542 392
499 392
367 392
15 392
703 392
774 392
394 392
959 392
150 392
850 392
752 392
806 392
223 392
