1000 300 1745000
914 938
672 914
296 914
245 938
58 245
15 672
29 296
245 254
181 245
254 659
672 837
254 353
624 672
512 914
244 512
123 353
624 788
837 901
58 402
69 244
624 682
494 512
666 682
181 749
254 362
158 749
8 123
402 870
69 894
158 655
802 901
71 655
299 655
627 901
494 549
174 870
219 494
125 299
655 777
159 219
212 749
8 460
158 184
159 728
212 377
125 483
8 565
525 565
697 777
141 565
460 602
549 670
239 525
260 549
440 728
219 658
670 852
184 859
159 786
141 781
260 352
645 670
289 697
1 377
786 966
781 816
503 781
104 786
503 953
24 670
727 781
12 816
239 327
12 955
518 859
625 786
19 289
636 645
62 327
571 816
19 610
313 503
503 825
336 816
113 327
44 625
113 277
315 955
24 381
313 805
500 518
636 932
44 761
432 805
313 458
625 832
19 965
538 636
113 768
355 500
113 265
768 928
265 978
310 978
265 544
583 965
310 676
829 978
116 932
376 805
163 265
965 993
965 968
234 458
93 376
371 538
78 965
968 992
265 617
371 648
600 992
116 190
26 648
583 862
829 943
78 589
376 793
401 617
877 992
809 943
617 864
248 793
190 301
190 205
401 872
182 648
156 190
152 872
648 995
575 864
841 862
26 669
182 462
301 950
55 462
401 591
182 577
103 152
82 864
249 577
274 577
156 557
55 455
50 156
567 950
188 669
557 791
170 462
359 567
359 679
43 841
302 462
188 990
349 567
595 791
169 170
177 791
50 545
50 261
188 807
547 990
210 990
222 791
567 987
192 545
545 734
268 359
664 679
186 734
387 807
547 897
261 451
210 967
32 192
268 842
290 897
222 364
698 987
861 967
433 664
547 554
981 987
554 849
664 757
192 715
272 967
757 944
757 827
272 612
207 698
207 818
237 827
612 899
40 715
722 842
815 861
130 364
410 981
273 849
757 783
154 757
151 154
34 944
309 612
237 365
419 818
207 892
34 59
424 892
94 365
94 748
185 783
438 748
179 424
185 489
145 783
303 892
419 873
41 892
185 808
477 808
124 145
243 873
358 489
808 915
124 531
197 438
480 808
47 489
74 489
439 808
47 107
128 303
47 168
107 372
329 372
47 540
209 540
358 618
372 701
537 915
128 889
422 537
227 372
227 851
300 537
74 321
321 628
23 209
618 925
686 851
519 540
227 891
733 925
466 628
702 851
33 733
298 618
304 891
199 851
42 298
218 422
321 1000
9 466
348 519
733 887
180 298
14 298
702 831
9 285
304 908
653 702
263 887
106 285
298 379
866 1000
72 285
348 416
106 323
131 379
131 724
131 363
348 388
106 252
106 840
72 762
467 724
233 653
97 263
262 866
323 408
323 960
233 373
16 866
252 561
131 945
443 840
131 132
388 389
716 840
257 443
389 976
443 721
206 840
755 945
711 960
132 411
246 411
408 766
450 976
508 755
561 638
716 933
444 766
561 779
411 570
85 444
206 982
559 638
639 721
456 559
220 933
639 885
755 949
692 949
85 98
149 570
431 982
297 639
271 692
687 779
431 556
456 681
98 526
456 731
717 982
456 707
535 681
149 441
441 839
98 742
441 683
108 707
161 687
632 687
149 429
149 482
454 839
430 632
572 687
510 742
572 799
441 726
441 789
680 731
341 454
167 572
487 535
22 572
344 430
742 826
108 651
161 267
680 929
267 732
167 542
454 878
344 534
668 799
22 80
255 341
138 680
344 916
826 941
343 929
316 929
18 534
660 668
80 533
18 792
941 996
343 671
710 916
292 671
893 916
616 996
198 534
80 497
710 906
171 255
541 941
404 710
785 906
18 576
292 579
101 710
6 710
404 504
404 896
6 948
764 996
871 906
368 871
53 292
198 330
504 751
764 922
423 497
576 867
758 922
474 922
474 475
330 578
434 504
739 751
434 642
173 578
111 739
67 642
700 867
409 764
867 986
423 884
111 900
54 922
311 739
111 759
474 677
173 845
623 642
836 884
37 739
173 573
759 763
609 986
64 173
21 173
334 900
54 718
150 845
150 501
501 580
580 853
117 573
247 836
325 623
195 334
623 635
117 223
325 863
187 334
37 553
580 608
604 853
139 553
606 608
187 725
334 708
214 604
214 588
708 810
117 709
546 606
608 920
91 139
288 863
803 810
216 708
333 725
604 634
634 772
183 214
803 998
216 498
217 546
546 551
386 498
709 936
266 588
709 746
27 810
216 868
498 528
592 803
118 868
27 814
509 803
333 905
634 903
135 183
890 903
201 509
551 555
637 746
509 848
83 551
528 720
118 496
135 412
63 83
100 201
118 566
135 939
63 492
3 100
391 848
226 939
391 599
201 830
778 848
100 357
357 407
492 821
485 848
407 806
357 445
472 806
63 417
492 641
492 931
357 361
436 641
778 926
66 492
361 652
472 969
405 821
31 436
472 937
390 407
390 640
425 472
31 794
405 787
425 574
390 714
66 879
436 481
712 794
308 652
96 714
640 934
405 782
189 712
122 934
49 969
425 959
712 919
959 971
449 640
28 959
693 714
564 934
712 984
626 971
96 471
96 622
543 984
306 564
96 144
449 499
28 780
306 319
319 621
812 959
39 49
756 812
144 393
160 306
140 812
160 337
99 471
157 756
471 517
99 773
471 888
146 499
276 543
306 435
137 756
13 157
146 833
157 895
99 796
506 895
39 684
517 585
140 820
276 752
374 585
65 435
137 946
305 506
65 88
875 895
13 73
524 946
524 688
435 823
88 601
342 895
342 661
65 76
76 620
729 823
335 729
741 820
88 230
30 875
335 696
119 601
771 823
493 729
413 729
30 231
582 729
823 980
162 335
392 661
76 774
335 947
331 771
191 231
129 582
331 857
70 392
857 963
176 774
392 828
129 876
166 771
745 771
280 413
398 828
25 176
735 876
162 400
120 191
126 400
191 883
10 176
70 994
57 126
846 883
532 846
281 883
57 843
211 280
730 883
858 994
126 147
367 730
835 883
90 281
120 375
278 883
10 488
258 375
258 282
375 691
488 930
278 674
584 843
282 801
584 614
470 930
208 375
90 366
208 251
86 691
488 790
488 662
258 514
86 133
491 930
514 798
495 691
213 801
491 597
426 470
293 426
213 448
360 597
396 790
366 649
208 339
339 855
148 855
855 942
596 597
396 767
213 678
79 649
320 678
79 736
339 694
339 465
293 910
476 694
320 954
134 767
178 320
675 767
287 767
175 476
178 817
287 695
320 354
380 767
694 743
95 175
459 736
95 983
232 476
178 865
77 380
95 988
2 988
817 819
378 459
232 446
95 164
143 380
324 988
468 865
77 279
77 136
446 706
143 838
291 743
378 511
164 657
394 983
657 935
484 511
468 689
279 750
143 646
548 646
484 854
324 522
593 689
279 880
322 838
136 513
548 795
291 385
511 760
516 657
322 999
511 654
314 322
109 760
760 847
322 332
228 314
142 654
521 854
112 999
513 898
880 973
332 667
142 985
269 385
314 970
165 654
775 970
644 898
61 112
644 800
536 985
399 973
228 974
418 970
142 975
165 769
502 800
399 902
569 970
165 647
200 569
165 453
165 991
383 974
200 913
464 974
200 869
399 979
418 663
776 913
46 453
200 486
663 822
647 907
804 913
236 979
46 229
704 907
242 907
240 804
110 453
7 229
663 958
776 977
51 776
250 822
704 874
351 977
479 804
7 452
215 907
275 822
351 619
51 923
240 558
452 478
469 558
345 874
56 479
275 917
558 797
7 505
479 956
457 797
479 834
797 962
529 956
469 703
56 882
650 917
633 882
204 505
420 478
345 382
345 997
457 737
382 594
194 650
370 650
115 650
340 650
904 997
882 911
737 989
703 784
38 989
630 737
370 964
115 224
115 259
75 911
765 964
203 259
11 630
5 784
340 613
552 911
5 35
673 765
665 904
38 699
406 665
38 603
699 744
613 824
121 964
203 740
427 740
613 811
603 881
369 744
48 427
312 744
312 605
155 673
740 924
699 921
286 369
36 369
193 744
523 740
121 607
586 603
45 921
84 740
350 427
193 235
89 921
414 924
283 921
270 286
45 221
235 515
586 690
225 350
196 523
202 690
102 286
690 738
52 202
45 437
295 515
52 461
318 461
225 356
235 563
461 723
587 738
356 507
270 562
550 738
295 754
507 909
318 972
909 918
202 520
347 918
87 562
437 912
114 563
415 912
461 860
461 770
105 415
562 856
598 723
550 713
105 611
568 912
520 952
643 856
241 520
17 713
346 918
940 952
384 860
284 347
264 856
284 421
643 957
631 957
421 447
264 850
384 886
328 886
4 264
447 747
4 473
326 568
403 957
17 705
68 940
581 957
326 813
4 127
490 705
60 127
590 705
656 850
753 957
294 581
428 850
530 850
317 530
395 490
307 395
428 844
395 685
81 813
844 927
20 294
442 844
153 490
20 539
172 530
428 951
428 961
294 397
153 253
20 560
81 238
307 527
527 629
560 719
92 253
442 615
256 685
338 615
253 463
