571 212
348 212
689 212
568 212
410 212
292 212
772 212
140 212
774 212
462 212
259 212
524 212
845 212
726 212
271 212
494 212
453 212
502 212
536 212
83 212
846 212
653 212
600 212
103 212
45 212
470 212
650 212
771 212
759 212
909 212
346 212
865 212
107 212
848 212
581 212
32 212
50 212
678 212
711 212
601 212
467 212
766 212
408 212
634 212
356 212
902 212
23 212
790 212
529 212
85 212
899 212
624 212
866 212
651 212
250 212
707 212
497 212
237 212
25 212
685 212
53 212
174 212
729 212
591 212
145 212
586 212
257 212
712 212
779 212
130 212
623 212
384 212
71 212
418 212
378 212
914 212
143 212
713 212
800 212
425 212
501 212
947 212
199 212
230 212
364 212
482 212
181 212
417 212
363 212
5 212
422 212
649 212
244 212
888 212
821 212
176 212
618 212
464 212
974 212
847 212
90 212
303 212
703 212
792 212
369 212
313 212
320 212
400 212
463 212
893 212
806 212
631 212
507 212
535 212
969 212
897 212
627 212
819 212
551 212
898 212
569 212
282 212
801 212
291 212
593 212
664 212
459 212
727 212
306 212
574 212
123 212
661 212
105 212
687 212
936 212
203 212
835 212
773 212
188 212
496 212
307 212
476 212
820 212
523 212
275 212
718 212
251 212
49 212
242 212
375 212
849 212
166 212
217 212
919 212
679 212
412 212
426 212
720 212
789 212
206 212
982 212
677 212
874 212
246 212
572 212
218 212
934 212
728 212
645 212
44 212
613 212
858 212
274 212
538 212
136 212
714 212
503 212
576 212
944 212
998 212
361 212
407 212
488 212
825 212
69 212
622 212
953 212
487 212
347 212
434 212
911 212
156 212
21 212
642 212
335 212
592 212
411 212
738 212
52 212
863 212
619 212
204 212
38 212
612 212
760 212
758 212
966 212
362 212
298 212
211 212
474 212
427 212
359 212
706 212
606 212
330 212
377 212
12 212
903 212
255 212
149 212
457 212
533 212
72 212
802 212
786 212
160 212
182 212
682 212
11 212
316 212
926 212
438 212
263 212
587 212
70 212
191 212
234 212
796 212
153 212
266 212
116 212
151 212
337 212
541 212
6 212
194 212
965 212
367 212
780 212
725 212
88 212
325 212
917 212
861 212
937 212
432 212
506 212
228 212
406 212
840 212
261 212
588 212
864 212
216 212
451 212
977 212
368 212
157 212
828 212
102 212
115 212
209 212
272 212
730 212
245 212
578 212
747 212
995 212
343 212
795 212
485 212
557 212
225 212
178 212
530 212
582 212
138 212
769 212
976 212
468 212
989 212
971 212
62 212
935 212
197 212
353 212
126 212
104 212
884 212
