50 50 1
17 20 1 2 41 5 26 39 50 38 28 9 23 42 8 24 9 27 40 21 30 42 44 25 43 8 47 16 6 4 26 20 12 37 48 42 11 31 18 30 26 36 13 40 44 23 33 11 29 1 
4
12 33
12 16
22 32
7 10
4
14 16
2 9
32 42
14 48
3
18 34
9 28
36 36
3
14 20
22 34
14 32
2
17 23
4 38
1
23 37
1
21 31
2
12 34
13 44
3
25 38
26 39
15 38
4
4 14
11 42
32 32
9 22
1
4 6
2
26 40
31 34
5
1 12
4 31
12 37
19 20
3 32
4
14 32
37 41
6 7
21 44
3
11 23
6 47
17 28
1
26 30
3
12 38
20 27
14 42
3
30 33
22 50
14 49
5
30 49
9 17
4 9
20 22
12 45
2
16 34
4 26
1
3 25
3
42 50
18 46
11 19
4
7 21
3 28
13 39
44 47
4
16 23
9 34
19 25
23 25
4
16 26
2 41
22 23
18 19
4
23 31
16 33
2 17
28 34
1
23 26
4
21 38
25 44
16 34
1 24
4
16 39
30 35
15 44
21 48
4
20 28
10 36
7 18
19 29
1
30 46
5
18 30
2 44
3 28
23 25
12 45
3
40 46
24 32
18 44
4
26 40
30 50
14 43
12 27
3
2 5
15 25
12 18
2
9 28
6 41
2
24 42
3 15
5
19 22
13 46
4 23
30 33
14 33
5
6 41
20 23
18 39
41 48
5 22
3
30 46
1 8
33 47
5
36 47
8 11
10 42
29 44
7 47
5
18 25
40 48
20 28
11 31
24 27
1
32 45
1
25 33
1
11 36
4
20 38
14 27
9 17
14 43
2
40 42
33 40
5
28 47
37 42
7 25
22 49
45 45
4
9 36
3 28
11 23
19 46
5
8 41
9 13
28 42
27 35
41 42
