288
217
1129
381
585
381
809
1761
1761
1705
1633
288
555
925
1761
998
816
730
1104
1761
1683
369
288
1129
1350
62
1246
1228
1182
1484
333
622
833
671
734
555
914
1352
1749
1009
1016
780
622
750
1761
333
585
1347
612
1761
854
573
1633
1078
587
1633
1236
854
0
531
1008
1291
35
1297
217
1761
1126
1016
0
1761
525
573
845
1484
1761
1008
1386
1356
1685
866
288
254
914
775
555
531
1251
1685
649
1749
622
154
729
1350
866
1685
1350
839
1761
809
217
288
369
914
1685
734
838
914
1761
1749
254
1749
1484
1761
439
1454
288
1009
839
1761
154
622
381
1246
1761
1761
1683
1306
1104
809
983
0
1597
0
333
925
1228
587
1236
1126
845
914
1633
1352
181
1347
866
946
1078
154
1008
439
1129
1352
809
1285
762
0
1352
1761
983
333
983
690
1016
428
734
1352
671
1761
854
690
816
1025
809
428
1182
1306
381
555
1034
62
1484
1297
1256
1126
1597
750
622
1008
585
1761
1246
1761
1454
1009
1761
845
838
612
1597
1009
729
1347
1484
1633
1761
1352
1119
1683
1484
1285
1761
1685
1683
780
833
1484
62
381
816
1686
577
946
1246
1633
1352
854
1633
1761
736
1761
1078
1200
845
0
816
649
1633
809
428
816
587
775
1347
1008
736
1454
1236
1686
288
838
1126
288
531
1761
428
1633
730
254
838
1454
998
1389
1633
288
775
946
1761
585
439
833
1705
1749
1129
925
428
288
154
1246
730
35
1008
1291
1256
1251
439
1285
762
1705
288
1253
1251
1253
525
734
1597
612
1686
1104
428
809
845
946
775
946
1761
780
983
154
1761
854
1350
1228
1256
1129
17
1119
580
866
1761
1761
809
1686
181
17
580
1761
1454
671
1686
1553
369
585
1306
925
381
585
1761
1347
288
762
1761
1761
1016
1386
998
288
1761
1104
839
1236
1686
1256
573
0
1256
17
622
1761
254
1761
690
1285
1306
1761
809
1761
866
1386
254
1761
998
1009
1025
1683
1306
1182
154
288
866
1597
671
1297
671
775
0
333
845
1009
1200
17
35
816
1761
288
1025
1761
288
0
580
1009
1761
1104
1104
1306
1389
217
1350
1389
1347
780
17
1749
1347
428
1484
587
1352
816
775
1761
729
1236
381
622
854
1078
333
649
1200
1119
531
833
1306
237
573
1253
1761
288
555
833
736
1685
288
780
780
0
1350
62
983
838
525
1347
1291
1126
439
780
1761
1200
333
998
734
1761
775
154
1761
730
35
1685
1683
531
154
1350
1683
333
1008
816
736
585
288
1685
816
1454
369
1347
525
1291
1078
1291
866
288
181
1034
555
0
17
580
1685
217
734
1389
1454
181
1761
1761
1179
516
612
838
1179
1633
690
288
1246
531
0
1104
1633
1761
1034
587
1253
1350
671
671
369
1078
845
1761
1633
649
1705
1008
1246
154
809
369
730
838
854
1761
1761
1454
690
1291
1633
854
1009
622
0
1009
381
845
439
750
622
237
1347
237
775
983
1389
734
1389
1034
254
577
1253
0
1705
1705
181
1761
1705
516
1761
17
1761
1761
750
925
1356
1352
1761
998
612
0
1761
1553
845
998
288
1200
573
1008
181
612
1553
1761
649
369
428
762
1356
1761
734
1126
690
1246
1253
1553
62
369
1297
1347
17
1129
1078
1389
1246
1761
1597
1389
1553
0
580
845
762
1454
525
381
866
1686
1078
288
1119
1126
35
671
585
237
649
35
1119
1749
1685
1253
237
809
1553
587
1705
729
1126
577
516
914
1386
1683
1761
1685
439
1761
838
1761
154
1034
1236
839
983
1761
1126
217
833
1236
580
1350
1749
1761
580
671
833
1761
1246
983
1034
1016
845
439
1119
1251
1236
573
1761
1705
1389
690
1389
736
729
1761
998
1182
1386
1016
730
1009
1119
333
381
729
525
35
1761
577
1256
1553
1009
439
181
839
573
1104
0
1597
729
1356
1633
1179
1034
1389
730
0
998
1761
1200
1236
1386
1761
1356
555
838
1761
833
1236
369
1350
1749
1253
573
1761
1129
288
585
1129
1104
690
946
1347
1200
288
833
1119
254
1352
1285
1683
1761
254
1009
1350
1016
1686
237
1078
998
1246
1761
690
1761
1016
1749
816
734
866
1253
154
1200
1356
35
1352
1761
333
1484
690
1016
1126
1285
1297
1761
925
1009
649
833
1297
612
1126
816
612
838
1228
1761
983
1761
1236
1761
1179
237
525
1749
585
839
1352
1285
439
1236
1749
17
1104
1454
1350
428
816
1347
217
1126
1016
775
237
1749
1347
1078
1761
1246
1119
1251
854
587
1705
1685
555
1705
154
780
1633
1025
1119
809
1761
1236
1182
1686
1761
369
1761
690
573
381
1246
1078
1129
154
1761
1251
1256
428
428
1761
762
734
1119
839
1246
1686
1016
1297
1553
1291
1285
612
1008
1761
1200
838
35
1179
428
1761
1761
1686
839
181
734
649
580
1761
1356
1182
612
1119
1761
762
1352
1009
671
690
1386
181
1306
809
580
1253
0
154
1297
1253
254
1761
17
690
1761
612
516
1683
1761
854
577
730
1025
381
1597
1008
580
729
1633
516
866
1761
555
555
1597
587
217
729
1034
587
1761
809
809
734
1352
1200
1182
671
1597
1228
839
154
854
750
62
1761
381
762
1179
516
1246
0
1761
671
734
925
1119
1291
1761
1597
1297
1386
585
0
1200
649
730
866
1484
809
1129
1009
580
288
1228
734
1761
1484
525
1034
809
516
866
762
555
573
649
775
612
1025
1025
690
1228
381
1297
585
1228
1356
439
587
690
833
288
1352
1285
1009
983
531
1761
35
1306
750
1025
573
254
1553
780
254
1182
587
1256
1761
1228
983
816
587
587
555
17
983
1356
1228
649
1306
1200
516
1761
1126
925
237
1285
1104
1350
288
1253
428
946
729
775
0
671
516
154
914
381
1025
809
1386
516
288
181
1253
333
946
649
1633
1016
1386
998
690
254
555
1761
1454
1761
1356
1016
1078
1285
1683
1008
1228
914
845
730
775
1182
1352
531
1025
1200
1683
531
1356
1761
734
1200
1347
1236
1761
1025
1009
288
1761
1761
1236
1686
573
1129
1386
0
1025
62
154
1256
254
649
1008
833
1078
1686
525
671
914
181
1761
649
1761
649
730
649
946
1761
573
1034
1236
1182
671
525
1347
516
734
1597
612
35
1749
1454
1389
587
736
839
998
439
1016
775
1352
217
809
1761
983
1347
1685
1129
181
0
762
428
1025
1761
181
1761
734
1484
62
671
730
0
1200
62
1016
839
762
516
1126
1025
1025
531
612
622
516
622
1553
809
775
1025
555
1761
154
1683
1685
254
1256
1761
333
1761
1553
525
555
1761
1285
998
1129
1291
1553
730
585
1761
1597
780
866
839
983
587
839
762
573
1454
585
181
690
1705
1749
816
1078
1256
254
1016
1761
573
333
237
671
914
1761
1685
587
816
809
1078
1200
736
946
1705
1761
1347
1686
0
1228
288
1356
585
729
439
1597
585
516
0
914
1291
217
1009
217
217
1025
0
428
62
585
1761
1016
622
809
1352
1761
845
690
866
946
983
237
428
1352
217
1285
1078
1352
577
671
1597
1761
816
1256
181
946
1126
1256
1347
1761
671
1025
1749
254
288
1352
1597
1228
1685
1553
1182
1352
730
1253
1761
730
1749
983
428
439
555
649
0
1683
1008
750
1251
439
1228
531
1306
1761
0
1347
729
833
845
35
1256
1104
998
1685
762
1104
1347
1126
1761
925
1228
1246
809
762
1761
1285
1306
1253
1016
1306
1200
516
1306
612
925
1129
35
734
1389
1389
1008
35
736
1386
288
1705
750
1078
1685
181
1034
1683
998
838
736
1761
1200
1389
845
914
381
946
998
1129
439
736
181
734
649
1016
736
1228
671
1119
585
1386
1597
1078
585
730
1686
809
217
1761
525
1285
734
1389
1761
816
585
729
775
531
649
762
1009
1251
1016
1200
1251
525
1761
1119
1761
181
531
1016
525
1386
1256
1253
762
730
1761
1182
839
1685
730
1285
998
69
1633
1251
780
998
1761
729
1356
1356
1104
577
838
1179
1126
1182
1126
181
1306
288
736
1749
516
750
1256
838
925
154
914
288
439
1034
671
237
1104
1256
1761
1008
1597
1761
1761
775
612
1129
1347
531
1347
1129
577
1685
775
217
1126
62
1200
1705
914
983
0
1761
62
1200
854
854
854
1009
1553
1686
1129
1685
0
1246
1034
1297
531
1025
809
1246
555
439
333
1306
998
585
1291
154
585
1253
381
1256
946
1761
1253
1236
587
730
254
181
780
1761
1104
0
1236
0
730
649
839
925
1182
62
1126
775
288
736
816
62
750
1633
1761
1761
1386
1297
1683
0
750
181
1104
531
1256
525
1356
1297
525
1200
1761
1553
62
946
1256
1119
1761
780
1228
762
1761
1256
1251
516
1008
845
1749
181
1761
1761
925
1119
1256
587
1126
734
525
1761
516
1686
809
730
762
181
1761
780
573
1761
775
839
839
525
1256
1484
1285
1297
381
983
577
671
1008
1553
1761
780
1104
1761
1761
845
254
288
730
839
925
62
428
1386
1236
1761
1686
1761
17
1484
1761
914
1389
839
1008
1129
1553
17
1034
1119
1454
734
780
1633
1347
531
585
1389
1761
1251
1246
580
1246
1633
254
1297
946
587
1034
1297
1129
381
1356
1749
1350
531
866
580
1182
914
1389
1352
369
1016
925
1251
1009
1285
1228
690
734
1129
946
369
1484
925
736
1182
845
750
181
1389
838
1253
1016
983
914
1182
914
585
1291
1761
1347
809
1200
736
946
1347
734
1236
946
612
1182
35
428
854
1291
1553
587
1236
1034
1016
1306
1761
1761
1236
998
1454
0
587
1683
381
580
1025
1686
734
775
866
946
217
622
1291
181
62
780
1236
1347
1686
288
1251
762
288
1484
288
925
1356
1119
1484
1761
181
1129
809
1685
1761
762
516
381
1597
1182
1306
1761
1683
381
1633
1119
1761
780
809
62
833
762
1236
671
1705
1350
288
62
1009
1761
750
555
750
1034
1761
1749
1350
866
1761
1008
839
1104
649
1306
1008
750
1683
1686
809
1484
1200
0
1705
1347
288
587
1683
1119
35
1350
577
612
1306
1761
816
838
854
1297
181
587
750
866
1454
1749
62
0
1129
734
1761
730
866
1253
580
1553
577
1686
181
1297
577
0
0
1246
690
750
1104
154
1104
1597
612
866
730
1350
587
154
585
1025
1200
428
531
1761
35
1761
750
854
775
1306
1389
154
762
1761
736
1228
1104
254
428
750
1200
1761
839
439
1182
580
585
1126
1285
1009
998
809
1119
1749
1597
1686
1761
1761
809
1253
587
983
833
428
914
1008
1182
649
1034
1454
35
1749
35
0
1553
762
288
1761
671
1025
983
525
854
585
1179
1078
854
1297
1253
1386
1306
1182
762
369
839
0
1104
1761
1228
217
516
181
381
1256
254
428
833
1761
181
1761
1129
1761
1389
1350
622
1179
1306
585
925
854
1761
1025
587
1685
587
288
998
439
531
845
1306
181
154
622
1253
1016
587
1454
516
237
809
750
1119
998
866
1761
1761
1200
622
428
1389
288
0
1253
612
780
35
1761
1761
622
154
1347
1386
946
580
254
1389
217
1297
750
1347
816
1633
0
1761
1253
577
1761
381
1347
854
1256
1008
612
531
1251
237
946
1761
525
1386
587
998
1285
254
1104
833
1350
1200
1016
1683
1761
1347
0
587
1016
1484
1008
1228
1034
1761
998
237
1389
288
1129
1347
1306
1686
854
1179
1306
555
1034
690
1761
1761
839
288
1291
1749
1297
780
1078
217
1761
1389
1389
1034
914
780
1633
1761
1761
1761
1761
1683
181
1009
1016
525
1761
762
838
531
0
1761
845
1761
0
1761
1025
1633
35
925
1009
1291
369
622
946
1761
1553
35
555
1016
254
1761
750
1389
866
839
1705
217
1386
1256
17
729
1285
580
1484
587
585
1761
671
1749
1182
914
0
288
1685
816
254
1761
0
809
381
516
729
854
428
577
1454
1761
17
946
1182
525
671
1352
1016
736
1761
531
833
1129
1246
1285
1251
839
1761
17
983
612
1256
1306
1126
734
1386
816
580
1749
1484
946
1350
62
585
983
1347
1761
1034
1251
333
1078
1685
1683
217
62
1761
1228
750
1356
816
1126
839
809
525
1251
0
369
1761
1297
649
1228
1761
0
1126
1553
1761
1253
816
1761
1078
439
1228
690
1761
750
833
1350
1008
288
573
573
1633
854
866
1761
1256
1291
736
1761
369
1761
1683
1179
1350
1705
1016
1484
1685
1454
1761
914
1008
154
816
577
833
1297
1705
181
1686
1683
1179
1761
1228
750
1761
1025
1761
1352
816
1251
154
622
983
622
585
525
1119
914
612
1761
1008
1761
1761
333
983
1597
1016
181
1119
649
17
1761
525
1761
428
866
622
775
1256
1350
839
1179
1182
1352
1356
154
833
750
1761
1761
1705
531
1009
1356
428
809
649
1291
1749
914
866
838
1008
1761
839
1251
1761
1350
833
1285
531
1251
333
17
1291
1761
1253
1761
1389
1705
1236
35
1454
1597
585
1749
833
573
585
585
1761
1350
381
237
254
369
1352
1686
1306
1356
333
1686
1182
369
1761
866
1633
729
288
577
1484
816
1389
838
1685
381
1126
1685
1009
1008
1078
439
1484
369
1297
1347
983
730
333
381
1761
1761
35
1291
1761
1009
1200
1761
838
1761
838
1761
35
1246
1761
914
1761
1685
925
1009
585
649
983
690
1761
1078
1253
736
1179
525
254
1761
1633
612
1016
1686
1761
750
439
17
1008
1256
1683
1129
845
845
1454
217
1484
854
1761
1009
1129
237
1182
729
736
17
1633
1297
1686
516
1228
649
516
750
1761
1761
1356
838
577
17
1285
1761
1761
1484
1251
381
1386
1761
217
154
1246
35
1484
1034
1633
585
525
1350
1347
833
1761
1008
516
833
1705
237
0
288
649
428
1352
1200
1034
288
1761
35
925
854
1347
1200
998
734
1200
1761
333
1350
845
1228
1454
1761
1009
1484
1389
1009
580
381
750
1025
1104
35
369
587
1285
1246
649
734
1454
730
925
181
750
62
439
1386
1016
750
1078
573
1633
1761
1236
1484
925
1119
866
1347
1686
439
1761
1597
1761
555
1297
1761
1078
1352
237
1253
1251
612
439
1597
809
1761
914
62
1761
1104
381
1256
775
439
1350
649
750
1761
1016
1484
1016
154
1034
1129
671
1761
1291
1761
288
428
1633
217
839
1761
1705
1633
1553
531
587
1761
833
1761
1749
816
750
254
914
1553
1228
780
1119
734
730
1008
1291
17
585
1761
333
946
1389
1246
1104
1705
181
1126
1685
1078
585
1761
1008
1291
577
775
1705
1761
946
181
729
439
288
838
925
690
809
1683
62
1597
428
775
1553
587
1352
866
1119
1761
729
1686
288
1200
1291
1228
154
154
729
1297
1182
0
0
154
1246
1749
525
775
428
516
17
1347
585
736
1686
809
288
998
1246
1350
736
983
1306
1016
1705
1484
1008
1285
1291
1761
1228
1297
816
775
845
1761
1597
1705
914
736
587
1633
983
1350
730
181
1686
254
1761
580
622
1389
1761
1686
237
750
525
254
1761
845
62
237
1297
1484
1182
914
1761
381
1683
1761
1761
690
254
1008
612
1182
845
288
838
1285
35
1761
1179
649
1078
1761
1686
1016
649
1306
381
734
0
254
1484
516
1200
0
649
845
1256
622
1129
866
1285
17
1633
369
1104
1761
1685
288
1633
983
845
866
833
154
1761
845
1683
1686
1761
1683
17
998
580
1008
381
845
1009
866
585
1104
0
1761
1761
35
1553
1386
1200
1454
1633
369
254
1236
254
1705
854
1236
839
1761
217
1253
1246
181
35
612
1633
428
254
1306
1597
1761
998
1246
1761
1633
925
333
1182
762
1009
780
1228
577
649
154
1297
775
1761
1285
1297
854
780
1306
1228
983
780
573
1356
17
1350
1761
1761
0
288
1761
1306
671
1251
1761
730
516
381
833
237
0
1386
439
671
925
1352
1761
1297
1356
1228
1291
690
1104
734
17
1761
1761
516
729
925
439
1352
671
780
1034
1597
775
1761
439
1761
1253
1597
734
1253
369
1008
1553
288
1761
729
577
381
1228
734
381
369
1761
1761
288
1761
1683
1251
780
35
237
1553
1126
1078
1685
983
1129
555
1078
734
838
580
1129
555
946
925
1705
762
1129
839
154
254
762
925
1306
1454
1253
730
1389
555
1484
649
531
0
154
845
1297
333
839
1685
1251
1008
838
1705
369
1597
237
1705
1633
288
1104
1683
1200
1686
1761
1761
914
181
0
762
612
1761
838
845
730
1553
1236
914
525
585
1246
0
1761
1553
1025
983
1685
1129
854
525
839
531
1386
1705
573
1685
525
531
1256
525
1389
736
585
946
580
1246
1761
1761
622
1126
816
428
580
622
288
809
729
1761
573
734
671
1104
181
428
1228
217
762
1200
1025
17
690
671
333
1683
428
1179
531
1761
622
1025
525
237
1291
0
1633
734
736
1228
1705
573
649
254
730
775
1129
1386
1761
780
1761
1078
1025
1389
1761
1025
649
428
1454
573
531
734
525
1251
1761
1761
439
1761
0
845
1685
1200
1253
1251
217
217
998
288
671
1285
525
983
649
1352
946
516
750
838
1126
1761
237
369
1253
1228
1761
0
577
288
730
845
573
809
1251
1306
1251
1034
1228
1553
612
866
833
381
1705
217
750
1761
833
516
1256
1761
1761
1352
516
809
154
1256
612
1297
1633
1761
181
730
734
1251
288
1761
914
1761
1350
762
17
1761
1119
1705
35
1761
736
333
516
750
649
845
1761
1306
62
17
729
1686
1761
1761
1347
1454
1389
1686
1761
1253
1182
671
734
649
998
730
839
1179
288
1236
1285
866
809
1761
1553
925
1025
649
690
1761
1350
369
1350
333
730
1761
690
1705
690
333
1200
809
1761
730
983
649
622
1236
1291
1253
1389
946
1104
1683
1034
1685
1008
531
838
439
1686
1761
730
671
1251
1761
288
612
1761
237
1009
531
1034
809
1683
1025
914
1389
585
1347
580
1129
516
1761
925
1126
1761
555
1182
1347
1389
516
1389
35
381
1182
0
1285
555
254
369
1119
1454
1016
1454
866
154
1484
671
573
237
1078
1182
1683
998
1761
1129
775
729
288
866
1454
816
1761
1129
1749
1129
1256
736
925
762
1761
516
333
0
1761
690
838
1761
1016
1761
1306
1597
516
577
1761
946
1454
237
1285
428
1009
839
217
288
1761
612
1553
1228
369
35
983
983
1228
1352
1236
1285
1008
775
1484
729
1025
734
1352
946
0
1350
649
816
1126
1761
729
1761
845
1253
62
1104
573
1297
1386
729
690
1761
217
1297
780
1306
525
1253
1347
1179
531
1686
1200
983
1484
1253
671
734
237
690
1705
983
1683
1008
288
690
1008
736
1749
983
1306
516
62
0
1761
946
1683
1761
1016
845
1034
555
780
1454
750
288
555
750
577
1034
1126
780
1179
1484
762
0
525
838
833
1761
1236
1182
845
573
1761
1597
555
1761
1761
983
254
866
612
750
1034
762
838
816
690
217
612
62
649
1182
254
1009
1683
1633
736
1025
580
369
1009
736
288
1034
1386
1633
1761
750
237
1761
729
1352
1761
925
580
1236
555
780
1683
531
946
1597
1553
1179
0
1685
1683
573
1484
1389
612
516
1553
181
998
1454
1749
1306
288
1761
622
1761
1246
1633
333
839
1705
1306
1291
288
1251
1356
254
587
1484
577
1761
1016
1761
1761
1597
1352
780
1347
580
946
531
439
1246
217
1009
925
845
845
1253
1683
1705
516
154
690
428
1126
1251
1705
1228
1484
1386
1228
1016
1761
1761
750
1761
866
736
1686
587
1016
1182
555
181
1761
998
555
1016
775
333
1251
217
1761
775
1025
866
1761
585
35
854
750
925
816
35
1530
780
1761
762
833
1454
0
1761
1748
976
1351
816
946
1748
0
750
1485
1705
1256
998
1376
1761
1553
775
833
1236
1761
1350
1182
1008
809
1685
1376
1644
525
585
1718
736
1666
750
1484
1008
671
573
381
1140
1347
775
760
1484
1179
1658
1016
35
62
1462
1350
288
573
428
288
1290
1685
1305
734
1761
1761
1685
1485
1761
1644
816
0
1761
1179
1168
1761
181
839
1351
809
1761
1352
734
1530
0
809
845
1761
288
1644
1386
1352
1008
1009
1376
1761
1610
750
1352
1182
587
585
1761
671
750
1179
1666
62
914
1685
531
914
1009
62
62
1749
1761
976
1104
1236
0
1290
1386
1290
439
816
1666
1485
1376
914
1761
1761
736
1761
573
1530
914
1761
1119
1352
1761
1761
866
839
1761
1666
1761
976
573
946
809
1182
1761
428
1252
428
1008
62
428
587
1761
35
0
62
1034
730
1351
1306
1305
0
1761
1395
976
1597
1256
0
649
1761
1395
649
1351
1610
369
1119
833
809
780
1009
428
809
1683
587
1597
736
1761
428
1553
1256
439
839
866
1761
1749
1236
1252
1386
730
1718
0
1252
1553
1454
1454
1168
1462
780
1285
780
1008
1305
1008
1256
1761
1016
254
998
1484
1666
816
1658
1462
1748
1761
1034
736
1252
1761
288
1761
1376
1376
845
1256
1306
1761
1236
925
585
944
998
944
1761
381
1034
1256
1683
369
1305
1351
1168
1761
1761
381
1761
1761
1485
1290
1761
1356
1761
35
1597
1034
1034
816
730
0
1104
1749
1395
0
1485
1352
1666
1008
1290
1252
1685
914
998
1351
1389
1484
816
0
1252
1685
734
1718
1462
254
288
1182
944
1761
1761
1666
976
35
1356
736
1010
1484
914
531
1761
736
1761
762
1761
1454
1182
1236
1761
381
976
1683
1658
1119
1761
839
1352
35
1104
1008
1009
1761
1389
381
1749
1761
1644
998
946
1395
1008
1351
730
381
1705
998
439
1034
1761
1761
1395
998
1761
1252
1485
760
816
1351
1454
1252
775
62
1685
1389
1179
1705
439
1376
1285
1761
439
1104
1761
734
734
1182
1484
762
587
1305
1666
1685
1761
1104
1389
1376
730
1010
1305
1484
736
1389
671
750
866
1389
944
649
1597
1395
1350
1597
1305
1761
1182
1597
671
1749
1376
1256
1666
1658
1016
854
1350
1685
1761
1530
369
946
946
1376
1034
181
1485
1306
1462
833
775
439
1016
944
1395
1119
1683
816
854
525
839
1761
1168
1462
381
1644
587
1016
580
1376
1761
1761
1034
998
1104
1168
428
925
1395
1761
1761
288
585
531
1462
1761
0
762
62
1009
1305
254
1395
1350
1008
1403
816
1484
1140
1705
833
254
1376
1350
866
1140
1009
1462
1034
1761
35
1010
1553
1761
976
369
1553
1306
1236
775
816
1761
750
1034
1403
1008
736
1761
428
1168
1119
369
585
914
1530
1597
1610
671
1252
1008
1140
585
1008
587
1104
1252
1395
649
1666
0
439
1290
671
1403
1553
1350
1386
1761
1016
1389
1236
1285
1666
1306
0
1305
914
750
866
1761
1395
525
1016
439
1182
1761
649
439
762
750
439
1454
1104
1347
525
839
1705
998
1010
1386
736
288
1016
1119
0
839
1761
1256
998
1644
1666
1168
525
1168
1761
288
762
1168
1597
1168
1644
1119
1182
1530
1016
531
573
1009
762
736
1597
730
580
1140
833
381
1644
1016
730
1182
1389
587
1485
1749
1644
1705
62
1685
1761
1016
736
1683
0
914
1376
1462
1454
760
1285
730
35
750
649
998
0
780
1285
1530
1761
1683
1761
760
35
1352
671
1347
833
1484
998
1530
750
1597
1010
531
531
381
1010
1236
1761
1761
1034
1761
1305
531
1256
1306
381
381
1705
750
1395
1351
1104
944
734
1010
1356
1761
1484
1761
998
1761
573
925
181
1008
1104
0
1761
1386
1749
1256
736
35
1749
1140
1705
1761
0
1761
1644
587
762
845
1761
1305
1644
1454
1016
1305
845
288
1761
1252
1008
925
0
1168
0
1389
181
1285
1718
1749
1351
580
839
1386
1761
649
866
1761
62
1761
833
730
1666
1403
1009
381
1306
1761
585
1485
1761
35
1761
369
944
254
428
1761
1285
369
1376
1761
1761
914
1761
1761
1761
1718
585
525
1179
1761
288
730
1376
1761
1386
1454
1761
580
428
1182
1553
1252
809
1761
845
1395
1356
833
0
976
760
1389
1485
1350
1179
671
1395
1718
1761
1009
587
1389
1749
1761
1666
1761
1386
1256
1761
780
1256
1290
1761
35
1395
750
671
1485
381
734
734
1252
775
1104
1009
914
288
1718
1610
439
181
1389
1009
0
1252
750
671
1761
671
736
1718
914
428
1761
1748
1236
1454
1352
525
1179
288
839
998
1761
998
1347
1485
1454
1236
1256
288
1016
816
839
1376
775
573
573
762
369
1644
1666
1236
0
1356
1748
1389
1119
1761
1610
1761
976
734
288
998
780
1761
1761
1761
1182
649
1352
1104
585
1008
369
1761
1236
1761
1016
1705
1350
1290
845
1761
1403
1610
1761
1376
381
1761
288
1761
1749
1016
1761
1290
1761
1761
288
1347
809
649
1718
1749
914
736
736
1104
254
998
1290
998
1351
1462
1761
1610
1761
1761
998
866
1016
1386
1454
1705
833
1462
1454
1395
809
1034
1290
1104
1350
428
580
816
181
1761
775
1454
1252
1351
439
1016
1761
998
1644
35
1658
439
976
1644
1462
1389
1666
1252
1761
381
288
1179
1306
1761
816
1306
1761
1705
1761
1285
1386
1761
1376
369
585
1644
1347
1761
1685
1683
1347
181
1285
1009
1761
1350
181
369
1256
1290
1305
734
1252
649
62
1008
1351
1761
288
762
1252
1761
833
62
1748
1305
1761
1761
1761
1761
671
1008
1761
1761
1761
1252
369
1705
62
1761
1347
736
1395
531
439
428
775
998
1034
649
1009
1009
1256
1705
1761
1666
1610
1140
580
1530
775
1010
1168
1395
580
946
587
525
1761
0
1761
1182
1761
1403
428
1347
1761
1749
1644
0
0
1748
1179
1530
381
1761
587
1485
1016
1008
1485
1352
1403
1305
649
944
736
254
762
573
944
914
1749
1683
809
649
750
35
1761
762
775
1285
1182
181
1168
1395
1485
775
1119
1553
1306
1484
839
580
750
1347
1104
1666
1395
1761
1034
1485
381
1705
1104
1252
1761
1140
1761
1761
1285
976
181
1761
845
1749
1351
839
914
1034
1256
1761
1761
1761
925
1761
369
1168
833
1644
62
1008
1666
1597
1168
736
1140
775
0
1256
1761
1010
1179
1530
1484
1761
1462
1252
736
944
1761
585
585
585
1119
944
1386
671
1761
1761
1666
762
944
671
1034
1761
254
1356
944
649
381
1644
1252
925
1761
809
381
1761
1290
428
1290
428
587
1010
1761
369
1306
760
1168
1485
944
1597
1034
1454
925
587
1761
1705
1352
1010
1352
1351
1119
428
1666
1104
760
573
671
914
833
1761
1454
1386
1761
288
369
1484
750
1761
1179
925
1285
1761
1761
1761
833
839
1644
1761
254
976
1016
750
1761
854
1306
62
976
1454
1597
1356
1658
1761
1168
1761
1485
573
1761
1748
1008
762
288
1386
1140
1683
1658
62
1530
1685
0
1347
998
1761
573
809
1356
587
775
1462
1386
816
1553
833
1683
1749
1351
1182
62
736
1008
946
1683
1761
809
1761
1666
1119
288
1685
288
1705
1168
585
1016
1168
839
1395
254
1016
1484
809
288
671
1761
1403
1236
181
585
1761
1658
428
254
1530
1016
750
1305
1761
181
1610
1462
914
1748
1386
734
1119
845
1761
1008
1290
1256
1290
1182
35
1168
1644
0
1119
254
1761
181
428
1761
775
1034
1484
1749
1761
1306
1484
1454
587
1352
1761
845
35
1389
809
254
1179
1761
1104
1761
1761
760
531
946
1389
1761
1761
946
944
1761
1009
1761
925
1761
1305
1140
1683
0
1454
525
0
914
1683
1008
1034
1285
1748
914
1395
1034
1749
1705
845
649
254
1119
914
944
760
1454
809
845
1718
833
998
254
1179
1610
1761
1718
0
730
1666
845
1104
998
671
0
1285
854
925
925
1705
1761
1462
1179
1683
1761
976
1104
1236
1179
1351
1761
944
760
833
1389
1350
925
1761
428
649
288
1356
1761
1666
1761
439
1182
428
1644
1403
1761
1484
1168
1034
1761
0
854
1305
1395
288
1256
288
809
1395
1761
1290
587
1290
288
976
1761
1644
580
1761
1485
531
1179
587
1306
1761
1761
1761
1454
1666
0
428
809
381
762
1748
580
1179
1454
1666
1761
1285
833
1761
760
0
531
816
288
998
1347
1644
809
762
573
775
1683
1761
0
944
525
914
428
288
1454
866
585
1140
1285
1761
775
531
1761
1290
649
1761
1683
1761
1386
1236
1104
439
531
1462
1705
671
428
181
736
1748
775
1395
854
254
1285
1705
580
762
1761
1761
439
1683
1610
1168
1347
1761
1761
762
573
816
1236
181
1749
0
809
1761
254
1761
1705
839
854
288
734
671
288
1305
1119
1104
1119
573
1376
946
1685
998
1352
1761
1252
1761
775
1683
925
288
1285
1236
369
1104
1016
1140
914
369
845
1761
288
976
1597
1718
580
1761
1285
833
1306
833
866
1168
1168
1610
734
1347
1683
1306
1119
1705
0
1008
1010
1034
62
1761
1285
580
1761
439
381
1761
1403
1761
585
1658
845
1389
1761
381
1168
845
1179
1485
1034
1386
780
0
381
1376
1008
1610
775
866
585
381
1236
587
1749
1454
1761
730
1761
1386
1285
1553
1016
809
1761
1761
181
946
1761
854
1256
809
1644
1761
1761
35
734
531
580
381
1356
1182
976
1761
1761
1350
1484
1179
1256
62
288
1761
369
1034
35
439
1351
1761
1305
1610
854
1010
1454
35
1553
1761
1685
1168
1454
1350
288
439
1658
1454
925
750
1749
428
531
1658
1761
0
439
585
1761
288
816
854
1718
780
1597
369
525
1761
1168
839
775
845
1761
809
1285
839
254
35
1761
1718
775
1179
35
1285
736
1685
1761
1530
1454
1347
1761
1761
0
1761
809
854
649
288
1403
439
854
1683
181
181
1761
1761
1610
1306
288
1352
914
1168
1356
1685
1351
1761
1761
1748
1454
780
181
839
1256
1761
1484
1140
1761
1290
1485
1761
1553
288
1010
381
750
1761
1718
573
369
1305
809
1306
1761
1685
0
1748
1683
1749
1395
1351
0
734
946
762
525
750
1350
1256
1610
1484
1376
854
1376
925
1350
1252
181
946
181
649
585
914
1530
1666
671
944
1761
1683
1761
1119
1644
866
381
1705
1761
925
914
866
1761
1761
1356
1179
1749
1610
1761
1168
671
1389
762
649
671
1685
1352
866
671
854
573
1016
736
1306
288
1484
1305
1761
866
1179
1034
288
1484
1761
181
580
1389
1485
1530
0
809
760
288
1761
1016
1347
181
62
1119
1104
1718
369
1610
1389
531
1553
1761
1376
1683
946
854
288
1386
762
809
585
1376
1761
381
1347
1761
580
914
439
587
1761
946
1761
288
1356
1376
1008
439
730
1034
1683
587
288
944
428
734
254
866
750
1761
1610
1484
428
1034
1685
854
816
181
1395
573
1256
531
1761
914
1761
1168
734
1748
428
780
1395
1009
760
1761
998
1485
1236
780
816
1350
587
288
428
1761
780
734
1761
0
1644
736
1352
381
1140
1256
1306
1454
944
1761
1530
839
1034
580
998
1104
1597
1010
1705
1761
1485
736
288
181
0
1749
525
1484
1761
1376
1761
1761
976
866
1705
1305
845
1685
1761
1685
845
1140
1705
1485
1305
1761
1350
734
1376
35
649
998
1761
816
1683
736
1748
1705
1252
1761
1376
1306
1252
1395
1485
1386
925
381
428
1306
649
1530
1761
1761
1610
585
833
1683
1610
762
1749
1140
1454
780
1386
866
288
1168
671
1718
762
775
839
1285
1454
839
925
1168
0
1010
1352
1351
1761
1403
1236
1104
976
1236
1644
1386
1761
1761
428
762
1761
1685
1104
1761
1350
1761
254
809
1140
1761
1352
1749
1761
580
671
1010
1305
1761
780
730
1761
1236
1290
573
1034
1454
1252
1182
1403
649
1484
439
1761
1350
1484
998
1485
839
1351
1454
1454
1644
1351
914
833
1761
1761
1008
1530
1104
1761
809
1644
1761
854
1761
1104
816
1351
0
1256
288
1718
775
1748
845
1761
1685
1597
1376
839
1034
1104
1666
587
760
1749
946
845
1761
1376
1761
1347
1352
1285
1168
1485
1761
1749
62
1008
1761
1761
1351
1761
925
0
946
1395
1761
809
62
1352
1252
0
181
1351
1352
866
1761
1685
1140
1761
1748
866
762
1761
369
381
1009
1389
1666
1761
1761
1009
925
428
1761
750
1008
649
1718
1395
1389
1761
1016
1016
1553
1236
1462
1761
1761
845
833
62
369
1034
35
0
914
531
736
1658
946
580
254
1104
845
1705
1761
1658
944
1485
0
1658
1761
1485
1485
580
1104
531
1104
1610
1644
1290
914
1530
760
914
1597
1530
760
833
62
750
288
760
439
1658
925
35
1644
1016
1285
1290
1761
1761
525
69
914
976
428
0
1236
381
1351
649
1290
1666
1658
944
1718
976
1718
1761
428
1658
1749
671
762
998
1761
254
1761
1597
736
1761
1761
580
734
585
1761
1034
944
1376
730
531
976
1306
1666
760
845
1718
1761
736
573
585
1530
1658
1352
428
1256
288
62
587
1749
854
946
946
976
381
854
587
649
1403
1666
1749
1610
1347
580
1748
944
1761
671
1761
1252
1748
762
854
730
1350
1351
762
760
587
1666
976
525
1749
1104
254
525
1761
525
1290
845
1761
1685
1761
914
1761
649
1009
1182
1285
1140
1761
1347
1658
1761
381
1462
736
1761
854
1761
1748
925
762
1761
573
775
1761
1403
1761
671
1403
1305
585
1454
1305
254
1034
1182
1666
1761
1761
62
1010
1290
736
1761
439
866
1761
1352
288
1485
573
1530
809
809
1454
35
585
1761
62
1658
1352
1761
1761
976
288
1462
1395
580
1761
762
944
1761
1761
1761
1485
1597
1034
809
525
439
35
1718
1305
925
845
428
1016
1395
1285
833
62
1395
1010
1597
1290
525
1403
1182
1761
1347
35
750
585
1761
845
1761
976
1553
816
1386
1009
1104
585
1395
1182
730
671
288
525
62
1666
1389
0
925
580
809
1761
1352
585
736
845
1252
1761
925
1685
1597
1685
1761
1347
1395
1347
1256
1761
1376
0
1356
369
1530
1008
428
1761
1761
288
1761
1034
1356
288
1306
762
1462
1140
1386
1749
1454
1168
1530
1761
736
1351
762
944
254
998
381
587
866
369
1454
1761
587
1356
839
1761
381
254
671
1034
845
580
925
914
428
1530
428
181
1761
1350
1376
780
580
587
0
1761
1236
1761
1761
1761
1395
1761
1644
1351
1761
730
0
845
1347
1761
1666
762
1182
925
1761
1462
1182
1748
780
585
1352
1009
760
1008
1376
809
0
1761
1168
1761
1748
1644
1553
1462
839
839
775
1104
1666
580
428
35
1236
775
1761
730
1644
0
946
1270
1718
2016
1403
663
2016
734
1015
2016
1119
1913
663
1034
1511
1265
381
1015
2016
2016
1749
786
1403
1511
734
1120
1940
288
2016
1641
1199
1548
1199
1913
1493
1605
775
1179
985
2016
1705
1179
0
2016
1540
991
1201
381
2016
1605
786
2003
1179
2003
1491
1705
1201
1572
991
1004
1168
985
2016
0
1395
0
1863
2016
649
786
2016
1401
1533
1913
436
840
1179
1403
762
1389
1015
842
840
2016
1572
1610
1572
1306
1602
2016
1064
1650
925
381
1548
2016
1602
762
833
1168
1004
290
1899
1511
2016
1179
1231
1199
1168
991
1437
2016
1507
1270
2016
780
1716
288
2016
1109
2016
288
1602
734
1008
2016
2016
2016
1545
317
1913
1740
1548
290
1940
1921
1120
428
1004
573
1199
1891
1705
1306
845
1401
317
1800
974
624
835
734
1305
1545
663
1493
1718
2016
991
1641
1899
1683
914
1606
1306
1008
1705
985
663
1201
624
1548
1034
1008
2016
1705
1070
1606
780
1921
1493
1511
1491
428
2003
288
985
914
1540
1401
991
1201
2016
0
1940
1270
2016
1891
2016
2016
1940
0
1109
1650
2016
835
1545
1641
1437
839
1401
1004
2016
974
1119
985
2016
1602
2003
2016
573
573
1305
1403
1265
1718
1270
1740
1231
1605
1921
1749
925
786
1395
1891
288
1650
762
1070
428
2016
649
288
1265
624
1015
2016
734
1179
1015
845
428
290
2016
2016
317
2016
926
2016
2016
1401
1119
1015
1403
1891
381
1359
914
436
1265
624
1015
1540
0
1940
1749
1008
1070
1650
2016
1899
2016
1201
0
290
1605
985
845
1253
734
1120
2016
2016
2016
835
1015
833
649
1641
839
1231
1401
1597
1395
1491
2016
1109
1610
0
974
1009
1395
1120
1891
1718
991
1511
1231
1070
1891
288
775
1401
2016
1201
428
288
1168
1650
1548
1863
1606
1572
1306
1493
835
288
1359
0
842
1709
1863
1389
1709
762
1015
1179
2016
839
840
2016
780
2016
1913
1401
1015
0
1015
1179
573
2003
1305
381
1548
2016
1940
0
317
833
1015
2016
1606
2016
1034
2016
1605
1641
0
1008
1605
1389
845
780
2016
2016
2016
1395
1913
2016
1064
288
1540
1650
1168
1201
2016
1606
509
1493
1545
428
762
1507
1572
317
1718
926
1201
1650
2016
1597
1437
1403
1548
1940
1641
1610
734
509
1716
649
1389
1008
762
624
1119
845
1606
1740
1610
974
925
1015
2003
1070
381
1401
1015
1199
1899
1533
1650
2016
1511
509
428
991
1231
1740
1899
1863
573
1199
1437
1940
1168
624
2016
1120
290
914
2016
1891
1070
288
1606
2016
1540
1403
663
1306
2016
1270
925
663
1064
2016
1548
734
1749
1605
428
663
2016
2016
780
1716
1179
1940
2016
845
1253
1395
663
0
1064
835
1253
786
2016
2016
1610
2016
509
2016
734
2016
1507
2016
762
914
1548
1270
1199
1305
1008
1899
1718
762
1008
1395
1008
288
2016
1940
1605
2003
2016
2016
2016
1306
1533
991
288
1899
1395
1109
1540
786
436
835
1705
2016
1891
1597
2016
381
1064
624
1179
1718
2016
1863
1265
985
2016
974
1800
1940
573
1270
1401
1401
2003
509
842
1718
2016
1395
1650
1545
288
288
1511
1913
926
2016
985
1437
2016
1606
786
428
2016
1507
835
1800
1891
1403
780
1389
786
381
428
1305
1034
2016
1572
1034
914
663
925
1913
985
2016
2016
1253
762
1401
2016
985
1120
2016
734
1306
2016
985
2016
290
509
1718
1899
2016
786
1605
1403
2016
2016
1403
1305
1004
1749
2016
2016
2016
1015
1306
1070
1605
2003
845
1718
2016
1545
926
2016
1800
2016
624
288
734
1004
2016
381
1899
1709
1437
1201
775
1389
1199
290
914
0
1199
926
317
1749
1641
2016
2016
1231
991
317
2016
288
1437
1705
288
1605
845
775
2016
624
1800
1863
925
1491
1511
1120
985
1403
2016
845
1605
1602
2016
1709
1199
624
0
1716
1265
780
509
926
1009
1511
381
1545
2016
1718
1199
2016
775
833
1491
663
833
1034
1749
1168
1572
288
842
1572
1119
1168
1548
1359
1606
2016
925
1401
1863
1891
1270
1705
1004
381
925
1008
2016
1119
1070
1004
1305
1265
1913
1395
2016
1740
1940
1718
1064
762
1201
1507
2016
2016
1913
1231
1034
914
1913
1641
1395
649
1597
1493
1064
2016
1401
926
1491
991
290
1389
1610
845
1863
1403
573
2016
2016
2016
2016
1168
2003
428
1940
2016
0
985
762
288
1015
1863
845
1403
762
1940
1231
2003
2016
1540
1109
1602
288
288
2016
1265
1800
2016
833
288
840
1403
1231
0
1306
1395
0
926
2016
1899
1120
1359
288
428
2016
1718
1533
1511
2016
840
509
1359
1705
573
734
1199
786
1718
1891
2003
1705
1921
1004
925
1009
2016
2016
1270
1305
1359
1863
1605
842
1119
1540
509
2016
1403
2016
985
1199
663
1437
775
1705
842
1545
1610
1602
985
2016
436
1004
1004
1709
1863
775
2016
1597
1718
1641
2016
1718
1610
1610
925
317
926
649
1606
2016
1913
762
2016
1683
762
775
573
1119
1533
1545
1253
1597
2016
1034
1491
288
1201
833
839
775
839
833
1597
1231
840
2016
1493
1749
428
381
1305
2016
734
1199
290
1511
1718
1705
1683
840
845
1359
2016
1491
1401
1545
762
2016
1740
1507
1533
1602
1683
2016
2016
1940
1749
49
835
1610
1718
1253
914
833
1120
1597
1034
2016
2016
649
2016
2016
317
840
1265
1401
775
1305
734
663
926
1270
2016
974
2016
1572
1716
1548
573
786
1491
1540
1119
1913
288
1120
2016
2016
436
288
1899
0
762
1008
2016
2016
1199
2016
290
1070
1602
288
1718
762
2016
1004
775
1168
2016
1548
288
2016
1493
1800
1306
1015
1641
2016
926
509
845
1740
1265
2016
1511
1231
2016
573
2016
317
1395
317
1709
288
1800
1389
842
1940
1716
1709
1572
1800
1265
775
1119
1597
775
381
925
2016
663
1403
1401
1491
1511
2016
1540
1015
1921
1605
2016
1548
775
1650
734
1437
1650
624
1545
734
1015
1863
845
1009
1533
734
1395
290
2016
2003
317
2016
833
1493
288
1008
833
1718
1800
842
1109
1891
1545
1540
381
1109
1395
1921
839
1070
2016
1119
1064
1602
1740
734
1120
1265
1545
1716
317
1863
991
1605
775
833
1740
1709
1940
1491
2016
2016
1921
1359
663
1602
2016
1545
1533
1740
1306
2016
1863
2016
1913
1605
1231
926
1265
2016
2016
2016
1168
290
1034
1511
914
926
1265
1610
925
1265
1270
649
985
2016
1533
1015
2016
925
1740
1921
1921
1265
1493
1540
1650
288
1491
1389
842
2016
1120
1306
1899
839
1009
1064
1540
1572
1650
840
1199
1718
436
985
1437
288
1270
0
1493
839
1913
762
1891
1253
1491
1606
1199
1015
734
288
2016
1403
1
775
985
381
2016
734
1034
1545
1179
914
1749
2016
290
1401
985
1602
762
288
649
1641
985
1395
2016
1395
1253
1008
1401
1740
1718
2016
786
2016
835
2016
1507
991
833
1009
1533
1740
1389
1270
1606
1572
1716
1602
428
1389
1359
1533
663
1863
1511
290
914
649
985
842
974
734
1305
2016
1540
290
1605
1008
1800
1270
1740
663
1109
926
288
1540
1548
288
1015
1305
2016
381
1199
1507
1070
1253
1437
2016
839
926
2016
1119
985
835
1718
0
1899
663
2003
780
734
762
2016
1891
1705
573
1034
1004
762
2016
2016
428
1009
509
1716
840
1306
1109
288
2016
1168
1201
1401
573
1899
1610
1395
1109
1306
2016
1120
1389
1201
1306
1395
926
1572
624
0
1533
649
1015
2016
1718
1231
1602
734
2016
2016
914
1179
1718
1070
1863
1168
1545
762
833
991
1168
649
1395
1493
381
1179
436
1533
1395
1863
1119
1305
926
833
1863
1540
2016
1253
1359
288
436
1705
1533
1545
1572
509
2016
840
1545
835
845
1597
649
780
1015
1749
381
991
1072
1078
962
2103
1571
1072
1092
2093
2090
404
1589
2093
1318
1122
1646
2103
1862
1403
1446
1318
1207
2103
1698
1627
2093
2027
1195
2027
1905
1358
1446
2103
839
1578
2103
1196
1905
2103
1627
1102
2103
983
1578
2103
1223
2103
2000
1288
873
711
2000
962
1571
2103
1092
1698
1067
1827
2090
1067
983
1196
2103
962
2094
404
1588
1403
2103
1235
1196
2103
2103
2103
2027
711
1318
1144
914
596
2103
1112
2103
1632
2103
2103
1482
2103
1576
1288
2103
2103
1482
1352
867
1524
1207
404
2103
2103
2103
922
1067
2103
1827
1092
2103
2103
1223
1589
922
2103
1796
1692
2103
2027
1168
1524
1692
1524
1102
1112
1862
927
1693
1318
1905
1195
2103
2103
1598
523
1152
1987
1698
983
1352
873
2103
1804
2078
1693
2008
2103
2103
1632
2103
2103
0
1698
1160
1863
2093
1632
867
1872
1576
2103
1692
1288
1862
2093
1716
2093
1067
2103
2103
1208
1428
1718
1235
1072
2103
781
1352
1594
1358
962
1863
2078
1072
1728
1286
2094
2103
1572
2103
1692
1862
839
2027
2103
1827
1168
1352
1195
929
1646
1693
1737
1576
2103
1403
1013
2103
1524
2103
1796
377
1872
983
1594
1168
1482
1152
1987
2103
1358
873
1195
1895
1895
1196
1196
2103
2093
1698
1122
2103
2103
1013
1286
1403
1895
922
2103
1318
1196
1235
781
1718
1737
1428
983
1078
1698
1986
1737
927
1223
1588
1072
929
2094
1102
2094
2103
914
1594
1195
2103
1428
1286
2103
781
596
1804
1223
2078
1446
1078
1196
1689
1862
2078
1235
1078
1692
2093
2103
2094
1632
1576
929
377
404
1112
1446
1144
1196
914
288
1122
1804
1340
1627
377
873
1578
1594
1207
1318
596
1482
2103
839
1446
1428
1728
2103
2103
2093
1598
1288
914
2103
1102
1987
1144
1692
1158
1728
2103
1905
1576
404
1571
2090
1358
1067
2103
1482
1158
873
1862
2094
929
929
1122
404
1718
1358
1158
1482
1589
2103
1718
0
2093
1646
596
1286
983
1196
1078
914
2027
2094
1632
2094
1446
1158
1318
1936
1208
1698
1588
1589
0
1571
781
1196
1578
1588
1627
1428
1986
1737
1571
1352
1571
1936
1698
1288
1168
1895
1627
377
2093
1446
2000
1987
0
2103
1796
1698
1716
2090
2093
1340
2103
1122
1318
1728
2078
2103
2103
2103
1158
1594
0
914
1092
873
1144
1627
1168
1895
781
1144
2103
929
1151
1078
1987
2103
927
1646
1340
2094
927
0
1318
1208
962
2103
1827
873
1804
1588
2103
1235
1936
2093
1987
781
1872
1872
922
2000
962
1698
2027
1588
1936
1288
1013
1576
1827
914
873
596
1160
1632
1646
2103
2103
2103
1987
1112
1196
1102
1195
1524
1594
2090
288
2103
1987
377
1646
1572
2103
2094
596
2103
1144
1102
0
1589
2103
1804
2103
2103
1144
2103
2094
1863
2093
2000
1598
2103
2078
1122
962
1689
2000
1572
1895
1208
781
1576
1013
929
983
2103
1578
2103
1196
2027
1627
288
1716
1078
2103
377
1013
1737
1318
1112
0
1987
1446
596
2008
2103
1737
2103
711
2103
1598
1737
1446
2103
1905
1102
1223
1403
1196
1151
2103
927
288
1358
1207
1102
1288
2008
839
1796
2103
1698
1796
1895
1986
1987
1598
2093
2000
1589
962
1862
0
1482
1598
1286
781
2103
1013
1718
1571
1737
1936
781
922
1403
1572
1067
523
1428
1718
2103
781
962
2103
404
1576
962
1905
929
1318
1428
1804
2103
914
2093
288
2103
983
1235
1936
927
1013
1072
1578
523
2103
2103
2000
1895
1862
1627
2103
1340
2103
1627
1598
1594
1863
1144
2103
962
1288
2103
1092
2000
927
2103
596
929
2103
1122
929
867
1895
2000
873
1804
2090
1804
1571
0
1067
1144
1796
1627
914
1986
1524
927
1195
1151
0
1737
1072
1151
1571
1576
2103
2103
1288
2103
523
1796
867
1352
1689
1936
781
2103
1092
1572
1078
1827
1576
1168
1872
2103
1235
1588
1072
1072
2103
839
1728
1286
1092
1728
2103
1196
1862
1594
1693
1588
1598
1737
1692
2103
1632
2078
1288
1067
1428
1151
523
2078
2103
2078
0
2103
1196
781
1576
1151
1594
2103
1863
1078
0
1716
1208
1698
1160
1895
1578
1102
983
1102
2103
1013
1594
2008
1572
1446
1986
1718
523
867
2008
2103
1144
1698
2094
2103
1144
2093
2103
929
2103
1863
1862
1718
2103
1895
1589
2103
1578
1286
1572
1428
1598
0
1340
2103
914
1689
377
1862
1235
873
1208
1196
1160
1158
1286
1872
781
1796
523
2027
1737
2103
2103
1092
1144
2103
1196
1895
1078
1072
2094
1905
962
2094
1482
1598
1067
1340
1872
1594
404
1340
1160
1160
1482
867
1158
2103
1196
2103
2090
1196
1598
1718
711
523
1352
1122
1598
1895
1987
867
1646
2093
2103
1728
914
839
1158
1862
1872
1728
1872
2103
1078
0
288
1318
1482
1986
2103
1446
1632
2103
1428
929
1632
2078
1986
1340
1112
1524
1207
867
922
867
1594
1340
1524
1863
2094
1196
1576
1092
1428
2103
1737
2000
1235
1987
1872
2094
1578
2008
1152
1796
2103
1872
1862
1013
927
867
2103
962
1196
2094
2103
1144
1571
1235
1905
2094
1223
1578
927
1067
2008
929
1195
1827
1152
2103
2103
1078
1524
1207
2103
1013
962
1196
1936
962
922
1196
711
1571
1594
1863
1152
962
1728
1288
1578
2093
1905
288
2008
1576
2103
1318
1728
2103
2103
2103
1168
1827
2090
2103
1804
2094
1092
1223
1571
1598
1646
781
1796
1482
2090
1208
1112
523
1689
781
1571
2090
1598
1235
1728
1718
1013
2103
2000
1872
1589
1195
711
1827
1072
922
2103
839
839
2103
2103
1403
2103
1986
1144
1072
2103
1598
1572
1223
1196
1905
1286
983
1013
1594
1571
1102
1689
711
1168
1144
2103
839
1598
1196
1151
1863
1627
1936
2103
1196
1737
1092
2103
2103
1589
1646
1223
1986
1827
0
1092
523
2103
1872
1067
839
1072
1987
2103
1151
1524
1594
1862
2103
2094
1122
1340
1728
2103
1207
1158
1872
1576
1572
1571
1598
377
1576
2103
2000
711
1403
983
2078
1144
2094
1152
1698
0
711
1151
2090
1986
1693
781
2103
2103
1571
962
1428
2008
1072
1571
2094
1863
927
1112
1122
1288
983
1895
2103
867
1102
1895
2008
1728
2103
1895
1986
2103
1895
1428
0
288
1632
1737
2103
1286
1078
1207
1936
1987
1692
1168
1716
1588
1646
1067
1152
523
1863
873
1698
867
1152
929
1352
1862
1152
1804
1863
1196
1067
2103
1692
2027
873
2103
1151
2103
1627
927
1151
2103
1594
2103
1646
1092
2093
1872
1207
1895
1112
1102
1986
914
1588
2103
1728
1318
523
523
1196
873
1804
1718
1689
839
839
839
1223
523
377
1716
2103
1796
2090
404
2103
1223
929
2094
2103
1827
1318
1646
1524
1646
1078
1804
1286
2103
1804
1207
1872
1689
1692
2090
2103
1578
1804
2000
1571
1576
1208
1589
1067
1627
1862
927
2090
2103
523
1698
1318
2103
1796
867
1168
0
1152
1446
1482
1318
2103
1578
1693
2103
2000
1728
2103
2000
1160
1796
2103
1827
1598
2103
1718
1144
1151
1598
1196
1144
0
1718
1692
1195
1718
377
1588
1863
2103
1013
2103
1235
1986
1689
1158
2090
1698
983
1072
1223
404
1589
839
711
596
1318
929
1872
983
1358
0
2027
1122
2103
1160
2103
781
873
1340
288
962
2090
1716
1144
1112
377
2103
2000
1223
1905
1151
1208
1195
1578
962
1718
1796
0
1698
1102
2103
2103
596
1208
1627
711
1168
1804
2103
2000
2103
2103
523
2094
2103
2090
1102
1208
1340
2090
1223
377
1578
2103
377
962
927
1067
1428
1986
1895
914
781
2103
2103
1936
1698
1594
1905
1144
1122
1804
781
1936
2103
1158
596
867
2103
1092
1151
873
2000
1067
781
2103
1072
523
1158
2103
1598
1936
1288
2103
1589
914
1112
1905
1594
1358
1598
1208
1571
1594
2103
1689
404
1403
1627
1863
1905
1571
1578
914
1804
1358
1102
377
2103
2103
1195
1576
1092
2103
1589
2103
1936
1588
2103
1072
1196
927
1428
1646
1905
1689
929
1340
2103
1576
1067
1693
2103
1578
1728
1627
2103
1693
1160
1862
2103
1571
1571
1589
1144
1905
1905
1195
922
1195
2103
2090
1796
1827
288
1986
1872
1905
2103
1160
0
1632
1895
914
1196
1196
914
2103
2103
1223
0
1689
1223
1588
2094
1151
1428
1428
2093
2090
1152
983
1862
1072
2008
1862
1588
1482
2103
1013
1168
2103
1905
2103
377
523
2078
2103
2103
839
2103
2103
2103
1576
1208
1862
867
1318
2103
1340
2008
1067
2103
1112
1196
288
1286
1428
1627
1578
2093
596
2103
1112
2103
839
2103
2103
1718
1195
1576
1698
1196
1698
1223
1895
1692
1446
1352
1796
1804
1286
927
2103
1632
1207
1737
2103
1196
1428
781
1160
2103
2078
0
1693
873
1358
1288
1572
2078
1698
2103
922
1428
1072
2103
1987
1013
1827
0
404
377
2103
1804
1895
1693
1524
1571
1151
1168
0
2103
1078
1196
1796
1689
2103
2103
1589
1718
2103
1588
873
1716
1067
2103
1588
1223
1588
2078
1352
1446
1986
1446
2103
983
1698
1144
1936
867
983
1728
1207
1122
2093
1588
1524
781
2103
1158
1572
1936
1207
2103
1286
404
2093
781
1588
288
2008
1936
1446
1693
2094
1122
2103
2103
1358
1168
1689
1698
1403
1446
2027
1987
1208
1318
1235
596
1144
2103
1067
1632
1594
2103
1158
1936
1827
839
1872
2103
1827
1208
2027
2103
1013
1102
523
2103
1728
1895
1987
2103
781
0
1632
1632
1872
2090
1862
1986
1358
1588
711
1196
1796
1693
1286
2000
1358
1571
1195
1152
1195
2094
1589
1144
377
1987
1905
1872
1827
404
1092
1737
1144
1576
2103
1693
2103
1632
1072
2094
1286
1804
1646
2103
962
1804
1578
2103
914
2094
1693
2103
2103
2103
711
1627
0
596
288
1627
1078
1692
1589
1482
1072
1895
1340
1168
1286
922
0
983
2093
2103
2090
2103
1288
1403
377
1627
2103
2103
2103
1698
1195
867
1872
1728
1078
983
1235
1072
1151
1804
1872
1718
1716
1986
1318
1158
0
1160
2103
1594
1827
2103
2103
1207
2103
1446
1168
1286
962
1863
1288
1072
2078
1428
2103
1718
1318
377
1571
962
1589
1196
1168
2103
1895
839
1428
2027
1796
1588
711
867
983
523
1698
2103
781
1078
1936
1594
1728
1122
2027
2008
1318
1013
1286
2103
2103
1895
2103
1151
1594
1872
927
2103
2103
1428
1318
1598
2103
1737
1013
1318
1692
2103
1286
1196
1627
1716
1524
1318
1340
1144
288
1403
1403
0
1737
1693
1340
1013
1122
1716
1905
2103
1152
1737
2093
1286
2008
1646
1578
2103
1905
0
1358
1827
1986
2078
1403
2090
1196
2103
2103
2103
2103
523
1987
596
962
1288
1578
1318
2103
929
1796
1196
1195
1122
523
1208
1796
1986
1196
1072
1286
1092
2103
1286
2103
2103
1576
1589
1358
1208
0
2103
1698
2103
1895
288
1168
1288
1067
1078
1598
1092
1446
867
1578
2090
873
1207
1152
1571
288
839
1067
1905
2103
922
1646
1572
1692
839
1158
873
1524
1428
2103
1151
922
288
1067
377
2027
1804
288
2103
1594
1692
2027
962
1318
1078
1195
288
1572
1689
1223
1716
1208
2103
1158
1693
1594
404
1072
288
1728
1987
2103
2103
1196
2103
2103
1598
2103
1446
1863
1160
2090
1571
1092
1092
1986
2103
1151
922
1572
1589
1689
1013
1576
1987
2094
1986
1446
1482
1895
1196
1986
1196
1632
1594
1013
2094
922
1863
288
2103
2090
1872
1728
1144
1737
2027
1482
2090
962
1235
1632
983
2103
1986
1340
1936
1446
962
1352
1160
2093
2008
2103
929
523
1112
867
1693
962
523
2103
377
1208
1862
1728
1072
1160
2103
1986
1196
1598
1698
1872
2103
1936
1144
1144
2103
1102
1936
2103
1598
404
1446
1122
1112
2103
1986
288
1862
0
2103
1576
1078
2027
2000
1692
1340
0
1352
1737
1318
1862
1286
2103
1986
1718
2103
1318
596
2103
1151
1078
1482
1092
1524
1862
1195
1122
1987
2103
1067
2093
927
1872
2103
2103
1804
2093
1223
1646
922
2103
1598
839
2103
1358
1160
0
1594
2078
596
1446
523
1288
2027
1122
873
873
873
873
873
873
873
873
873
873
873
873
873
873
873
873
873
873
873
873
873
873
873
873
873
873
873
873
873
873
873
873
873
873
