100 1000 100 0
2 1 37
3 2 18
4 3 36
5 2 24
6 1 23
7 5 5
8 4 33
9 4 19
10 7 14
11 2 41
12 4 37
13 7 30
14 10 4
15 12 23
16 13 18
17 16 47
18 2 23
19 15 32
20 18 11
21 8 17
22 7 12
23 4 41
24 1 44
25 1 7
26 22 11
27 8 8
28 18 21
29 23 11
30 8 37
31 4 16
32 13 16
33 23 34
34 25 13
35 18 32
36 30 17
37 19 50
38 25 5
39 22 20
40 26 45
41 19 40
42 9 49
43 23 27
44 21 1
45 33 39
46 38 39
47 26 39
48 29 4
49 4 39
50 18 19
51 30 44
52 18 28
53 51 2
54 35 4
55 46 47
56 21 30
57 19 31
58 43 8
59 46 16
60 45 41
61 15 45
62 17 8
63 30 22
64 12 2
65 6 15
66 7 44
67 65 43
68 27 16
69 41 3
70 20 29
71 10 17
72 53 30
73 71 27
74 71 9
75 10 13
76 58 15
77 55 29
78 4 26
79 38 35
80 21 46
81 78 7
82 72 38
83 26 47
84 15 42
85 43 47
86 54 35
87 16 14
88 9 18
89 41 18
90 65 7
91 61 47
92 13 6
93 29 47
94 81 26
95 24 46
96 61 25
97 42 23
98 28 31
99 60 19
100 74 27
78 15 3435790
3 8 2072694
6 25 1064390
32 100 3602865
5 22 1629328
67 14 4712646
86 20 1269085
56 21 815668
54 48 427235
35 32 4041951
39 29 1829305
52 25 4541717
68 44 2374254
33 74 2002176
38 29 4191082
7 1 802155
19 75 3541128
91 25 2489466
76 96 2259379
97 84 2855395
68 63 2096320
11 23 4317746
7 38 554699
84 10 4635837
80 63 4681684
10 92 429732
18 86 1842652
49 96 338828
88 35 4150075
64 89 1389852
3 13 2636741
65 55 4667961
4 7 3061406
40 39 3365694
2 21 935578
64 41 4358398
10 54 903449
51 23 370301
13 37 1207713
18 76 3879660
50 33 4459580
15 37 3537957
40 62 4976853
87 64 700264
6 100 37070
62 72 528980
61 41 1238565
30 35 3111272
89 26 1316039
87 30 2549306
87 30 1085683
3 57 4361656
2 19 107283
82 58 4965663
85 29 4219799
48 85 4163257
36 16 2660116
30 100 3188636
82 32 1200604
41 64 1145247
94 67 3241374
76 54 960606
16 78 3849728
2 70 4952433
62 85 1593083
84 23 3989160
100 13 3229367
55 87 867723
68 66 4204775
93 33 3474192
54 85 278886
20 72 4848540
79 98 3537171
95 56 4682687
59 74 895530
45 48 3214058
80 52 2522404
63 59 2755827
41 40 704016
48 15 3086859
56 68 3602227
19 1 2315711
76 39 1351581
64 20 3657773
29 79 2958924
96 47 3225671
100 31 3406853
67 89 2636813
45 28 1009
70 66 4477127
12 18 1244214
57 21 1144129
17 67 3088151
12 91 4411659
11 79 13773
50 67 3442736
98 99 3435877
15 52 531382
43 11 4591581
6 90 2534998
96 22 3085754
71 40 1560893
68 5 4729517
20 16 1330884
29 86 2722791
62 37 767851
19 25 470200
90 58 2634844
68 27 1748975
74 67 3536477
10 43 818733
66 33 996886
84 66 4809804
50 8 450886
1 95 1475375
93 16 3285952
25 70 2810090
53 37 3841450
33 44 1346197
57 66 2167544
52 43 292075
49 73 313701
82 3 2923625
24 75 1522162
33 41 255396
72 91 232803
3 43 177962
73 13 2977271
19 88 3731869
26 10 1699623
27 81 402828
4 86 1032801
88 48 156563
20 80 4789638
59 80 2494325
80 83 3588066
40 56 3638519
17 10 904107
25 76 2056256
59 57 3168829
45 29 2912879
5 25 1521811
37 64 1295100
62 51 2806473
82 87 482642
76 53 4550288
44 67 3612395
16 85 1167987
22 100 744173
54 60 1201865
78 32 2861701
66 93 3599162
8 70 1931715
39 93 768566
26 72 4055413
54 30 1927923
71 87 1526023
10 35 76710
4 26 3060377
67 32 4975301
69 57 2684066
8 30 65787
100 63 4378437
97 36 3679404
2 42 3255793
8 34 2712042
7 14 1196926
79 50 1539256
21 43 1231814
26 29 1102910
7 18 4002817
31 65 3591885
15 55 1095716
99 36 1396180
96 97 3003899
82 31 3768098
21 31 3463685
9 23 4341982
79 13 4811472
19 63 4927173
29 5 3388374
70 24 3755491
2 36 3741655
19 49 4392275
97 39 4431544
68 51 2942843
91 79 3374363
64 19 2859714
54 100 1874047
36 21 2715349
50 65 4071129
40 80 4854362
69 96 3502452
85 42 1817586
34 95 3007238
37 79 1433077
2 3 2565972
47 33 2564714
33 71 3684809
69 11 1670661
99 12 1060113
83 5 1570340
59 99 4037243
14 62 4327884
91 12 2050830
32 12 3129120
45 65 2553516
37 72 1259619
69 38 3589030
46 31 3480175
37 79 3458655
9 99 1952950
97 18 4540068
65 5 2481912
86 87 1924042
87 46 3500740
68 32 590090
40 1 4342579
50 30 218009
73 9 2268513
90 1 2087500
65 39 3138607
86 99 588779
49 22 4355894
78 63 2757843
89 68 3922253
66 55 1209425
77 27 2463230
70 75 169597
54 49 1396356
16 84 514260
47 45 4136265
18 97 2437146
31 7 2174686
32 100 632302
97 85 2497467
36 76 4612462
5 94 3765688
47 5 1642574
48 70 2442635
31 12 4434804
26 75 1621252
11 25 3824534
78 20 2921798
10 6 2035863
91 4 686856
51 85 1383967
82 61 2842956
96 21 37241
56 17 4318942
18 4 3543345
9 68 465488
59 1 1356270
25 92 3213236
15 40 3088973
81 5 3440986
96 29 3872064
61 28 220491
47 14 1969190
36 41 3829894
12 51 1653227
8 75 4320570
80 76 4908513
92 60 337284
2 53 4080415
59 1 639403
54 32 2589275
22 76 4250904
50 7 353923
9 41 2413786
23 91 2253409
61 41 1883418
1 66 1248047
21 49 2172379
87 29 4598199
55 42 1728694
60 21 725487
89 36 1672467
6 71 4278740
88 65 2853163
89 12 2685317
99 79 4172732
63 30 1067234
56 53 4265933
66 11 4547110
52 73 209380
69 36 385793
48 37 684549
27 63 1955642
16 60 1766316
37 80 388163
86 24 1883469
15 73 1142238
49 65 1519243
98 39 791535
20 24 4899191
40 12 3380835
21 37 3587531
18 39 496129
71 77 650598
5 94 1839950
56 61 2545928
4 1 586662
66 10 4844049
1 87 4386647
92 65 4795062
91 25 3492865
10 97 4977285
20 3 3128877
6 66 3698330
26 63 4066987
22 82 3534689
75 31 3373615
5 69 3274638
53 10 3444269
43 10 2922010
50 34 335603
91 12 1555647
56 28 1500742
71 2 1107639
60 95 1179393
78 26 3371761
97 77 305450
16 8 3526164
79 43 2519574
66 37 1334200
20 1 2902591
95 70 2926497
83 42 1249187
31 66 3261054
15 57 1373664
31 76 3530338
61 76 1539789
90 22 354177
26 59 1962779
82 60 4751663
50 3 1650157
85 9 2156500
78 32 3759733
45 50 17331
60 93 2146064
74 84 2868828
24 51 2240419
71 32 812271
94 77 2972342
99 81 3817107
64 42 4820113
45 65 2423094
75 95 2899605
33 100 4937350
77 46 415901
93 81 1984944
6 39 1599509
71 45 125976
46 14 2517338
20 65 4783130
76 93 4654355
18 27 2782015
80 47 4640911
14 41 1916738
75 36 2023265
16 1 3693764
33 62 491064
7 51 1954637
39 1 1459778
91 84 2754822
77 79 627778
98 7 618420
73 47 1231536
46 11 3005238
97 98 4861009
72 60 1898624
71 14 2230424
77 24 3129241
2 23 2785724
99 12 1821715
3 14 140634
8 74 1423179
77 57 4951822
62 62 949793
54 32 408588
34 5 1260408
7 12 2823940
41 24 4394993
97 38 564599
40 45 2214179
92 38 951315
40 51 4214815
95 5 2109206
89 73 3008162
37 11 3210593
48 93 4083035
4 69 3288732
33 20 3838814
32 51 173578
14 48 3944424
2 21 522156
96 60 2123542
73 23 3848987
20 24 918944
1 81 619680
95 14 3285018
86 48 256407
9 51 4649965
22 54 2740805
72 93 4314258
86 65 3213431
23 20 741327
5 43 1508124
68 12 377078
55 24 375460
74 83 3368155
37 60 2195801
2 15 1283862
86 70 846205
34 98 57593
69 24 3996645
55 55 2429266
87 77 1714774
27 83 1102755
55 37 1422046
91 33 598112
4 23 2173301
97 74 3326378
63 25 4756308
16 9 2716363
41 27 1816660
84 42 2485618
59 76 4447435
92 33 2186608
19 89 2330340
18 90 87923
42 51 2152830
34 42 333762
32 61 1088775
54 43 3394233
35 93 3215640
90 20 1660613
39 55 3312147
61 2 910179
60 83 2627195
55 4 192853
74 33 2579603
78 38 1970917
94 83 1124283
34 43 3810334
78 94 1027399
89 48 2778824
22 2 4117601
86 42 1184611
23 7 3953826
82 100 2995494
28 24 1274027
12 62 1978298
43 67 1791753
13 45 3490033
99 80 4873801
71 79 2286603
35 26 583320
45 69 426220
48 39 4901152
80 3 3678423
90 60 3254943
7 77 2264366
24 77 3740232
45 31 3098285
35 97 257439
2 17 1521764
16 56 1788112
27 71 3857972
61 64 2268048
11 94 4125261
17 34 524919
53 76 4408807
71 46 3152476
65 58 679742
64 65 1340594
49 88 172370
36 2 2010339
64 55 4945310
73 51 4247275
89 86 3542232
45 49 3128951
87 22 4662697
47 10 3030974
77 48 560942
36 9 2350751
52 41 4021743
100 63 3720252
37 43 3174239
82 5 1846166
13 54 4313108
19 13 1520042
86 23 272520
46 9 1879627
92 57 4426320
47 9 4422656
91 98 1653211
55 40 625121
93 60 1714798
39 14 1009133
79 8 3203807
41 76 2131886
72 22 2822799
79 28 2158864
63 34 2695532
12 6 1953086
63 7 247078
76 51 1502527
47 22 4531633
98 65 3808015
22 72 4158332
45 27 2559873
38 15 4354032
96 70 2992405
16 26 4840043
6 28 2128021
45 27 2913726
26 23 3115702
47 54 2805349
50 81 3485164
75 51 2282246
6 26 438732
97 32 3478636
15 23 2854697
12 48 4587013
20 58 4995560
87 90 2120153
32 29 3676390
72 34 2095757
57 39 3504972
68 40 4183512
68 67 582831
11 66 2848516
58 63 4072046
1 8 461288
2 74 2802758
4 18 4778788
59 6 2895865
40 65 4090782
36 56 353952
8 65 2830587
43 19 606797
23 38 4851809
39 22 2239269
91 34 4937323
85 10 3618812
4 99 1372077
59 88 2749362
40 84 3135913
66 32 1109134
49 12 3651602
26 34 3420185
47 29 4256704
80 71 1833532
8 23 2118963
92 51 3785821
5 54 3538765
19 46 381367
38 77 63754
10 40 3582904
4 59 1193090
68 76 3060960
46 9 1693217
77 44 3420823
18 73 2723365
80 26 3670158
37 15 2392729
14 78 107098
33 34 2199632
55 64 1489038
57 29 1443173
50 52 2388311
5 18 1898225
92 81 4302876
60 30 4550541
33 49 3495574
19 53 3989129
50 30 3113837
76 57 2249453
18 64 107285
35 34 3577264
7 49 1192551
51 20 2978485
15 2 4325827
67 16 2496141
98 100 3352805
90 23 241962
43 31 4951111
81 45 3809440
75 45 1667190
96 65 2938850
1 50 2233720
100 13 2208954
28 34 4633757
51 32 3601417
92 27 3632228
36 86 1176065
47 44 471632
39 11 1915872
31 94 2071499
40 16 2968175
97 66 770939
64 6 4696699
9 88 1917155
53 56 230354
79 1 2915005
59 70 607168
93 15 7253
55 42 3937035
89 24 521063
38 80 207661
97 96 4162108
36 45 3894225
36 92 3135682
31 97 2491153
73 78 3528747
58 93 1865774
43 71 3489992
28 49 612367
74 38 1415653
49 38 4499902
92 79 3719655
66 30 4235745
97 99 864997
15 97 3166069
53 86 2952388
55 44 887377
96 38 2925846
93 24 1153240
99 73 3540532
62 41 1822399
62 50 1359834
35 95 2335937
64 75 4621442
20 40 2130208
70 26 3992901
28 27 1327006
62 54 3315182
86 92 1948603
70 20 1771424
5 73 795568
17 94 3112235
68 64 4980972
14 74 1772777
21 78 2794062
80 11 2733022
67 71 897315
76 21 4725840
77 66 4774625
28 94 3276899
100 20 3739876
91 60 1526713
27 19 4684136
82 61 392458
22 17 3229639
75 100 2521663
57 18 3095540
52 49 1424660
30 41 3617463
42 40 2196717
38 87 1772971
93 82 2390328
35 52 3719669
62 16 2121285
49 67 2988998
68 8 1967779
98 31 4775892
19 44 3759867
83 31 3961301
15 53 960945
21 11 455613
20 20 4525881
7 96 2892152
6 75 3390263
29 90 1717162
28 8 1792283
58 83 2055974
96 57 3898683
10 55 688045
17 83 1231026
10 97 3018600
78 92 1663096
36 96 821544
10 90 287427
90 62 2373725
42 74 1254109
66 56 3435284
58 92 4479238
99 40 619190
16 16 794829
29 35 3279677
36 82 4429866
25 23 4892600
36 1 32862
60 32 760898
67 78 713678
66 92 1210431
17 31 1733084
35 60 4694424
74 2 2477511
84 13 1313144
42 23 1502725
82 56 2197830
20 40 3465823
36 77 3381092
77 56 1764813
86 93 4256680
19 81 940882
69 26 1965146
82 42 3855834
56 91 1966638
51 37 3993105
95 81 4794179
62 5 474886
7 29 2891420
73 15 4274241
31 51 3008349
19 6 4532386
13 29 71497
82 63 1237755
19 31 644987
65 10 1801647
31 55 3938914
56 94 742732
25 89 912961
81 8 1573797
84 69 2227175
38 75 2297972
31 91 1108907
23 6 1969711
68 18 1484523
99 82 1392744
1 92 250309
1 69 705259
43 65 4777878
53 87 3560274
40 23 60146
12 35 4907564
49 5 3129317
91 9 4156047
56 22 1167592
37 91 1868665
86 89 2727846
98 89 2752302
60 98 446128
79 62 945998
82 68 4115582
58 3 3919989
59 72 2035305
65 17 2784152
67 15 3704933
92 34 2099997
3 32 1316995
59 80 342331
45 16 4956839
97 42 2427219
67 28 469894
46 91 722574
47 39 932963
14 75 863415
90 15 1740938
83 44 3245531
80 97 1681421
76 6 2756063
5 68 1837630
58 14 1571105
35 76 2984814
51 25 1991443
36 30 3012964
17 90 1496340
72 55 3513441
49 25 1392784
86 60 2965906
33 15 2631194
55 16 2362069
50 81 3392648
43 49 1178993
70 85 3585550
8 59 1364560
20 34 4199646
51 11 3850751
25 44 1580159
25 3 951400
70 28 414828
98 34 2086287
51 84 128240
89 90 1565578
64 49 3942079
68 80 1459909
1 12 3581719
57 19 1754934
19 35 814936
21 84 445085
100 89 4475040
64 66 3152959
51 49 4532331
77 49 4686243
56 14 3619817
6 72 851021
58 34 4202017
23 83 3591930
56 57 638150
11 82 3459228
4 59 1373911
67 67 3864023
10 14 744316
99 73 2576828
60 96 572127
22 97 2920261
49 12 3706760
61 64 2085585
31 89 1401980
94 75 3965921
77 42 200472
66 8 363923
86 17 3981289
69 49 1018269
40 68 1664846
69 21 3038349
43 20 2906897
61 77 4356224
53 81 953090
43 20 314848
33 78 3187029
100 95 1022114
66 94 625982
74 39 808127
70 99 232907
87 96 4956082
48 50 303426
65 29 3172083
15 47 827836
57 73 3020402
51 78 3867456
16 2 2261206
68 33 4317476
55 43 4762487
1 24 218464
82 42 1286298
35 83 264179
55 34 795436
50 3 2231483
49 43 3555073
8 99 3654160
8 4 4127630
59 7 4905953
10 2 1884645
39 37 377810
31 14 936880
18 87 549653
24 10 4162287
40 85 4600776
9 4 4292726
2 9 237902
44 55 2122658
24 16 1369456
29 39 1170075
29 90 3496886
12 46 2116495
80 8 4772994
37 60 1589677
88 89 3661485
94 8 2117664
56 55 4256612
34 96 1027662
24 51 3370629
1 27 2945872
46 15 1301301
31 16 691955
81 82 2094084
57 21 2857839
99 40 1554117
97 36 3731559
68 48 1281959
24 30 1140961
86 84 3527129
22 7 3655495
15 71 149852
45 89 2828638
94 4 3358825
99 99 3653893
89 89 2089670
18 56 1323569
42 82 767588
49 23 2503335
57 40 4767803
8 26 4173883
21 77 1893609
50 40 279111
50 81 4253063
17 79 2735
66 13 3222605
82 93 4042387
54 7 912296
55 56 3263189
88 70 301338
11 84 4191885
62 75 3183186
96 85 870793
37 87 507340
62 66 42
42 63 58
10 17 4
80 17 32
89 28 37
35 37 89
43 35 56
69 72 71
39 30 18
39 7 13
92 21 30
90 27 18
40 66 97
38 87 40
32 19 66
69 74 13
71 80 96
97 30 14
15 51 7
27 58 26
38 26 39
28 3 9
26 44 33
74 1 90
39 19 4
21 20 69
44 17 85
48 96 85
98 30 19
89 62 36
96 33 98
1 55 92
52 26 36
96 59 74
35 23 79
83 90 88
97 69 26
32 61 72
17 89 6
5 32 62
59 51 17
49 26 38
94 75 89
62 17 3
19 42 93
80 100 11
44 51 85
34 6 20
21 87 15
46 92 86
86 49 6
94 41 93
73 17 77
75 65 81
1 11 39
51 52 88
51 79 37
62 92 55
15 27 52
13 66 5
78 92 96
22 80 24
18 10 25
2 94 5
14 19 41
72 26 30
24 57 66
87 49 13
63 47 82
78 4 100
22 96 51
59 22 55
22 74 24
44 68 5
79 14 92
57 46 74
34 12 68
35 92 75
64 85 21
96 100 8
10 98 18
76 89 23
12 72 24
83 80 65
72 38 43
92 98 41
28 23 96
25 7 99
49 64 85
39 40 31
42 79 6
40 47 54
12 97 45
31 62 25
20 44 36
20 92 99
83 57 2
13 17 64
47 25 76
72 40 20
