100 1000 0 10
2 1 22
3 1 26
4 3 22
5 1 47
6 2 47
7 1 25
8 3 32
9 4 17
10 4 32
11 7 28
12 6 7
13 7 18
14 13 29
15 4 40
16 1 18
17 7 40
18 17 43
19 10 41
20 16 5
21 20 31
22 12 7
23 8 34
24 4 26
25 16 21
26 20 22
27 21 11
28 7 17
29 4 41
30 11 35
31 30 15
32 24 21
33 24 1
34 16 25
35 3 2
36 12 46
37 15 39
38 26 7
39 14 32
40 21 18
41 32 25
42 22 34
43 14 44
44 12 4
45 28 9
46 41 43
47 10 1
48 12 20
49 5 7
50 31 17
51 50 38
52 50 36
53 36 33
54 9 6
55 35 8
56 2 3
57 50 4
58 32 25
59 54 29
60 10 27
61 35 32
62 37 50
63 29 8
64 13 42
65 45 17
66 1 8
67 58 50
68 43 23
69 37 25
70 6 20
71 68 18
72 28 7
73 32 48
74 16 30
75 34 19
76 4 34
77 42 13
78 45 15
79 62 34
80 75 42
81 33 8
82 25 12
83 47 50
84 44 11
85 61 38
86 29 30
87 52 40
88 80 47
89 41 40
90 31 19
91 43 16
92 3 7
93 60 49
94 32 13
95 16 21
96 77 5
97 47 40
98 61 27
99 76 42
100 34 39
58 1 2965875
40 77 3571449
55 38 3537428
33 53 2273517
7 57 811768
77 78 4576456
82 99 2045368
64 26 3473541
98 1 943269
15 63 2058698
23 95 385413
57 6 514571
10 10 1445904
84 11 1335844
62 59 90410
7 49 3401394
87 37 1768546
85 6 404979
42 42 4589291
51 94 3799134
29 98 3792089
97 64 3710212
97 20 2641823
38 17 1882280
65 83 127176
55 41 2635740
56 16 2510003
74 11 4066013
9 24 4654931
51 4 4816176
25 76 3284199
37 39 4168893
46 23 2944374
57 54 1115819
86 43 4980814
56 100 2291197
79 79 1091709
23 14 2572461
94 100 2729744
52 20 2429447
29 74 1773963
22 30 2998984
85 46 106665
5 53 2739191
56 53 3097110
54 94 2090243
31 75 1152297
37 20 890974
54 45 2470695
65 6 2451673
31 52 4825524
31 53 3915329
13 27 425692
63 38 3193081
66 58 2569858
74 95 1147801
68 51 1264807
4 9 2489478
92 8 1167007
6 50 164499
98 22 1768399
67 81 1941015
19 37 3242282
44 26 1836111
44 26 4559788
44 88 3683702
89 21 1165655
16 31 3566946
34 54 3142445
83 50 4183522
41 26 1802542
61 1 2102486
68 61 808532
58 76 381903
59 66 1389772
41 36 3453224
25 18 192054
25 49 1655395
78 50 1425056
84 83 2632711
45 59 569790
22 68 2108345
72 55 4707501
12 75 1661785
20 21 698665
57 16 753696
7 48 507149
84 91 3444535
98 68 2563082
39 41 2483674
3 17 3319593
71 68 3556334
83 21 1280965
49 66 4059103
88 76 25732
36 64 242238
22 70 1426773
60 32 4021274
80 48 937455
54 89 1476061
33 34 1405320
40 90 2626345
35 17 2088212
83 37 2908211
78 68 2982144
27 45 700256
28 8 3236398
91 66 1985758
5 76 1776371
70 79 2504964
29 41 943309
61 29 4118125
70 66 2715241
13 14 3669394
48 87 3210901
22 65 936614
34 48 4941122
93 97 3648311
6 72 3219838
47 11 1820803
43 42 3529136
23 20 3913431
14 39 4085843
22 1 177903
75 77 4188535
4 77 3373321
93 72 1926261
37 62 3188747
36 71 3891698
1 20 3020504
97 33 3974743
45 10 3711277
46 24 3449487
43 24 653889
89 61 4664258
19 89 1783581
99 77 1644688
34 13 1284025
65 79 3691920
51 27 2468697
100 63 397706
52 68 722471
52 50 3473266
11 19 3618000
15 26 124456
17 80 3777764
79 64 4083757
90 26 3053801
75 4 4692967
6 49 1332416
54 57 3882199
39 91 3487355
68 37 2516505
36 66 1928254
32 7 2310428
66 86 2285332
18 59 3872868
68 68 1949652
65 5 4739710
60 75 4961269
16 38 3396802
59 2 949806
26 23 3326222
5 19 205906
15 75 3374721
58 74 859755
49 11 3648246
76 88 2054997
11 83 1901378
30 85 607964
28 83 2678577
71 35 3677657
95 51 3242685
46 81 2491338
1 36 189903
86 59 1608433
19 47 4947193
10 28 2922927
94 23 229747
99 98 446305
20 49 3293654
88 88 2830714
64 7 2107735
65 85 1816417
16 66 155781
58 31 1335885
37 28 1682437
43 54 3441376
56 18 1709580
78 22 1562049
16 56 2088413
36 88 256636
28 14 3542149
67 41 4476254
66 38 3590164
46 70 3262669
68 99 1984542
51 35 1549925
61 50 20274
82 6 1008473
35 42 244952
59 60 2667337
95 9 604049
81 74 794847
9 24 553226
27 25 4664943
98 95 4848610
98 67 264655
95 78 1085790
100 16 4369908
12 50 2542633
97 53 1445582
27 20 2228881
40 55 3973925
78 50 3875070
19 39 1038133
99 88 4884533
22 20 3655558
22 66 3270861
77 1 1741456
66 82 3860144
9 4 3988046
27 96 1416149
13 55 1447585
39 63 404859
60 70 2543591
74 11 2617834
77 45 2894876
43 45 1242214
37 79 2530609
53 82 253940
17 95 871531
65 71 1006994
93 86 2502590
93 72 1187504
32 21 158954
82 23 4003060
36 64 2604181
94 71 4384365
56 75 3244458
29 54 2612310
16 95 1276274
64 83 2330126
40 15 2506352
62 80 1629335
12 45 3327874
54 7 2388045
11 20 1607221
13 3 2664807
51 63 1952552
74 25 2018291
81 43 629542
30 19 2363342
57 53 589629
40 1 816803
71 38 3348643
89 6 2804773
78 31 4872778
56 52 4755919
61 47 930049
18 51 3577434
93 91 1108430
63 3 1677823
6 72 582346
31 61 2743854
28 51 740989
99 12 4365263
36 19 1189178
95 71 2743672
67 54 455549
25 89 1199215
83 41 1366019
15 19 3983969
100 93 810281
81 18 2588835
20 65 3796616
81 45 358504
14 90 1160783
43 85 3102082
76 64 630307
95 47 2323933
93 78 2893812
97 22 3414714
66 65 2509536
59 26 1896936
82 81 4087181
89 79 2883144
94 32 996994
19 33 2976322
62 46 2034246
70 47 2230019
62 97 2759291
11 43 1218617
73 74 2492925
73 98 4474064
8 40 2932407
89 96 4536302
17 80 2904581
31 13 81388
25 64 198544
50 60 2324952
35 84 3799590
52 64 590056
19 43 338520
48 73 2234112
78 43 1232793
60 53 3566822
54 26 1863700
14 20 3442884
49 82 4762830
34 96 3652447
11 15 2720766
56 45 4302743
13 53 2486377
67 92 1245343
64 74 3825537
18 62 964862
93 68 1283774
45 7 3583557
75 73 3262334
23 22 2280210
62 37 2988635
23 88 4127430
21 74 607179
73 80 1104387
27 20 1887356
86 5 2518569
79 79 847472
41 20 677649
99 100 803670
51 39 672457
8 33 3095723
65 39 1925138
24 85 4254031
94 16 3678360
40 72 3207915
21 57 4338545
54 79 924419
99 18 4260377
17 35 3619863
7 64 938348
6 26 1519039
100 97 223396
39 62 4204614
36 88 1708755
49 38 3125894
49 99 3776228
59 18 3512070
77 27 3623822
52 86 1181905
77 59 309785
61 14 882263
80 37 691286
4 52 2113737
47 13 2133656
72 42 31344
89 7 4764728
86 97 3767885
98 3 1372104
99 97 3378935
25 53 3792535
26 7 824305
51 3 4347686
48 85 4705035
48 18 1802600
10 17 3726651
51 77 2556224
35 20 2281787
76 66 2746166
82 99 4885861
81 28 4394235
26 58 524110
23 89 456095
72 49 763104
86 71 1488655
44 28 542331
96 96 3739731
95 19 3151054
57 7 33224
12 49 3875376
98 69 28250
49 20 2677445
44 37 83461
32 2 1134798
79 96 3535436
36 13 528528
59 80 190138
97 85 3918505
61 18 1754136
27 89 3495663
38 13 3258800
4 23 3649867
24 44 3985664
47 10 198037
21 56 3113089
5 92 218864
45 59 1256666
2 96 2670887
47 72 4535647
23 43 1605449
71 56 3055759
88 31 4762306
26 79 4052301
11 13 1981498
2 47 933277
11 15 1081971
99 86 333218
58 17 4005214
58 30 2154902
38 15 4534334
73 61 3035659
37 12 2953024
23 21 3579681
4 53 1968730
78 61 3596359
73 97 292194
13 93 1138614
12 94 2958961
82 72 4691371
31 63 3351289
64 55 464612
96 97 3261091
100 13 87582
39 84 4274284
95 56 1673357
5 23 982850
51 90 1440732
76 50 388826
46 85 1147174
23 75 4467157
83 96 3576693
68 38 4118099
41 23 62778
51 49 215319
78 100 2355661
30 31 4466652
17 99 544294
91 56 1821751
64 94 2371036
33 78 1664558
60 96 4280477
23 58 2947864
89 80 629293
56 54 1518517
44 77 2431523
7 73 832080
31 97 2840097
23 23 2590548
19 75 4309587
94 22 54507
96 89 3687147
87 53 1765405
46 53 916571
51 16 2927591
90 53 3652500
39 8 4978523
48 10 1757885
64 8 700152
15 2 3625526
64 75 2779594
74 37 1213070
53 4 119364
29 5 2353155
34 4 3930331
7 84 4896761
44 63 2884581
66 38 531069
98 64 242995
19 83 1048251
72 29 898988
35 47 3664061
70 30 3523499
10 20 29734
16 89 358427
83 72 2788143
33 31 602064
7 28 61984
76 73 3290536
43 47 592402
54 100 3293154
60 38 182436
73 42 4102654
21 63 3394491
95 94 1673431
43 81 1662462
47 34 525117
67 35 3016656
49 63 3307735
25 76 2106000
32 28 1093879
80 51 2125071
20 60 1448639
85 38 3906769
96 42 331252
28 87 3781191
82 53 3931040
83 62 1766283
33 32 4112045
65 65 1062940
87 61 1156864
56 49 4161243
71 89 1500435
10 18 3121350
92 17 55446
62 85 4583859
15 15 3811207
65 29 3538064
50 31 1376975
30 35 2650009
54 7 4526880
75 18 2633498
10 53 3330318
88 99 2692199
49 4 2081067
50 15 1122521
21 34 2675430
52 17 1776651
40 28 3385892
88 43 929237
59 82 1997472
77 60 2211847
74 92 4942016
63 45 1072488
87 12 4001081
79 83 14960
97 98 1485029
21 7 4941571
31 29 1558627
11 97 4393456
72 80 3130606
11 1 2623146
62 97 2532097
64 53 1737542
63 84 4705194
40 42 948981
75 23 908013
46 76 4769795
63 32 4148124
38 64 2555664
57 11 438516
8 99 4809357
25 41 3073275
90 26 2071226
43 97 1052631
88 48 1943774
50 2 921328
10 96 2837575
60 1 3054282
8 35 2340996
23 41 3794333
24 51 4861920
47 92 88758
28 81 608096
92 71 3449682
18 32 4011456
98 7 921529
13 91 3387369
23 1 3098328
41 16 2517686
53 65 3876386
74 81 2504361
24 3 4309545
77 23 1081960
33 76 1732856
67 17 2812093
52 74 187251
10 79 827340
59 84 720434
5 44 2901847
21 48 718683
22 36 1893295
57 14 2670206
14 53 999996
10 82 3437430
20 88 2293041
50 32 2732477
99 39 1586312
17 47 1591055
33 86 352453
45 72 3582595
43 90 4847656
71 73 480166
75 89 4581939
88 89 4886362
31 91 558429
96 12 3824238
72 20 1827479
51 2 2654525
50 87 2456702
98 28 3422220
57 2 1369889
52 16 1902815
25 35 4157941
41 18 1756124
74 30 972117
58 82 2434084
50 67 2537022
83 4 442030
50 26 2788939
9 13 160420
27 28 2414445
23 4 2952131
98 49 3290350
83 100 2421806
82 44 2703079
84 67 3869074
21 83 1102015
18 43 3838593
73 15 2371622
81 12 3010120
11 89 3637009
30 62 4475410
49 71 1430519
16 40 2757313
85 28 2770444
34 53 3333131
53 3 2143998
50 22 2114386
77 46 2054637
41 84 3714567
26 49 2788526
15 66 1545537
12 34 4840323
93 46 4591641
26 18 2271508
48 36 942025
66 66 2884721
49 84 2621701
76 66 4478667
35 53 463705
78 1 1957936
92 13 585540
88 51 1645447
91 38 869332
9 75 4961292
69 69 1728258
82 33 3424141
15 15 4628368
14 39 2414692
79 97 4890209
2 37 4208630
2 59 1546073
17 30 4541677
21 63 2882294
99 80 3559986
78 43 4228589
42 77 1635758
94 41 4414281
62 68 1290817
84 62 4316416
81 25 4819459
20 49 441495
10 40 172922
84 32 3149304
63 78 4160988
91 47 443857
63 54 952390
36 21 2546095
13 67 1951036
20 89 75036
22 42 639971
88 73 2576566
29 30 4702205
100 100 4414609
29 94 171812
48 41 2745550
11 35 3484169
73 38 4976636
13 26 1641134
7 94 4629039
54 92 2646113
14 86 2794655
78 76 18490
93 70 479236
38 16 2218776
62 36 991343
56 71 2818520
66 48 488427
39 14 836694
19 47 4118804
94 14 2942120
84 42 621495
33 49 3014103
1 41 4337451
33 80 3424160
39 96 2230447
96 4 4274732
18 72 42117
15 63 2670411
89 34 4849103
39 30 2477943
25 81 3697192
10 56 2578247
82 60 671044
36 89 3239281
42 3 1131851
57 47 2076740
87 50 4657778
24 88 4726949
90 38 4248027
44 57 865930
25 48 381744
33 59 607029
54 54 1381563
70 80 3230321
28 100 3823176
26 67 2810578
87 7 2785661
36 95 3439401
51 1 2530873
39 73 1468550
85 18 4130605
74 25 793394
25 69 1010487
8 31 4363563
90 52 4441669
35 25 1391202
43 32 3297128
65 91 1382003
2 52 3113527
83 82 4806628
55 10 2503975
45 73 1656289
83 12 4994729
70 22 1901557
77 63 4644995
69 92 1431052
48 28 2109426
12 25 2068264
30 26 2510015
80 6 2438561
21 25 2277216
93 9 1950113
31 61 2443345
72 38 4115488
11 26 3060403
1 93 419612
81 10 1399333
77 64 4835547
30 58 2084321
80 49 4079525
33 54 449561
30 73 432061
4 59 1469970
36 26 4056543
67 11 4111169
54 66 87807
77 75 2267108
80 40 1011903
73 55 1777634
1 92 4885170
60 55 1351270
53 61 739920
51 33 3811577
2 26 1891386
38 31 4471071
65 30 1454255
38 13 1080628
2 37 4873167
20 85 1039494
67 84 4351183
71 70 2830005
64 57 3593660
52 23 3058569
46 2 4083060
27 58 4876436
33 91 793186
93 40 3843273
91 31 375673
8 66 2113371
64 17 3939444
94 37 548250
26 59 836877
56 41 1656586
93 51 4477691
25 24 2177605
11 59 3023919
23 8 3374612
79 34 1938641
85 17 3215432
64 56 4830200
39 74 1185374
84 9 4610600
35 22 3840275
79 67 3000144
24 7 4614660
98 21 1494018
63 96 2627466
79 52 334645
8 62 1090837
30 39 1692088
13 58 4333576
32 56 3005305
29 73 4890260
59 50 1374134
45 33 765528
26 73 1100482
21 10 379064
26 46 3777916
32 19 256956
17 99 616714
47 54 4284331
29 80 2835548
67 26 4084072
64 75 2610399
21 80 4290509
27 33 3937088
63 75 640902
64 78 708771
63 13 710576
40 91 2148707
75 87 1128306
72 29 4216203
63 91 4263386
75 64 3301845
95 43 2608956
60 61 3548962
18 32 221000
54 20 1915194
45 9 2026603
65 62 587205
15 75 2109992
22 70 1637257
40 13 2449015
81 54 1695846
57 84 4867677
57 80 712464
19 58 4452620
86 29 3250827
47 9 1381373
34 29 3194860
41 64 4881868
26 24 1366287
8 61 3857940
74 53 1599891
33 63 1623052
81 96 4638365
75 58 110560
88 89 2568397
10 91 3985619
52 55 3565690
5 69 3105173
72 49 4821364
54 95 213792
23 100 568570
93 4 4829400
57 4 4100985
16 84 969379
5 73 1071304
13 69 4589318
40 17 2514785
68 66 2044161
46 34 2035873
60 90 4813165
96 94 2968770
52 72 3142163
45 49 3699031
17 85 4344783
19 27 1840584
22 54 2112870
72 90 3791056
99 4 4280932
58 78 1478964
47 24 2649850
2 46 3630598
50 16 4896918
27 42 2291546
61 43 2003652
22 31 4201415
62 75 3523653
8 34 229793
10 93 274094
28 100 2941940
93 4 109699
39 89 45956
34 95 4632724
9 91 4816708
83 96 4016088
82 22 1077653
15 8 4416903
32 89 2888577
10 93 2791805
54 79 3587831
12 5 2630221
94 87 4352136
25 25 806050
22 60 1327713
45 38 3983581
77 97 839435
51 34 4504426
96 15 616160
91 13 662308
26 16 3672272
44 21 23212
16 48 4886036
42 76 1483588
77 62 743921
53 13 2343538
46 1 4147376
66 58 1692562
21 50 3971803
