5000
92 345181221
262 839295485
320 453556004
496 193462848
674 55637872
882 153280270
1129 888716185
1243 117044775
1321 197015601
1613 469476440
1878 227261326
1963 34319160
2091 612749304
2278 35848587
2338 723500316
2447 31686370
2564 685571050
2822 14552112
2824 65114935
2851 281435030
2990 648254342
3117 321779030
3336 315110922
3575 750993600
3714 639667389
3927 713056611
4023 349291824
4286 751877900
4356 663327465
4394 359479554
4674 7824784
4720 400328467
4837 226238805
4925 288801440
5132 84234951
5284 1608600
5411 164207015
5561 118013560
5764 387576280
5930 262100706
5986 179763678
6235 173473537
6474 18691392
6542 226390356
6725 104884278
6764 661146936
7022 84368991
7072 37703016
7168 221276658
7343 214974837
7379 162000
7507 13085072
7514 93718020
7688 53077611
7784 74862
8050 257959079
8237 24775152
8405 309387080
8663 538462288
8934 16157250
9044 257413274
9282 282921200
9356 861630000
9368 764932629
9484 862229760
9647 138150978
9675 36024114
9911 106407477
9950 664820465
10187 81257904
10201 346648536
10315 114294024
10562 699197148
10811 495665280
10854 20436341
11057 152598332
11091 394678851
11297 219202020
11331 118874616
11519 742587770
11748 108926272
12030 186878208
12137 115647260
12271 313881945
12527 170234592
12737 69316728
12857 15185664
12929 407385810
13172 479259000
13435 203200610
13462 19514232
13564 367170426
13570 714974688
13687 165704880
13972 686408976
14120 84384636
14343 38899350
14578 365671229
14861 863547808
15018 32502942
15183 38741976
15198 101471475
15298 535502988
15583 202022016
15806 917954244
15935 633912363
15977 40552956
15989 380288214
16106 479040898
16120 160543629
16399 176842952
16667 925500114
16813 353448183
16927 297277431
17017 331433245
17217 700906430
17229 176339820
17446 119318481
17481 391509194
17708 1490304
18005 209397870
18042 420717598
18212 660614133
18471 271559760
18513 303541150
18666 178810356
18848 726491570
19034 30137496
19126 181223854
19223 174971160
19252 155617388
19491 647205228
19656 529978281
19794 306099280
19993 23323368
20117 241902549
20369 737659608
20440 353324430
20540 236010915
20687 40235700
20691 628463520
20888 367810948
21162 160726536
21376 26248984
21438 59985279
21729 113899284
21991 555695748
22075 48291950
22145 290798414
22163 386266163
22197 679939491
22474 168725438
22729 53478480
22951 593056500
23131 179762928
23339 238597240
23521 756750120
23585 256976880
23870 107564960
23908 114175200
24013 28527636
24309 284368288
24401 39674412
24535 319646778
24774 898231906
24968 5791086
25024 18257537
25303 38480736
25525 736756342
25642 19592835
25686 36250996
25908 183514500
25920 152168860
26042 816131087
26116 96522714
26342 404616670
26428 299030900
26614 692662450
26645 861728340
26645 231444136
26747 42783720
26913 7975845
27138 77678175
27349 61664200
27472 433503630
27639 118741230
27859 761676048
27934 516987360
27993 278806358
28063 134290816
28288 73537359
28548 201308575
28576 520236112
28776 472251024
29040 820177150
29061 98266540
29288 407021868
29562 113423178
29772 81474702
29822 59017249
29871 170791850
30130 579949341
30233 625224600
30377 8200192
30568 41720040
30762 293062893
30850 95092575
30865 319189515
31081 150727220
31375 14077760
31643 47492640
31900 425723000
32016 502133284
32171 303566720
32338 861396520
32438 96134400
32561 57138400
32768 343741688
32819 31628520
32968 267765168
33015 266064150
33172 296075328
33391 49557633
33478 255680220
33737 405484092
33931 32673728
33932 354400704
34106 988845732
34151 365519754
34321 4857600
34560 142291394
34569 37503416
34670 79986816
34946 224617860
35182 502055050
35462 209661518
35736 335053878
35856 846159136
36032 90894435
36039 432663156
36180 221143960
36371 331334686
36585 286720707
36748 193040988
36848 69767359
37128 77343357
37392 50360256
37550 230244352
37623 319481447
37722 78556530
37855 359939496
37968 127819657
38267 46562013
38554 41163536
38584 19658652
38749 226896228
39030 387124899
39083 11881516
39305 78589121
39468 706592930
39549 313655280
39795 341757920
39938 58573968
40149 392676438
40323 264794112
40523 45079296
40659 167728050
40822 544503288
40919 552354340
41195 76035762
41200 627465138
41200 380110522
41309 7488432
41423 270141912
41695 900358667
41944 602643780
41954 289773771
42028 71417781
42170 333657317
42345 203442964
42393 324314068
42542 137643459
42599 727785512
42644 39643332
42680 806754624
42936 157537670
42943 17499326
43127 12995752
43129 625910838
43330 17213040
43613 253127875
43866 728036220
44065 278772747
44303 470535360
44470 541249536
44656 200850292
44777 347804424
44792 144197632
45054 125858292
45071 218688736
45108 159659586
45218 6968542
45385 65719808
45428 462349886
45717 128605892
45831 151607875
45878 45477696
46091 206473565
46173 236359750
46344 104113680
46446 373657576
46571 106643620
46847 341405270
46934 5520801
47214 526252881
47297 92163696
47485 49866168
47711 885983191
47756 30509980
47937 272601728
48058 543234636
48308 6803190
48345 108617920
48545 566440772
48844 60650304
49027 370288425
49170 105043350
49246 87867346
49530 88652567
49692 215634594
49695 282019347
49825 555109408
50001 510238517
50108 187486908
50340 305534760
50568 137944478
50679 88584813
50874 675187704
51016 615816228
51089 273810992
51377 56292412
51522 215454384
51589 614957994
51707 24938556
51820 224236208
51849 125572189
52142 51811032
52370 353277720
52431 70030008
52698 10562400
52887 790942320
53054 207871441
53250 123752280
53451 687139936
53487 77697087
53514 3709212
53543 709730646
53796 97781085
53874 129276
53944 232379912
53973 26757346
54268 345639763
54451 38276775
54733 34875866
54741 28317952
54959 526649887
55144 102402560
55398 855764455
55622 15785469
55907 385635346
55997 194506720
56115 22763000
56192 291979928
56428 577018197
56599 829730
56650 301062904
56753 226810347
57026 342223975
57043 177885708
57287 26346700
57452 213161498
57570 165008987
57669 10812480
57773 44004168
58047 181408524
58121 110110867
58220 436478960
58468 66294800
58606 88054992
58896 583583618
59064 684937022
59163 105065576
59177 495441892
59474 10437908
59495 26515148
59511 107164680
59742 238416850
59809 81105938
60070 6216378
60277 484068672
60450 601820934
60579 233222510
60605 218031290
60829 607439942
60864 233857792
60987 349982241
61085 162405037
61112 63722540
61330 14374594
61407 140388572
61614 236757708
61669 173552288
61791 158227839
61979 120462848
61997 315324064
62155 198344644
62314 13869788
62317 69000495
62424 130420806
62497 277198559
62513 531202980
62789 935358310
62812 684341418
62953 125246460
63106 950631776
63267 128457344
63441 140951136
63678 459327960
63829 106381440
63844 339690150
64122 11764864
64363 176012397
64520 373598918
64678 426582573
64893 97506288
65060 90162855
65152 457659293
65238 92826412
65355 445273612
65551 682212933
65833 207183355
65913 241685200
65929 94433696
66206 438760427
66296 445091161
66348 33800956
66387 364807279
66601 262747232
66681 16045288
66731 263828028
66906 73927732
67145 230453468
67178 326376400
67204 1244592
67336 377925372
67618 72866360
67770 20679890
67811 385470120
68036 327858148
68313 75941670
68428 433267306
68617 22588529
68685 317995480
68982 265245630
69181 119413103
69338 91606676
69363 152102912
69409 548466699
69659 99068948
69668 52603090
69944 357367856
70160 19044487
70239 131498640
70350 311563880
70613 271125822
70770 184736894
70873 2345760
71031 247698836
71132 274804320
71360 57920265
71447 103254704
71673 884347184
71961 413763569
72075 56934108
72134 834223312
72295 30521304
72301 94610020
72492 55218584
72733 128415456
72773 162675464
73068 188055612
73132 253373120
73243 478543404
73332 280079440
73612 9996536
73699 19892278
73712 167328423
73777 800914681
73860 12380680
74022 430829946
74109 166586546
74390 471926681
74464 127053820
74528 260988700
74713 203377294
74962 22586945
75127 162798750
75132 4582941
75168 81225662
75426 15495564
75487 51151302
75495 6975471
75620 274755554
75747 21602373
75936 305857260
75994 767652689
76202 199672050
76301 2691564
76364 36947930
76408 96738265
76579 574206620
76794 380605352
76961 446044160
77015 754134078
77313 147606120
77497 552200726
77775 126193782
77782 97095825
77788 162655065
77794 736174416
77848 102968748
77952 271441990
78037 446470080
78261 1157274
78485 111187395
78505 28043552
78770 167202371
79064 234056850
79206 218944352
79261 137367511
79430 184759776
79603 407439545
79893 793387621
79927 560408680
80053 331364880
80227 26592512
80386 958879166
80444 228262500
80646 211446735
80849 144196754
80860 591072879
80893 272166100
81079 32841880
81188 123234345
81446 258094652
81708 50035875
81722 541200225
81735 242792968
81744 34864752
81804 214030388
82010 420159740
82066 556224384
82231 412739223
82256 394396787
82394 93542976
82595 423578199
82884 95268040
82964 158371281
83137 226852549
83271 453404732
83344 637145080
83515 58909265
83541 173271118
83699 71497770
83876 720045036
84009 99553125
84060 161597300
84062 438769902
84272 639019838
84508 26927118
84543 515444928
84609 437567766
84712 113866306
84970 77471020
85092 732665289
85278 38073807
85393 329813022
85494 60364303
85760 3219800
85844 356145202
85878 551437176
85941 204166600
86106 41685378
86322 85162500
86535 22058049
86643 5646161
86652 567950776
86825 6505008
87107 137735457
87158 41861820
87348 773748864
87490 257473440
87565 53647230
87780 438291297
87983 949315860
88057 13798026
88215 650716920
88393 500281531
88471 334565760
88707 364950288
88724 497098648
88790 541690435
89000 105083001
89254 71072892
89297 4534828
89559 85708376
89662 227299644
89924 43879428
90211 203840752
90255 370190808
90361 45045868
90503 252972346
90635 101463142
90880 867575988
91107 161172000
91340 438885601
91529 366007252
91757 171978446
91894 264388123
92136 335423385
92198 427743680
92216 43546100
92269 93189039
92446 240925320
92673 963619860
92879 54456480
93147 125350160
93198 227281500
93250 450674692
93335 66685704
93616 596389680
93702 135127512
93959 169580961
94016 19370054
94219 135120960
94253 531833283
94535 119404534
94674 263650148
94819 69542226
94993 252906680
95147 726039060
95171 128535264
95429 305892404
95631 504411278
95659 162499120
95867 46018580
96059 41312500
96138 717856229
96256 400334368
96444 336983466
96448 115475745
96723 355279312
96797 29337470
96975 197922170
97032 362065112
97084 390858376
97194 10399908
97285 467801048
97286 187410664
97441 286933361
97500 969863522
97750 5908926
97772 653984199
97854 654747129
98059 121712292
98336 675419938
98365 240297226
98443 408965700
98596 207639642
98851 129494988
98871 232497432
98948 107050559
98975 24707832
99115 271762272
99166 332341755
99282 495037192
99447 69760740
99687 66795700
99807 196412960
100018 406469052
100278 779178400
100367 374273214
100596 286025401
100777 178199757
101019 20155182
101256 267187390
101373 34938968
101407 862714159
101574 57777214
101689 140241888
101875 21852023
101997 136545768
102061 22939904
102274 104973363
102429 189580680
102505 159298752
102507 362418316
102628 519555927
102710 194262190
103005 241116615
103080 512193780
103338 241507676
103630 521386558
103778 183107736
103797 6378892
103912 438054912
104203 199364095
104239 651749840
104475 47168940
104742 57139746
105033 76100493
105305 388435338
105475 183811812
105598 317225224
105838 295220310
106005 484180401
106178 173615630
106425 355521017
106672 356162625
106879 339729999
106922 213817450
107140 350791772
107255 576059924
107513 128328750
107612 1145152
107701 119271400
107924 447071075
108026 64898312
108213 569063908
108396 326723430
108421 368908211
108481 181764828
108526 178297168
108600 926935512
108749 228135480
108962 26364000
109167 84553621
109367 319019973
109390 451173876
109545 413020505
109790 64827774
109921 527406
109966 418367168
110124 118283256
110229 291573801
110243 60449490
110248 51159680
110361 53747564
110420 888727280
110494 62824072
110736 625747184
110879 49520688
110893 774906143
111189 106430200
111478 709245342
111751 11676204
111794 182111358
111970 965049267
112231 113485017
112381 725120
112446 343321024
112459 436985340
112522 3339666
112811 28227480
112990 470244470
113260 12766930
113363 39196827
113621 257784460
113783 819390982
113827 608921106
114062 805964037
114262 56584872
114345 46765215
114462 55048023
114576 35763574
114662 90341882
114946 397962018
115056 878551772
115156 118653266
115423 167320452
115693 772825988
115985 195143870
116278 445440948
116381 544006464
116536 446770242
116816 364470562
116994 334117710
117073 158466517
117270 9511158
117386 11858393
117681 272808270
117813 282468774
117821 613999934
118113 440523936
118123 170680790
118154 556875144
118226 640189022
118455 285363880
118510 786604182
118661 829282798
118690 34868934
118745 314936635
118965 162307536
119233 84268980
119419 110759688
119672 4000231
119855 21914580
119914 315456345
120110 456615246
120332 371372144
120474 9974318
120724 58508712
121019 149317681
121274 733992
121556 311672252
121854 379461503
122129 252303066
122353 438803222
122585 418472229
122607 159936256
122812 819153360
122970 90577900
123210 296622540
123216 236239578
123499 180417043
123695 123905690
123878 411626423
124119 48319715
124255 544113922
124331 734189154
124562 308809800
124640 328934160
124823 654500033
125092 264204766
125104 672671376
125161 116215668
125305 133772720
125588 94691105
125850 704949062
126047 355220100
126239 725636296
126330 530092532
126383 41913728
126432 343161208
126537 298681278
126698 2586771
126746 209464992
126970 261387997
127115 202934850
127329 294345384
127498 411635280
127622 211834611
127684 463330708
127785 385847388
127989 19285937
128247 413987170
128441 698570099
128469 609588759
128515 71175600
128522 87166654
128622 326187942
128805 663725248
129054 948502290
129235 48763264
129463 7743339
129581 89175255
129634 779958592
129708 248826006
129998 243886760
130021 291826552
130278 373066925
130522 104883392
130647 39895104
130932 167121715
131230 197724744
131319 353935485
131569 297586305
131687 456940576
131870 11808864
132072 397640782
132078 41963796
132305 570922272
132460 92751330
132564 289375710
132640 149541478
132827 418204920
133110 4379616
133233 33438735
133443 215689540
133697 739939074
133928 156785604
134185 383945541
134393 8638572
134623 217067526
134770 792738900
134994 159277760
134997 207322240
135158 61207000
135347 351935
135635 65269047
135914 398402576
135954 194011413
136176 161397182
136305 5287425
136483 279929283
136515 67782858
136664 101856718
136760 85439200
136826 725515023
137010 17479022
137253 156782520
137320 8660225
137613 229690120
137616 190000988
137772 524625012
138027 7590276
138103 328638904
138337 15973692
138434 444246363
138656 17342120
138751 660203206
139019 104150277
139034 121061172
139222 611671996
139241 411494340
139453 217340061
139612 114816534
139629 105682748
139705 313514387
139924 352652008
140038 533613936
140083 517974314
140292 415345211
140368 556750415
140379 444502110
140546 142896035
140746 366022680
140802 26122488
140821 223603010
140893 457452000
141131 180515561
141288 52703035
141456 217625218
141635 4338082
141746 42011945
141759 151107684
141977 17922814
142013 237851102
142051 209960874
142294 73170992
142420 142577047
142550 152347308
142699 331949085
142954 2875910
143134 288429064
143165 391352543
143239 567550112
143506 20754646
143777 382513472
143907 505287564
144028 94396560
144204 47977402
144427 406150400
144451 64945384
144547 554456192
144596 292107390
144658 252664632
144917 182368767
145192 47440068
145368 76773015
145558 692001495
145739 68019330
145769 721469034
145816 77848148
145879 438444836
145993 452415426
146157 581664016
146408 559867196
146664 326191865
146811 524967981
146828 8832739
146882 66738351
147120 122326672
147163 290009282
147265 294001320
147400 67069678
147448 296426400
147671 185112850
147967 112978997
148212 157352062
148277 17916984
148295 116176028
148298 212380440
148374 97709724
148626 264263468
148699 799849050
148940 196453916
149000 4344990
149041 95073622
149201 206637895
149215 3396102
149221 171704544
149481 321278328
149710 15637560
149967 178614839
150211 413974208
150325 264982245
150394 169929448
150477 40225948
150620 260614736
150814 239214400
150834 60758607
151120 364300956
151243 62532183
151505 549912474
151778 234674421
151799 214893855
151815 198238835
151864 142120342
151999 183020250
152225 215598360
152500 815469984
152644 652777281
152730 206536959
152887 25037470
153010 351327185
153090 726074460
153335 835105344
153391 256342224
153575 354169448
153610 55295968
153788 322089320
153954 7551922
154142 244981542
154369 16810488
154491 88934032
154575 658967993
154588 263163771
154826 304595664
154989 696720690
155257 58228152
155299 222361570
155330 98989256
155590 88242520
155858 92339796
155908 226123975
156152 163927210
156377 279095665
156541 322323162
156678 88315071
156935 63982390
156946 105951198
157098 894505640
157259 114674112
157391 42788330
157520 1349162
157636 221049092
157920 219869051
158145 252230905
158339 9960340
158543 583447536
158622 602155768
158646 4469406
158919 30029426
159093 209334325
159216 293735760
159249 690657219
159489 54732875
159579 414646109
159780 489959756
159955 13560935
160152 13611220
160308 272374668
160604 321842180
160777 514662092
160951 46251075
160951 459139800
161193 429205520
161454 71957252
161704 169318218
161899 194848500
161966 105571840
161981 22877830
162008 181637556
162285 325171145
162539 56772639
162588 589331488
162879 809347924
162958 181092095
162978 712196616
163260 179182199
163507 70488290
163572 57993267
163779 974190594
164055 396434465
164317 79883705
164500 44887920
164510 6585137
164571 112734720
164796 145541263
164900 219313276
165198 466774504
165220 207251247
165482 927811610
165557 478795352
165770 54535728
165969 287208608
166240 736852414
166410 528248483
166566 141856296
166644 172335318
166900 230619949
167108 499487142
167175 757836648
167282 16129985
167450 867034872
167572 169182168
167624 81285750
167827 353955460
167935 534567348
168111 609830265
168235 379748320
168282 583120054
168447 166373384
168680 93390884
168761 260073687
168880 68915978
168888 819427248
169024 2024960
169167 684212280
169298 48549708
169361 26651316
169530 333298826
169568 141900960
169633 215938656
169667 221086883
169723 166403274
170019 799280040
170248 140298774
170513 132633456
170558 387822510
170818 647244312
171067 271413570
171171 35403840
171331 51570244
171557 4450017
171817 109633601
171866 203694750
172052 359299560
172113 405083901
172239 102422502
172372 47366976
172644 36217360
172921 171906516
173185 241061346
173431 460804598
173649 8487180
173806 388040902
173875 96816576
174142 229866816
174384 298793611
174592 95153590
174635 361989000
174876 865383442
175054 357681249
175320 399988456
175534 310948875
175711 55128381
175739 184237728
175885 21112560
176045 55485338
176151 508082250
176161 423672315
176259 288422574
176447 225919202
176556 281773644
176601 82731276
176732 39499380
176808 912773026
177034 263316018
177292 139816656
177390 650486760
177532 159734194
177569 211149428
177695 67931199
177857 541769944
178003 162198039
178160 549213236
178304 217711524
178407 29274732
178477 946112736
178657 356562294
178866 769520578
178920 31207150
179016 39145650
179296 644288925
179371 344439965
179481 329804160
179653 21079770
179925 490455729
180080 2865611
180136 25393964
180358 240278637
180372 10895360
180504 109545488
180798 338223218
180896 246231825
181163 189621120
181282 545591000
181543 349427861
181605 81449001
181729 774175664
181962 103814852
182257 48192056
182520 412917020
182633 142554111
182735 249526240
182885 2622699
182900 54028432
183039 184994424
183227 728907010
183389 179377782
183607 198593378
183713 546918057
183857 297287098
183982 227294144
184254 739912672
184429 448080990
184544 281250180
184746 462260500
184976 407313291
185030 201083850
185158 307422209
185237 314530433
185497 476328702
185772 73485552
186031 177875670
186278 45196334
186284 174731580
186387 438031322
186593 620951636
186716 28737605
187014 4834655
187216 295916569
187412 590886110
187571 728978220
187664 678466416
187803 530664192
187897 128029272
188041 388056768
188273 231038660
188568 622123914
188573 87825888
188733 750719469
188770 291203880
188827 297609246
188879 83973960
189072 693690962
189127 228842152
189145 118913424
189152 481874652
189278 479272992
189416 450754800
189431 676726677
189538 13538232
189604 316314200
189826 124270770
190077 191076396
190302 597772760
190441 20644043
190671 57596028
190923 861241244
191016 104513081
191070 572051160
191110 100922415
191402 412301816
191412 114271920
191624 63842480
191652 105786384
191801 8857574
191892 22204305
192101 203101151
192270 135720792
192275 725511618
192344 81022032
192375 226935352
192383 362508060
192517 14877863
192621 224300728
192647 14568228
192850 628232190
192995 22846717
193133 28595043
193270 704000420
193541 257444600
193569 671980640
193854 180665842
194150 42586719
194283 381859610
194321 40983768
194561 425300792
194685 33155766
194830 482503548
194972 133161430
195240 260718500
195490 230859577
195706 46679178
196001 74234743
196057 699964902
196105 888214026
196326 154015836
196521 558803700
196709 116183340
196978 251770894
197113 621323268
197194 23607389
197427 205107140
197715 55880521
197848 590492250
198004 243759480
198209 35462736
198224 268570013
198373 34724475
198462 672249652
198675 115409550
198815 287362560
199072 52190312
199260 2707366
199314 85552000
199554 908426576
199577 212842740
199675 106280650
199711 106073972
199718 300783080
199937 51276060
199991 250944174
200275 290708016
200346 641680572
200445 551153064
200459 161221536
200489 35963770
200601 146111748
200647 292010883
200694 168160272
200833 264065050
200845 338478350
201125 18319230
201233 138515384
201368 7982975
201491 314379540
201732 541382015
201927 372880255
202217 42942960
202370 61608960
202371 76965624
202460 363069969
202679 22595766
202898 535247100
202950 157682650
203193 130585010
203326 154094595
203525 559973910
203787 30807820
203824 518811308
203946 203596028
204045 97025490
204217 33785144
204368 85227390
204461 213188360
204698 319004560
204729 56114388
204950 92597483
205025 69009348
205317 148436534
205522 13717650
205785 8255104
205953 238723632
206070 283388000
206168 690242520
206341 260752326
206636 207534417
206907 781621750
207124 448115470
207168 31891130
207428 205852164
207585 422113720
207624 139411796
207845 104549078
208070 90612324
208300 292899936
208568 32670000
208598 60462332
208713 15003968
208882 571267752
208946 390219535
209168 119058110
209230 130531076
209292 688994790
209412 59396792
209497 59515219
209611 93388946
209806 21305095
210035 240043944
210196 187457855
210216 343677625
210300 203929650
210552 288072798
210675 259917746
210771 9685336
210969 849283888
211188 490695048
211252 137046924
211433 228087378
211679 411180840
211814 525992315
211995 244398018
212177 162996372
212281 1427550
212533 390755664
212795 786524830
213077 260695794
213190 325089272
213331 46939682
213499 7412062
213518 251074448
213592 680090752
213871 337022208
214169 78321595
214432 569907946
214562 14218308
214729 76809362
214925 257541228
215153 218088630
215444 8397424
215530 138383952
215643 189982260
215715 488932725
215983 14944500
215988 50691620
216277 146215013
216556 133545834
216677 730738272
216694 32240520
216836 92325232
216911 131934785
217153 497579060
217418 137043560
217423 94811652
217512 237069335
217517 28980467
217551 31038255
217578 144322362
217869 536781540
217952 345525778
218183 212507640
218348 803062848
218614 146675628
218912 265892138
218914 222685707
219122 8101946
219271 178057772
219323 245443082
219564 177389880
219673 708864156
219691 456522960
219886 383606850
220086 256746747
220279 27257582
220403 363059264
220434 96851930
220668 624689464
220915 359411388
220915 771494778
221170 39730348
221241 41960457
221243 42490800
221423 670276560
221651 459006184
221913 699459906
221946 649499332
222127 236768259
222386 63903595
222609 552440613
222841 940407532
222909 316612656
223079 787504260
223101 288796962
223183 126666448
223223 137584580
223311 130279050
223543 489905728
223643 361713592
223741 26533104
223961 541516560
224055 334326285
224190 189392920
224423 883034630
224695 400105444
224908 614134664
224961 262322688
225176 70174980
225214 625779654
225483 680713040
225583 327831040
225863 32531352
226023 91977372
226160 31146636
226436 215696236
226678 101425170
226798 251360179
227003 25336296
227074 87332364
227095 114208578
227292 274227120
227385 612021583
227519 320909316
227763 537170964
227771 90295366
228025 206395558
228159 654285850
228419 130432400
228472 468549624
228651 1916958
228773 613872957
228968 357323304
228974 50375578
229244 45245960
229251 195220557
229403 109558320
229452 4843308
229455 30493597
229537 510176961
229539 352129491
229608 137214504
229905 431453184
230110 207495925
230344 116505740
230636 137073300
230643 14649210
230644 448304822
230869 498908442
230979 241614684
231115 15964208
231125 107085342
231163 403517033
231307 624068512
231505 87302940
231625 107795975
231725 109550890
232011 65534538
232139 161212688
232424 734385210
232434 231115696
232496 248960000
232618 675703500
232917 133953010
233200 113205914
233226 83089424
233396 238168772
233636 25348428
233924 539110940
234176 191130830
234468 35067042
234575 858313935
234832 281270964
235012 174114930
235206 456144020
235379 36245274
235494 296774550
235560 292900012
235844 619946745
236060 523889600
236071 26807296
236108 188602736
236190 285185420
236484 297879250
236711 5735320
236899 16242823
236959 237422598
237113 428186010
237212 646110810
237407 2013915
237669 248472404
237792 31752000
237864 934851645
237908 499000392
238093 148843233
238311 56360052
238591 60390132
238630 152794862
238778 271975215
238784 188136278
238837 355269684
239032 19257840
239175 409167750
239296 423652320
239463 181156962
239702 497215392
239962 324669825
239994 443552668
240229 17623877
240324 853733556
240570 118137969
240731 161433200
240956 41667738
240975 46022596
241238 811424544
241358 350625024
241607 207358252
241748 276367673
241793 385482944
242090 436155720
242276 171995912
242353 227239680
242526 260967573
242615 12914048
242874 762795032
243036 580846616
243332 11978787
243440 27552125
243462 3678600
243612 576307887
243902 1899495
244063 69347700
244085 22309248
244244 349922432
244331 660065265
244621 110748297
244889 45913335
244978 9666701
245200 346647324
245234 409869558
245243 320472286
245262 763130680
245502 406536606
245519 472877119
245569 698311508
245783 559648810
245906 531849760
246013 375890692
246312 24107496
246558 384236572
246618 232323105
246734 140429060
246954 43439295
247104 80043984
247302 565319784
247412 382798934
247534 453478376
247601 276232824
247828 87258564
248091 198667638
248321 1485777
248432 4153860
248730 119704500
249016 17173520
249056 24017560
249204 276375792
249242 8329150
249358 664596724
249403 7513636
249526 292167351
249789 209915892
250037 454069992
250122 423509615
250128 139973423
250287 336786850
250550 263388672
250657 128159780
250720 20691920
251014 152464742
251038 133424590
251072 233925065
251148 301791378
251265 392691012
251480 114697278
251594 689590443
251837 99967358
252032 245415750
252195 264652536
252266 532927104
252340 28532400
252494 366113315
252779 17962515
253051 62344072
253301 76074632
253371 54365830
253611 46444601
253757 204716004
253823 293815964
253902 73680684
254173 589175028
254407 113796762
254516 3527502
254736 94333572
255033 156658122
255073 313633950
255225 315837585
255522 44322363
255605 111151885
255780 318970110
255961 69953760
256197 1822496
256358 553179855
256604 86041735
256800 179044632
257036 690957024
257334 395200640
257358 72749016
257422 257839992
257640 389622315
257854 55450188
258104 58158226
258232 274048542
258261 580436586
258403 17510200
258598 94942848
258637 145934120
258929 557639922
259172 71150912
259421 389435167
259562 290669400
259728 17398272
260021 33900768
260103 584921666
260330 52727356
260388 40159076
260609 291365580
260895 49484126
261076 40264530
261339 288606816
261472 582660000
261484 72785625
261718 56029430
262015 550173984
262043 695116026
262233 5186736
262497 126473312
262710 304731831
262820 182379444
263045 53426908
263078 234931683
263220 68748960
263405 6698540
263477 455772136
263510 253468112
263623 105957159
263763 818752215
263931 255083362
263960 276888612
264102 100615660
264366 479117718
264422 361009558
264486 30463599
264749 102585747
264977 39997040
265067 276881905
265168 137139372
265333 782142504
265386 318062052
265520 159402168
265564 133395766
265565 20450510
265803 479671640
266025 640191604
266117 93010490
266166 29680212
266354 886201206
266545 33495276
266781 387799872
267029 209359600
267091 2070020
267333 371885990
267579 17693712
267777 46453952
267889 295283370
268001 301454336
268258 205034970
268358 267099976
268579 39808510
268717 588157407
268867 395075850
269054 313184754
269112 458944704
269116 202751308
269172 92592236
269350 2503608
269442 55637195
269448 43309056
269650 92707819
269667 555704127
269839 338652603
270064 624589592
270354 650034252
270486 43076424
270775 519048
270805 61258118
270914 164914581
271139 83131653
271397 508911984
271565 51827645
271863 282100968
271880 44259735
272051 849921792
272329 49574941
272407 365626869
272619 7334712
272640 301049280
272720 259993950
272879 24017880
272914 336039882
273047 49546970
273181 882542500
273457 307900830
273744 337781216
273813 302563360
273910 41653940
274107 7924159
274394 348070276
274525 381412134
274782 131375767
275026 211183440
275113 32246810
275328 125180432
275331 117108693
275458 246376134
275704 5317312
275991 745923535
275999 177988503
276146 121102960
276421 465801820
276662 3214848
276872 530450778
277064 311250438
277168 688677000
277456 184768502
277678 691583283
277828 69862962
277959 453145200
278017 83740833
278098 6920512
278395 282111768
278558 198326646
278712 351382799
278715 494696125
278975 450153930
279196 666087260
279221 34666866
279427 467413218
279622 251875960
279668 1776740
279703 257029800
279894 508485582
280147 280049796
280176 108583784
280244 158682159
280415 465952795
280674 100644271
280822 118209158
280917 365961128
281124 375625682
281238 369704082
281451 340136517
281708 97784488
281708 185370216
281968 241763220
282033 6782160
282134 615893586
282243 32667725
282537 184541217
282728 95490945
282815 406636318
283072 297869824
283325 352794050
283363 426721758
283369 758317164
283643 114621745
283873 330195660
284040 115656918
284083 190278548
284114 45208150
284168 225062504
284384 37718856
284611 186704240
284681 174463308
284779 13168113
284975 579016930
285216 251781264
285385 186547158
285434 78834597
285713 691650856
285998 269219412
286130 281547467
286326 31343935
286499 373204395
286550 363942635
286609 164791980
286709 759635111
286774 354061124
286876 244495518
286904 144145064
286922 701181468
287046 103426689
287172 375177663
287284 439863225
287492 5111073
287550 27887104
287558 1342055
287613 4000500
287710 71925350
287930 234928692
288189 9787167
288230 31406202
288235 104026608
288530 90010485
288598 125012646
288733 61162985
288763 303588153
288792 57137250
288921 390541838
289059 4845546
289118 927220373
289304 901223451
289533 73440458
289799 436805837
290090 79524160
290371 43331444
290521 159365052
290791 289804469
291068 151771650
291110 13362678
291362 171166863
291440 133599213
291486 283269490
291532 351006635
291613 844537200
291831 163611920
291965 171658656
292154 519295248
292307 43614530
292448 260541813
292526 739125
292594 785457
292821 152953596
293025 96853910
293234 390518832
293394 645172080
293579 188188641
293827 86252100
293902 58717502
293961 889387722
294106 342404700
294220 744652025
294395 565531421
294419 94275602
294523 863750807
294769 87019062
294978 191246661
294997 333047890
295267 162235008
295381 194202140
295627 150257016
295900 137297264
296150 300557796
296194 1246536
296235 454384677
296404 627438822
296512 77088132
296790 155379320
296856 290972128
296965 345994713
297233 323509612
297374 729372060
297616 60878277
297672 239256402
297961 157202060
298045 348594861
298267 252933050
298495 52659054
298773 684839162
299054 28830052
299325 211456896
299530 251899610
299554 68697972
299718 222991670
299864 20372544
299891 614201484
300180 236990442
300432 121516677
300532 112317530
300661 56471324
300672 62168520
300715 21624798
300776 101169479
300823 430264450
300919 568238640
301077 46501410
301293 44437932
301318 28734586
301467 306066078
301495 28019775
301697 164025536
301866 369607030
301883 450865170
301993 337791744
302120 135751995
302306 190220422
302578 67212859
302589 3018684
302813 201879402
303066 220893662
303249 5261240
303543 238447771
303578 86194206
303695 337185576
303981 221652263
304042 762033
304126 186468320
304424 334519242
304524 145295397
304575 516154528
304708 134503425
304750 732517513
304780 79882760
304980 553308976
305048 49103752
305302 94242692
305529 82835136
305564 10827740
305656 721071450
305731 412002276
305737 145408617
305738 410525064
305870 4341632
306095 23099993
306263 73042554
306352 5221216
306541 139000022
306624 205320900
306716 109197453
307000 17351867
307227 534968432
307228 461404100
307401 33530098
307459 45980506
307622 116920998
307652 550937785
307924 41502930
308092 448227108
308353 87391095
308566 70316060
308756 172620448
308943 176021275
308958 44930631
309035 138476940
309069 97638650
309271 274181830
309379 342701712
309443 244930818
309661 851970184
309933 43316523
310103 149074889
310200 428216013
310326 233482080
310459 662484928
310736 711893672
311013 4651452
311071 719313868
311336 563251424
311366 38815700
311433 263860500
311651 331271345
311816 61185500
311986 184507632
312061 504195394
312252 3271592
312413 5693677
312572 70850780
312576 189842774
312585 156641340
312839 212655225
313047 35829261
313238 119101348
313384 526835673
313645 544486650
313717 24487856
313933 582126408
314217 6975270
314241 366305940
314394 469994868
314546 58418153
314791 633621008
314807 15014520
314868 469236825
315000 765001320
315214 17436438
315401 124668306
315418 296279244
315546 12078495
315672 721124262
315951 420278881
316007 435073800
316018 431910736
316119 8052498
316133 184251102
316288 8698725
316406 436534320
316452 57904557
316660 130969683
316735 235243554
316957 37624716
316966 402270142
317016 172556850
317206 3456420
317432 669522048
317560 390582240
317677 157477833
317775 727248368
317969 154698180
318195 269884092
318442 228927100
318641 96020393
318739 510400912
318896 125761019
319056 35949710
319180 9864051
319457 57170400
319681 22570305
319845 532640049
320141 95553276
320401 696484698
320586 51695960
320601 7633031
320694 79000645
320739 380957280
320757 231340485
321050 7961010
321258 286563180
321410 480624742
321499 816957180
321750 26111704
321756 117044301
321918 15550852
321958 156287086
322111 117771639
322306 401585750
322323 33500790
322619 758628776
322733 132602149
323007 354265340
323246 299329824
323408 777065618
323486 192388813
323491 237956250
323648 36794912
323681 38176484
323732 11791780
323922 8778856
324072 251911244
324275 122170356
324466 8169730
324747 450797061
325008 163785452
325053 24849972
325061 9030945
325232 949145484
325291 25992320
325418 329460488
325477 344925855
325531 99831424
325667 578961234
325671 367149483
325764 33099647
325790 521117272
326045 301250780
326332 151772439
326527 382373250
326570 40663320
326675 49203160
326858 36839100
326923 795465580
327079 438998729
327278 510907432
327458 140607334
327552 696554600
327645 271909950
327708 342287785
327905 148052916
327951 183548018
327991 34429374
328156 281655056
328300 44264168
328401 787684576
328574 389207588
328695 1044480
328720 285145728
328830 99865087
329100 396233966
329299 217718150
329309 2077536
329515 132365077
329760 370938480
330030 274829340
330241 118719146
330392 154262648
330613 37455864
330703 680320974
330960 325743708
330963 152972310
331141 72300993
331345 280703850
331469 145304604
331495 110708928
331671 268550802
331689 614142976
331707 70057344
331942 136428252
332087 10087708
332202 122029248
332371 259722782
332460 149107662
332694 47126060
332882 193635984
333179 136245411
333400 212949453
333432 20703663
333477 534577020
333519 175998784
333541 373593600
333821 56415996
333824 211816055
333991 172725120
334149 95180904
334441 354445410
334467 24135585
334670 213730368
334894 242500090
335113 376098912
335294 185209398
335468 139784372
335574 526685887
335782 43472133
335985 85621026
336073 24276014
336313 431779446
336495 281357958
336655 462704902
336693 862948151
336769 57634878
337007 585009320
337068 865309201
337110 294490116
337381 294295647
337653 373010172
337866 474952720
338031 601896200
338275 30416
338489 196377555
338762 51953664
338848 362997394
339040 778580200
339308 798471893
339338 148565142
339554 149260425
339825 172475408
339830 200986240
340118 187779228
340257 118577062
340286 376116416
340416 474629120
340481 360239712
340668 17210115
340763 183602244
341031 537181110
341193 352388802
341411 163185984
341474 64882951
341635 323271164
341785 88139632
342037 370893205
342191 58377956
342335 705670433
342620 25768882
342867 172518768
342964 29034167
343165 426961920
343452 342890067
343488 588495600
343518 153502860
343785 21921900
344074 176816920
344257 107609472
344409 236177379
344522 838439508
344653 295188960
344752 88627500
344784 19785753
344802 153229311
345046 264371970
345197 795140925
345226 280477525
345467 329060589
345537 768193800
345796 150173016
345895 535647080
345950 645947988
346072 169372963
346294 837549335
346562 404424048
346680 2134080
346778 43960482
346936 735460048
347112 374720543
347274 151441944
347485 123618924
347666 238428268
347756 123650076
347871 643024790
348057 269432966
348276 211617360
348414 583500335
348517 278602098
348567 177631926
348863 28099812
349043 115071066
349083 101623328
349299 781366740
349307 268990371
349536 1205988
349832 10954944
350054 342003786
350194 199433130
350267 894595240
350482 231345540
350599 67689360
350741 950037165
350814 116632494
351111 308525129
351200 17940750
351416 219843936
351527 216550188
351724 159867675
351733 80857501
351843 41835068
351986 16761855
352208 154646698
352215 8844556
352229 119465360
352416 214341440
352632 67061160
352770 2712068
352979 8526675
353171 151877691
353332 159723725
353450 535002125
353640 890778780
353883 195525213
353900 486224043
353984 580219240
354205 90898470
354320 149532222
354519 427173777
354613 300365253
354753 247366880
355006 722189831
355067 55504414
355247 26676730
355388 9999546
355598 71968689
355776 276676545
355924 121314163
356173 418973361
356232 190737960
356490 242468918
356502 77614900
356517 731439632
356643 356613000
356821 104299580
356835 28515344
356852 234107076
356995 367428152
357080 390936480
357247 286031358
357369 516770304
357451 38893188
357525 11514399
357624 161657301
357655 158187464
357670 421001760
357862 209610032
358053 15306280
358125 128505988
358135 7593628
358213 9836340
358282 53289290
358376 729285040
358460 810445975
358727 68537777
359019 134840706
359134 542088480
359200 137624960
359413 50772280
359573 90132072
359681 426752564
359782 214859106
359783 113392608
359840 302075824
360038 263813237
360064 265540314
360179 8551712
360389 299147940
360420 322211574
360447 88028172
360665 848727456
360881 875102319
361072 139102186
361302 78302610
361508 647801388
361779 266739512
362073 425860020
362197 41547168
362353 53501398
362638 428390872
362750 51608115
362879 245157276
362930 38718132
363195 190289940
363338 191024184
363361 11119944
363594 60685920
363672 160139655
363780 127595485
363840 272400520
364020 130046750
364108 53408738
364289 428114885
364293 428044278
364402 123344442
364624 92515500
364726 306199630
364868 244200136
364981 63523510
365033 23145224
365167 190677600
365290 310975079
365573 76283027
365697 77680716
365736 151482604
365792 319371780
365973 101199000
366093 116027414
366145 273337842
366292 56864340
366438 910990080
366540 32142810
366786 69106550
366811 235205993
366835 334253808
366910 362649360
367179 153201878
367360 284361176
367526 949846635
367778 284106568
367963 49890375
368076 190226410
368157 71938900
368428 610389960
368493 149814270
368546 195999260
368753 176516915
368858 269507482
369153 498729140
369196 33412584
369375 575542119
369444 325160320
369653 95937990
369751 44294252
370014 491274423
370162 437388255
370400 444381444
370449 944978595
370532 18089928
370773 623849304
370989 162965550
371233 589125900
371376 477517725
371614 566018512
371614 155573500
371659 72552468
371765 211141282
372029 26499566
372316 171183955
372399 61138035
372623 185928565
372643 57457222
372772 438552723
372852 161788056
373069 15596295
373160 170140472
373279 517993358
373359 107279163
373458 311814206
373722 208764536
373983 9545613
374076 87564008
374191 678798666
374386 104898031
374458 131179988
374458 51300108
374645 735320565
374718 385049742
374735 11948055
374959 50148643
375250 139078602
375479 661432362
375513 142925696
375799 195644365
375872 333166790
376018 421826803
376103 5787960
376141 462761226
376434 325269126
376604 554516040
376686 437751133
376754 641158100
376827 258140340
377104 361197760
377380 426924927
377489 562118145
377637 35976530
377772 624016375
377983 481905892
378183 270614370
378416 90039570
378430 122285640
378535 178838202
378690 53509126
378841 147632499
378917 709113520
378961 112375496
379123 510102240
379250 68594512
379357 164622555
379411 29632096
379481 215384095
379763 1208952
379861 260995050
379883 52445126
380081 171412416
380221 110622732
380289 39027366
380355 484887029
380538 752147680
380787 166462545
380830 522671578
381007 35794440
381100 24190656
381290 102436142
381301 397267788
381588 6341018
381778 393166600
381808 526897600
382071 42454993
382145 259305240
382222 128511616
382491 336904386
382582 8561852
382832 791634360
382958 365984475
382970 222218464
383096 110802128
383212 114585075
383212 237056721
383479 142016784
383693 301353159
383981 172080965
384016 17337999
384172 229905984
384231 39170140
384300 32951502
384584 19204272
384878 46838330
384883 683199910
385044 64747968
385137 226366460
385330 63991170
385399 909414310
385663 792691536
385693 954171320
385724 244963433
385953 147463920
386189 13148044
386422 578870780
386668 643679925
386779 181997662
387062 415921804
387186 481088718
387232 135503647
387290 59349073
387299 374081838
387300 795545744
387318 128542216
387325 705807432
387373 480525822
387446 712918000
387613 241472990
387632 148740589
387732 481031280
387934 63157820
388215 12574708
388451 84699604
388581 143363115
388880 664579457
389009 41458648
389090 530215389
389163 116558217
389243 612458463
389422 515878956
389432 126209160
389603 686786331
389869 101679435
390000 51170880
390169 149564897
390323 550228416
390613 478156215
390686 110608668
390909 394167865
390987 42440517
391192 216095904
391338 603218588
391407 27094452
391551 4048491
391592 817169889
391709 683982024
391859 1117116
391895 795141204
392057 84796800
392059 373597202
392091 137259940
392091 126853465
392343 676852218
392356 353264652
392381 152502558
392583 301487860
392662 198300480
392945 369806100
393190 47067445
393316 160119920
393435 635551484
393552 341732919
393621 109791356
393852 69113995
393989 58140342
394093 231326928
394115 4381244
394405 114018408
394647 487692884
394834 246434227
395113 93794000
395285 221842432
395480 63977307
395511 272445470
395678 137834697
395919 347136490
395992 297967599
396177 105765330
396368 256412908
396549 57965524
396676 582839373
396766 59572508
396825 527770971
396972 511695819
397004 173430965
397111 625657380
397373 284332137
397517 534196440
397794 428504748
398000 356710788
398267 290575375
398332 388956392
398387 24369464
398467 393166735
398721 19674752
398964 250450860
398993 223790931
399129 171814272
399397 14716926
399579 252765180
399648 65439506
399736 202340505
399975 38865928
400119 670564032
400142 416897523
400348 339518700
400500 186817014
400704 216779200
400758 16566450
400783 99204282
400828 792222530
401014 92294928
401125 255490785
401150 405907599
401408 442255550
401693 122229616
401948 811936755
402093 257894208
402152 630058528
402444 76195272
402637 279161344
402864 496218008
402909 227315000
402930 111153378
403225 292891773
403428 833310848
403477 435174926
403592 102045720
403667 582316449
403867 137790520
404150 835259715
404367 42971040
404381 187997000
404553 396466272
404652 40488228
404866 20044144
405163 69441175
405318 585304896
405402 324822848
405589 249825840
405601 252787732
405871 186233562
405905 680501112
406029 130428756
406067 214755492
406251 144644876
406402 13599144
406485 306560564
406717 222245040
406854 99778044
406986 126603568
407232 79117440
407310 256613120
407427 955380840
407693 19574064
407867 158053824
408015 15506322
408131 526056531
408209 322833015
408361 74531250
408487 319319000
408527 155170948
408723 66495666
408994 6099192
409252 64269680
409415 858227940
409714 353784366
409716 66342042
409824 295072371
409897 204032359
410141 78629060
410209 200309268
410475 112999147
410523 325197417
410708 429619320
410978 195364280
411095 145586238
411114 132464220
411259 45795264
411551 172483080
411759 638642550
411947 106234233
412157 876824256
412404 202081140
412601 197756360
412731 434386800
412768 139595024
412865 23674464
412882 333580290
413127 631670688
413132 285857242
413365 63854427
413445 20727404
413460 388205368
413553 366316056
413562 430757082
413838 67739999
413918 46078800
414169 39049307
414170 72505888
414298 103539141
414500 231649485
414770 420837995
414949 267441070
414958 208826078
415105 69722268
415203 927975671
415407 166031544
415579 235139076
415804 633965400
415975 73412010
416160 35475554
416387 79799006
416485 134105791
416540 385199600
416678 446946654
416943 532094664
417203 202814436
417267 620972828
417480 10439712
417723 592253092
417731 16464294
417969 143916850
418207 488962056
418424 541360325
418587 501247424
418774 61439563
418884 7019740
419061 98140737
419165 181564590
419373 80622760
419407 133918155
419657 110765670
419881 87469418
420040 136545696
420106 189240192
420398 505346800
420480 362793000
420598 74403732
420772 315690938
420946 107168635
421194 133702440
421317 109562022
421569 287148976
421797 245308903
421923 263103918
422167 394712448
422230 103399659
422309 170558076
422557 106780296
422695 57227144
422857 34368560
423087 95602228
423238 333253544
423491 555696774
423743 92704014
424013 83064748
424275 60945808
424421 856928644
424699 57207493
424935 525670663
424978 240330760
425106 164340220
425276 267369528
425518 386615736
425590 293459850
425757 283024845
425956 558537009
425960 192198585
426227 461456184
426318 157502412
426351 62227650
426363 6907320
426401 86064132
426513 50954670
426620 385860648
426640 763811345
426706 155385142
426828 42102663
426898 16426830
426916 497698173
427162 372367008
427201 10896698
427310 6980701
427555 408426276
427705 160142192
427811 607494168
427937 21453660
428220 48532175
428493 432495880
428624 190033074
428658 217051289
428752 96294998
428753 153702400
428802 105279480
429074 192839913
429365 449704930
429551 44201080
429722 175524874
429792 275536800
429956 199715220
430096 34474971
430106 56202288
430174 625443904
430427 8138020
430687 811103202
430965 147636508
431179 195976782
431221 240560404
431485 61599240
431628 412100360
431876 155371401
431887 56513961
432173 141469680
432416 526503100
432585 91678510
432845 13211546
432856 162952566
433045 189964644
433097 176810325
433380 20597072
433580 26970720
433704 188056050
433889 178403456
433912 27013365
434153 147472800
434330 13538800
434506 70128695
434776 520813033
434993 175149304
435230 276451380
435347 189094128
435604 208200825
435806 41663043
435845 631743125
436085 118446686
436239 34351604
436333 689118300
436414 260334108
436637 212597280
436872 6513842
436941 74842655
436978 645377436
437159 8649432
437361 229376550
437436 801462
437614 26162825
437724 235193679
437732 12987032
437928 11759880
438067 237346109
438289 243592866
438503 509084424
438662 353605105
438761 470975696
438888 902877948
438982 284935914
439107 506907336
439401 422823200
439459 696773285
439685 272803530
439984 170317576
440079 24230602
440185 290822385
440351 25664000
440400 29959546
440683 342421188
440890 137073195
440937 685544238
441160 284313100
441301 130382376
441341 685361248
441475 26936910
441760 159043503
441966 599889223
442261 206385408
442543 60315864
442742 278159178
442942 19555368
443030 505940602
443319 215945425
443354 38777669
443648 640898956
443849 499732224
444087 234502182
444329 478318375
444383 733735104
444424 57147995
444535 7477416
444674 28247464
444764 647967830
445023 22081440
445119 26245204
445125 321910740
445417 298467222
445633 398892200
445809 125729478
445982 599512480
446234 17020010
446369 15698720
446452 739940928
446669 17333380
446671 12563572
446927 43278488
447203 128274744
447318 538109500
447578 19339200
447630 357632730
447790 155889198
447914 566863836
448035 3949584
448179 481086060
448381 811412837
448527 70701672
448699 233583400
448852 8035885
449077 30177470
449265 568513190
449476 1503644
449602 71690780
449813 201188559
449913 380236122
450176 27265563
450270 97849596
450465 103306468
450556 846054396
450691 572961555
450807 4273020
450906 819024674
451095 59452800
451231 84341805
451391 782717845
451517 217265752
451735 18362162
451899 327470890
452047 22410276
452280 4522338
452337 108146520
452587 30120568
452834 517685259
452929 216973444
452988 475329140
453097 244670783
453338 741058927
453350 446124336
453596 26511057
453859 205701930
453907 510050576
453910 78071808
453924 11003886
454073 651417368
454211 6782490
454473 136281072
454525 596667921
454541 558449311
454716 54005468
454804 275050755
454858 318217812
454980 579783018
455140 2998620
455190 134600567
455472 275401144
455629 464820712
455745 485037840
455906 149810661
456021 58071638
456141 11676925
456188 453051588
456424 94924384
456425 445353063
456457 96182110
456742 480134781
456966 154430598
457057 17695212
457281 37869840
457441 256142021
457456 156936383
457502 75389220
457699 694209043
457723 345168105
457764 773266492
457912 75787200
458084 100366233
458333 145584296
458565 118479810
458764 292539424
458989 329401584
459080 609799960
459371 772606642
459574 10428777
459750 449981521
459808 26641510
459918 194425620
460143 224770320
460228 713228202
460273 660576553
460389 113082970
460665 32081742
460913 183552820
461082 7832282
461235 318598455
461235 897690168
461441 10118505
461473 804464876
461511 261865770
461565 106748538
461616 175483220
461683 20690073
461757 361078140
461777 202132014
461821 563614970
461845 51561128
462075 18514818
462237 383655601
462508 199944745
462696 106683104
462815 865431498
463091 106481760
463337 847571760
463366 290504242
463565 713435302
463594 321675486
463735 60245010
463805 223144932
463827 820214637
464046 973615910
464340 256041378
464599 23562532
464637 588301712
464850 268800855
465139 195084659
465289 347291280
465338 480762880
465440 187966438
465484 819803145
465782 685168296
465888 73832161
466010 688257050
466138 9817830
466223 419534697
466472 18574176
466506 7889758
466624 6067059
466684 37327524
466791 124468944
466899 158970456
467067 903424544
467301 200999655
467559 160568725
467603 56222343
467838 183624622
467919 84916989
468176 899847468
468405 133525050
468526 6211520
468537 49328009
468836 368833704
468867 319257464
469001 352439332
469237 72609488
469293 237716150
469374 240537277
469414 477260299
469497 6945806
469789 432129628
470071 167856
470261 370369920
470352 266388324
470635 108620568
470824 480551197
471113 7354710
471232 95974758
471401 596026398
471450 587271722
471452 47052579
471733 659997580
471825 201778466
471838 403691028
471872 79543236
471892 10310109
471935 302518554
472162 87723855
472354 795593904
472529 151794692
472821 378992240
472837 10091250
473044 432587966
473089 191806542
473305 53461650
473325 709609956
473417 18168828
473611 274257543
473825 16885240
473975 506503296
474062 100673970
474237 441123930
474346 25429632
474424 171289755
474424 644563407
474450 146146160
474520 91074390
474737 550665792
474925 157270158
475024 267622256
475050 31085083
475139 113176777
475163 100368398
475233 211777680
475385 403478926
475539 488550916
475744 663101626
475977 72359730
476216 139054275
476425 27415164
476618 6616760
476762 17292330
476879 705682257
477022 172586880
477176 467293985
477204 364788486
477254 137014815
477427 125471750
477627 8018
477811 175260789
477982 320945427
478180 860484352
478356 656310210
478479 783932928
478576 590899250
478864 63324597
479066 239176212
479185 372277952
479404 492129956
479523 1043596
479662 81021490
479798 299378534
479909 188928453
480015 111776631
480030 446204310
480245 464392080
480417 137571020
480696 206230752
480897 289313343
481074 234118200
481215 403063250
481417 375163287
481467 64104214
481654 70105320
481741 143446125
482022 59453240
482321 287152776
482322 417845793
482363 312776016
482634 180080690
482860 476225505
483091 650623575
483126 224118715
483408 561419536
483513 53402160
483523 91811628
483575 256665830
483648 437498325
483776 41477736
483930 256469824
484059 3679056
484209 545097686
484253 983115140
484451 645353856
484600 429468662
484880 115339476
485065 35525784
485274 53989362
485525 98140872
485581 78762028
485752 78443512
485964 52751244
486241 411882273
486423 299558952
486510 169192752
486687 143804052
486834 127175364
486975 153554720
487086 318751092
487341 12184056
487637 13754292
487931 71415201
488081 1860255
488275 17490060
488474 224879410
488648 381691760
488652 94497519
488756 417730140
488857 118523756
488878 336760610
489100 696424480
489124 267751640
489373 634901715
489521 135810837
489686 179881473
489824 391054257
489952 279790508
490070 152422101
490151 467730945
490430 635996392
490604 259738886
490893 544113843
491142 24782160
491193 543298294
491202 238044848
491418 385599812
491550 635342408
491671 638383449
491856 139337166
491866 21952918
491976 207493110
492014 78313040
492234 201028456
492480 230730577
492536 438378696
492537 109773696
492772 257956182
492857 73332160
493077 12429840
493238 493290068
493506 127770387
493554 542848896
493687 19598922
493771 171681612
493949 291789234
494172 63890964
494225 637281945
494488 22215388
494759 59363490
494948 27714480
495108 226941324
495161 652718660
495430 767305484
495563 519216
495563 187259368
495656 629811582
495882 239992118
495951 1503480
495973 86964282
496068 217733604
496208 63078327
496469 18196783
496713 278473686
496996 780830604
497048 191732832
497175 83345560
497211 323499
497295 6798946
497593 74870133
497701 125378496
497794 64847614
497984 98841960
498198 152361160
498496 231273096
498747 428117190
498945 560409304
499074 69352337
499074 768802687
499290 46378150
499387 348912903
499485 278313124
499710 175540113
499858 277503856
500094 65881014
500177 1827793
500263 4683030
500371 47454928
500393 232642544
500448 201259520
500481 81123768
500680 85162530
500827 12752040
500928 108519186
500998 7139000
501148 173351586
501356 203910784
501517 568876440
501613 130882320
501735 5066640
501915 183526560
502008 387309880
502224 84077752
502510 338868394
502796 53965856
502959 214769374
503037 351092670
503210 21311206
503508 52021095
503574 137826589
503621 87595018
503775 123432640
503995 857419293
504125 949645593
504175 63625792
504325 496539426
504520 438229298
504732 59917700
504954 415494375
504972 227810436
505183 45938184
505469 852728067
505497 367260894
505646 576062916
505740 210173180
505811 25503604
506076 493214489
506098 453811680
506286 31113780
506536 93322730
506682 344021911
506940 42899277
507032 444292454
507239 919042845
507458 411311336
507615 325110172
507744 38436024
507882 106973034
508103 585317293
508207 57577538
508360 630059458
508392 583826348
508604 80126739
508858 570113523
508891 352575090
509142 74800912
509294 645910482
509572 55705464
509742 511710750
509943 130549080
510073 523628924
510365 162127794
510516 278908857
510623 55015944
510756 341584884
511018 239471472
511041 972240
511244 490500162
511490 110289204
511604 21848400
511848 17556480
511904 648719002
512197 591477040
512418 724622024
512614 762940359
512791 816432840
513037 310148400
513286 358178600
513510 494412471
513570 269532198
513761 670824375
513783 352451718
513818 653776955
514105 618917988
514123 777413700
514157 363858975
514176 676696371
514456 846773412
514734 193776996
514814 56814180
515052 633954
515230 203659390
515339 229074351
515431 86119875
515549 581931064
515556 1866528
515818 21191422
516022 15754284
516045 127876550
516077 42275760
516105 814340677
516237 253332144
516263 121804298
516305 97549375
516322 860730190
516523 79428420
516628 112087120
516847 125725613
517015 375249668
517113 366459840
517335 26645283
517351 415245690
517495 350598204
517508 554089980
517790 113577758
517898 254396470
518037 125492574
518235 124192526
518454 326249128
518552 11836825
518725 171249736
519010 67520908
519156 741828396
519206 324309440
519207 197619114
519503 31576824
519516 457785720
519558 216349806
519607 552672171
519756 48428160
519908 114067596
520051 464246254
520188 8178632
520466 441180871
520663 42358030
520740 42530835
520830 221176067
520889 349083933
520987 141538824
521055 50230307
521190 17293549
521455 22604592
521686 2225551
521949 505081265
522113 502787410
522185 497720308
522193 368327260
522448 437649310
522633 133556782
522705 8183439
522961 97061724
523217 42385776
523259 3569276
523414 620048461
523424 331646752
523434 117190665
523530 151008460
523708 72085756
523859 646626252
523886 696338182
524049 19514601
524292 767063960
524368 196488380
524667 570653050
524810 592650732
525084 574507322
525326 8062976
525619 282806940
525902 32875700
526002 658021762
526062 444838592
526066 31557040
526239 44033434
526239 687380820
526318 278925714
526535 32302581
526701 38959428
526863 817285217
527123 58177258
527190 764231813
527275 107364764
527284 260660356
527358 42716480
527593 220944750
527607 269795394
527839 651586000
527853 535101030
527951 690873525
528178 238998715
528443 552687408
528547 95097581
528698 583099752
528726 32306596
528899 89832840
528958 419568136
529111 180025625
529305 24173892
529507 98924760
529606 466192216
529859 535165917
529885 649011447
530083 362675477
530160 617880
530357 92210438
530412 151351290
530456 216056696
530671 105646356
530800 49480722
530823 101999718
530984 72941841
531107 4301216
531340 349414884
531383 924068908
531636 520317470
531709 595696445
531923 355334572
532211 5793600
532373 206188872
532456 82099944
532492 78034620
532530 593031343
532742 63002496
532902 248596334
533031 347132240
533266 274984720
533433 76361340
533536 173438226
533601 143266012
533785 64121576
533886 94718715
534013 589088043
534167 202480608
534176 391790496
534415 159586140
534558 18842460
534646 58384275
534911 371002492
534972 137902056
534974 42598719
535025 319848750
535132 88224000
535180 393058360
535427 267917145
535487 191170800
535493 264180852
535629 69416389
535867 181927772
536041 24917340
536292 0
536359 43494416
536499 566577140
536662 44678264
536847 185352024
536976 33150753
536976 771908550
537122 967419612
537256 65197800
537349 62906283
537563 168381227
537681 338540775
537933 80322462
538232 2496134
538467 561027765
538690 371956060
538943 213647662
538989 129740102
539170 34543293
539382 264529650
539581 55862793
539857 959255568
539922 13211859
540087 69510375
540301 379265346
540316 161915879
540510 36787762
540511 138788481
540683 544192568
540834 147630416
541038 161122790
541329 319679451
541515 199277890
541589 143606150
541671 475231400
541704 34631684
541708 528789382
541859 5685225
542110 72437788
542160 251680086
542263 122247957
542526 639679404
542593 49697154
542798 193784991
543011 1392416
543059 396924364
543348 150748960
543469 512720604
543574 320731152
543692 83102418
543916 102839382
544194 740726560
544254 73886632
544553 212774445
544660 174902
544944 507750851
545080 421238818
545302 25720204
545590 326060400
545850 165676730
545893 192177664
546137 387923648
546201 86763222
546277 4555224
546283 778472
546370 38088799
546377 766282000
546560 628204720
546730 434279944
546764 149871260
546894 71385141
546982 165197700
546997 158583426
547054 118317936
547061 586743850
547166 313854440
547394 134729640
547454 43755624
547558 127917983
547601 904559630
547644 61407472
547873 219629880
547944 432883890
547957 48219290
548026 187000940
548030 361749000
548318 525341200
548509 21630168
548769 281027748
548910 238362410
549202 123299010
549258 248255064
549394 54169152
549583 56794573
549743 87922272
549949 203055336
550100 197177944
550213 262200660
550462 216063858
550626 75233484
550871 246189453
551101 13845616
551241 821760348
551413 386663112
551451 2875080
551718 571774875
551767 310915176
551978 93775260
552083 53538570
552218 13609440
552238 295792300
552252 381175008
552353 360782370
552511 114712776
552701 59583348
552996 428787510
553187 713349516
553268 275132352
553456 47938386
553519 231205225
553523 150068538
553771 197262926
553945 109521177
554066 266691024
554245 74600668
554493 232686342
554683 51339000
554871 386572653
554960 52755441
555198 262417015
555478 133504512
555755 547533688
556050 411652298
556193 111823107
556330 102995182
556413 190682244
556681 218149119
556738 865684197
556947 52638839
557245 290014222
557337 212466217
557534 226636655
557592 155556283
557750 18932900
557898 1310685
558055 162841380
558313 547766475
558461 17238312
558757 226306674
558809 227652687
559049 704790128
559096 153974467
559238 244851100
559434 575488768
559568 3028680
559677 117054168
559824 434973852
559831 305749570
560069 6046272
560232 72472308
560415 444484808
560532 102501126
560538 99767982
560675 17842005
560807 289860025
560844 272515880
561141 151275716
561306 379167831
561502 434225352
561601 307795805
561612 578904546
561903 294054824
561987 82325476
562117 168865879
562346 182124945
562376 206046544
562520 1762433
562610 2276057
562655 698769702
562736 318006675
562940 218703849
562963 125800610
563026 193443704
563179 143991228
563426 619194015
563669 258014549
563850 27124752
563899 764089056
563989 350129299
564034 581666436
564072 546582334
564210 224742222
564501 81772662
564651 125300617
564792 21604569
565037 79249968
565087 40241131
565088 45835272
565237 269885385
565498 789867693
565506 769554800
565679 314841652
565723 180055452
565821 99039231
565912 173649280
566182 80173413
566379 77835072
566402 145707055
566611 557280
566700 227615906
566870 71854792
567020 271073880
567033 37284296
567329 593365806
567458 223519190
567747 199380480
567798 424263185
567952 208316784
567974 472960924
568166 28830612
568236 872733006
568497 333054020
568513 900543648
568763 449751978
568794 326866474
568803 3290532
569068 493875090
569116 886750178
569268 109322850
569513 838612159
569721 525802940
569901 233583624
569919 35740354
570083 317841940
570118 32332742
570124 608671260
570219 264137760
570436 949143280
570479 40468906
570699 248092125
570926 1823464
571192 333327428
571402 294987588
571428 169538244
571561 525743848
571587 35356286
571850 23267279
572083 775466576
572332 281659570
572469 428469498
572638 979391501
572738 406447200
572934 170380288
573151 14385
573262 22608712
573533 62123646
573753 110310875
573891 41059608
573983 35028075
574026 402999630
574311 350241704
574381 503809956
574423 288546888
574621 331419264
574888 627606434
575054 58704000
575271 118001877
575559 105415680
575820 509872572
575844 163820512
575914 192206188
576160 652670848
576169 177941394
576338 292328775
576357 4995100
576623 10601865
576773 171153808
576834 32118006
576978 96423372
577068 667983316
577198 561941712
577471 607288078
577609 662232488
577626 232244285
577878 552524364
578170 143543161
578194 643523862
578430 699714636
578560 125039808
578854 687360726
578998 113341921
579040 305913856
579314 13110552
579319 286733328
579527 117751920
579781 811991393
580040 292656768
580121 27467589
580274 572927948
580505 141441900
580634 318191050
580635 19211010
580869 315939170
580953 909046925
581150 268343451
581405 628634295
581425 256479840
581662 95477450
581856 89898695
581961 476547057
582129 450917917
582363 823295088
582610 741638170
582658 19529860
582840 242448407
582848 320381656
583050 32002256
583112 27623500
583378 550904624
583427 304972990
583627 86374946
583894 346302656
583906 60158931
584046 70630056
584169 3072159
584433 189443650
584678 40104544
584698 112439583
584955 630218382
585002 388135128
585117 76624758
585153 38915740
585171 40032132
585389 707141064
585600 196398415
585719 195880572
585876 339092642
586098 403978298
586299 226773360
586327 490290625
586536 367479104
586658 468143793
586782 215295702
586787 550260348
586829 682661148
586989 352470240
587010 491819874
587090 365131915
587211 478062222
587366 146657016
587507 619336863
587782 95286653
588010 476086474
588236 16414680
588425 530130960
588571 179043168
588587 300305064
588644 14138560
588861 717286372
589030 593789820
589321 251935060
589439 580712146
589582 67901064
589672 46872472
589734 651669044
589767 1092978
589997 441218848
589999 26638821
590248 22903602
590355 102680509
590550 734594456
590821 14841439
590938 6486000
591234 489917871
591313 166282746
591520 171146837
591811 87094225
592087 705201682
592100 693342970
592163 557648910
592226 117166268
592253 794718030
592359 157684896
592477 259197249
592685 33830340
592965 832841170
593203 746040498
593490 924033205
593602 643034264
593748 407758680
593917 527994282
594054 269169502
594233 209156420
594245 617583708
594291 312186126
594417 351723744
594484 130816430
594780 779577336
595018 200862300
595268 142587172
595403 759222384
595426 181191187
595455 38093432
595740 74171398
595824 175088763
595927 123025068
596020 214974485
596195 971618076
596423 23006819
596494 22462416
596714 172679886
596876 435316638
596902 154383544
596924 525056805
597123 38980172
597396 711676
597489 604266336
597500 4725028
597523 43192512
597727 775347777
597744 166801042
597965 448897670
598169 40343400
598364 687782381
598402 29611771
598665 442397256
598868 332084335
599027 276022240
599281 472287088
599363 141641577
599635 4871286
599778 594447867
599808 473815728
599964 443424199
600103 45672102
600337 286697574
600457 708899928
600636 1253300
600679 244104040
600924 823849949
601108 251985125
601307 92765790
601544 137822685
601748 144380208
601899 13055070
602044 594260000
602295 46270731
602468 454545903
602735 175532352
602812 6091638
602861 49760367
603049 413996418
603162 65748867
603255 83253256
603429 64559645
603505 124911900
603717 4624698
603723 219921116
603953 103070527
604143 18901968
604198 50701952
604384 331759724
604403 20026630
604567 484129544
604616 64031184
604816 271761399
604878 241408720
605146 70818275
605393 366705280
605573 376271280
605765 135657120
605951 455810922
606001 549421029
606284 814927968
606353 992023192
606579 366338385
606873 717706034
606891 38522253
607066 964392760
607180 390001638
607186 419620650
607358 645466710
607644 433861120
607888 40205216
608049 475956153
608182 18089697
608201 226352989
608384 320976205
608388 496427022
608641 55334002
608821 81305505
609120 310523862
609266 73812708
609364 386628984
609383 207663456
609573 63077793
609674 101602064
609895 240856
610168 23948505
610384 68952201
610550 92803820
610573 156709509
610797 360779364
610895 30874226
611006 612745392
611261 172000892
611443 270027054
611494 549402746
611548 116606292
611810 15652365
611883 79493673
612142 28491750
612427 154124190
612429 135105048
612673 150469530
612801 231936914
612970 122378776
613073 138176961
613209 27116910
613290 851857486
613342 103054800
613498 275411730
613506 399732750
613687 246987984
613937 186095459
614034 469790104
614102 30042712
614202 60859048
614456 180427392
614685 155519127
614965 255123333
615258 270810141
615314 26594568
615360 23109174
615435 351783850
615547 309301629
615730 314057465
615881 772234016
616067 351930483
616284 67466098
616493 358025166
616575 421858858
616707 465789594
616843 426795312
617013 302318296
617259 709699900
617262 230192182
617305 40477876
617357 121159272
617475 5500124
617611 120535797
617712 241758223
617894 158467812
617901 307099048
617939 654841530
618056 1545896
618289 173095890
618508 166415250
618587 653536160
618694 402962910
618802 75399376
618905 14719337
619137 115115220
619230 317427980
619469 43085544
619748 35856432
619886 589285088
620047 264996207
620288 75481224
620343 152362463
620468 185966772
620612 104142598
620757 177056256
620801 478774340
621061 178832544
621267 104736020
621322 298112244
621577 151533196
621819 404216865
621928 55477579
622204 260107
622458 576221508
622710 372000134
622786 604364560
622869 360973185
622975 32475114
623009 486229863
623175 732100284
623312 103345550
623404 18441315
623591 76168548
623677 48564710
623931 127238422
624166 356949489
624278 9379466
624470 22608384
624687 9693165
624795 732728850
625047 39031540
625323 148377586
625378 425114550
625629 134673210
625671 252366312
625904 10725888
626167 513756384
626436 8843495
626454 573808326
626515 355812159
626780 18863676
627003 303190784
627184 268860218
627247 35732229
627490 25716020
627533 431760000
627803 518579334
627905 232605296
628080 531066150
628241 616181212
628466 124363008
628539 401188908
628794 118040
628958 785973851
629070 79748608
629248 138612033
629262 166874382
629414 83157942
629686 17574588
629937 368287137
629940 112767440
630051 75341606
630233 501385533
630251 233206361
630442 41897700
630641 38022843
630730 538492096
630766 121962870
631009 104513265
631015 9944562
631132 495381915
631424 252674037
631508 45474728
631789 870510408
632029 162132354
632282 713934963
632392 153536201
632501 425784783
632598 692390484
632672 804249355
632742 37342812
632862 21630166
632976 140125149
633237 245268596
633287 78208047
633298 505577670
633425 18466866
633652 342792
633854 103296128
633982 540535086
634050 438419655
634195 664313269
634284 651009632
634574 213237562
634584 349767504
634666 79070706
634776 389219224
634879 997037700
634997 62058496
635149 618886000
635189 595488762
635411 167893992
635704 2687360
635960 545544172
636251 260275584
636424 146897068
636636 67935231
636651 448523597
636688 815477312
636852 22848354
637010 198953557
637163 150377688
637370 143956046
637473 97906340
637511 235439115
637518 142803385
637790 259555608
638023 393430786
638314 168839715
638518 390890416
638581 1763529
638751 866369600
638944 52002810
639144 671255856
639419 590684510
639690 149087400
639928 659093015
640225 92449280
640257 24728122
640528 138436155
640714 17269714
640980 1868919
641236 95788528
641280 488039370
641379 125478888
641524 562427792
641687 105483972
641966 243292644
642222 328714056
642417 215947122
642685 177114275
642866 751195200
642965 236113560
643099 295506918
643223 178332024
643297 316706544
643301 27478380
643536 265550972
643543 200184732
643761 58701453
643981 41170437
644162 24338870
644430 134124265
644464 61453920
644574 516641064
644627 147810582
644704 375457536
644873 379635282
644963 399034674
645186 592118
645427 11487497
645547 390938964
645799 41444328
645804 854162724
645905 710828170
646131 377202375
646137 230924314
646183 301996764
646384 65844843
646471 67560902
646607 105204142
646899 185801115
646953 150011838
647071 403327408
647090 394423671
647264 83407550
647515 46540989
647617 418605573
647841 293450408
647989 47041416
648082 240866925
648229 203222110
648340 94849482
648372 603421668
648523 159175832
648731 71562216
648983 190100667
649145 480232339
649331 141544486
649622 4320
649794 112606956
650009 161545176
650290 427401261
650494 86507317
650770 214731160
650924 17370889
651160 503076394
651235 360473388
651277 72570387
651288 342871338
651423 842676882
651716 92269440
651769 237274688
651989 39680040
652181 626740403
652445 124555200
652715 74095110
652779 166418736
652924 357171308
653021 560445348
653263 660686308
653533 184328496
653741 674825528
653763 316943088
653914 230873742
654172 9115926
654247 255663646
654344 69045354
654630 331202976
654793 168438764
654932 9996624
654967 142473690
655249 27556200
655282 17609800
655573 2685828
655693 27050322
655951 192012450
656123 248561214
656384 876499494
656675 31533198
656727 533603682
656756 13837210
656914 59252553
657084 427686043
657262 326205083
657401 188074644
657695 216140412
657855 178657270
658112 579042711
658409 672155874
658503 79620174
658648 1595844
658727 625661127
658830 88773125
658974 33813304
659014 328298597
659058 232284413
659188 3563700
659247 635007015
659382 614958638
659466 420811559
659578 402903050
659762 7562290
660018 496545588
660118 95937725
660285 25393525
660325 396863152
660602 79290555
660869 1200672
661041 68420331
661065 137190855
661195 335057905
661230 17578056
661350 916179465
661507 75033322
661731 237487445
661746 251915940
661777 513809478
661957 134928855
661997 123227938
662000 81511832
662061 740275460
662074 369674928
662342 629932632
662560 239013768
662560 172585816
662831 768930760
662849 493227261
662867 72558850
663149 418093960
663173 200789532
663380 715309056
663634 13551648
663642 134459710
663791 83229847
664089 52659419
664381 96077536
664519 587238225
664807 654404230
664957 206972158
665232 122271722
665482 223689463
665498 219388454
665670 305702670
665913 83169870
666044 78086656
666158 36279869
666366 966375000
666510 895313309
666695 284994940
666709 98357742
667003 415254567
667291 523964688
667434 267561723
667646 398386146
667914 179795538
667966 299446980
668230 361664005
668465 428058980
668563 250655580
668681 8555008
668795 174145992
669009 16007718
669243 12127488
669352 270946884
669623 643956090
669693 223994100
669758 813993726
669874 26717625
670143 271245608
670270 339842142
670528 122855716
670616 40316367
670693 308007936
670800 105051588
671021 9352695
671069 201531138
671284 8859465
671355 181858890
671470 44999290
671512 498687913
671560 228620852
671768 4696230
671904 320213280
672113 684625228
672344 402558255
672505 198608852
672620 46539668
672791 49436667
672836 847473219
672866 125186688
672980 17414440
673156 20879250
673415 165580612
673519 155811015
673661 48518580
673889 202301264
674091 660579574
674321 156739374
674370 585074539
674582 46314862
674592 299414856
674601 251083392
674764 140512800
675016 461263530
675266 28731054
675445 80502759
675486 228330626
675761 266784700
675880 804141954
676113 254130768
676288 405859800
676548 235000758
676821 26107228
677002 105234040
677042 35274330
677190 270960048
677469 267014615
677494 85106472
677585 24539950
677690 14503815
677697 154489274
677755 34639644
677912 526287403
678186 534865821
678435 375388282
678531 7400500
678535 198897237
678566 610646526
678715 43952744
678774 282802288
678877 586899165
678915 233779410
679164 204966792
679409 19579616
679605 204883371
679851 531859752
680123 54410930
680380 131492460
680596 438650000
680699 27739952
680991 68530592
681259 27187864
681288 110988783
681371 36778588
681510 101771098
681712 518104440
681945 567971488
681993 33297320
682097 115798515
682265 731829870
682380 144268992
682402 117038460
682437 100584960
682673 17442432
682679 3406019
682733 365606640
682748 54004700
682800 38115
683029 152104050
683032 346323636
683243 377384172
683334 816964278
683631 131313967
683743 12946636
683946 8371800
683958 869421000
683958 65860080
684149 41980965
684285 162083169
684298 269589670
684320 289904532
684417 374870298
684430 342137837
684598 433605876
684824 345257322
684858 12336500
684990 286409456
685273 348539424
685275 102000540
685401 22632440
685658 87968187
685899 181134539
686150 472620312
686170 253108614
686195 588539651
686350 873466575
686585 40458612
686756 223562040
687042 52052063
687175 423995360
687275 784924640
687478 684629376
687679 56949018
687726 79658193
687926 439836915
688091 61940500
688315 164602410
688461 620061075
688550 3652684
688619 671368272
688696 151101638
688758 602479342
688886 26235510
689125 387429336
689288 206225274
689344 12189640
689629 401000618
689666 384945978
689790 62415909
689834 235200682
689959 681369801
690023 103895052
690111 557622360
690209 608185600
690440 1335884
690449 145269040
690673 288013488
690862 39728517
691133 516234400
691370 281526320
691527 374320482
691750 6031228
691858 294801720
691881 103362805
692163 134599472
692249 27329499
692382 106799933
692400 321677541
692659 165441070
692802 53723124
693088 567375816
693130 44892300
693350 464239734
693516 722096144
693572 450890448
693807 269802046
693961 563034431
694178 269073330
694211 91965265
694499 43917008
694635 44207920
694656 25893075
694725 864418969
694914 354753518
694959 14749846
695008 491597100
695075 84794411
695203 697154783
695496 57196952
695716 9308020
695750 553089488
695867 16238495
696124 150869690
696162 14623224
696249 300937675
696276 449556660
696443 421009820
696461 41598900
696603 91540656
696712 659573670
696769 303076416
697000 125863320
697287 276954688
697421 512422405
697453 52574940
697648 441799626
697936 397309700
698045 332456100
698238 103777500
698366 325703187
698574 9979596
698794 452819780
699034 727100702
699227 16220402
699253 3901500
699339 37024935
699416 24598353
699683 740319302
699790 137987673
699980 459901008
700223 94442192
700264 124107410
700432 22136716
700726 66169848
701003 105935060
701056 171281014
701232 288734910
701316 15442994
701331 230632155
701556 258512796
701588 644591
701589 620807408
701654 151549423
701715 683510112
701743 54504819
701851 137475618
702086 43045880
702152 241568859
702282 284367832
702486 376485076
702543 155133120
702605 36010443
702890 711667593
702890 223285188
703041 91231341
703190 252956190
703202 146354250
703391 86967483
703487 139527950
703575 377581122
703750 131716786
703892 221250174
703895 621209682
703955 41331321
704128 62413120
704132 221471250
704210 250821928
704284 74303690
704303 3554400
704597 54036367
704868 443145435
704872 253961013
705068 319535820
705171 84833437
705199 130828196
705218 35604037
705339 336678524
705571 377166551
705697 17056310
705940 14234304
705952 706608035
706236 172302552
706293 485965789
706383 478038540
706431 342378792
706595 39873260
706833 29922156
706926 20541222
707025 8694499
707081 764782683
707262 10856944
707402 362760282
707573 331718400
707641 556848996
707753 100953432
708046 2205930
708155 118883226
708227 290186736
708311 413416965
708374 872141837
708446 111581052
708477 412802955
708736 206314920
708999 230193360
709152 76296096
709237 268523200
709530 337974773
709741 572851440
709960 65736832
710134 491402520
710325 144868504
710455 135589536
710707 150299170
710840 394077848
710970 120936510
711109 168618807
711162 112121804
711319 63338561
711503 257708818
711640 221977866
711823 94041030
711986 28352516
711995 669110073
712209 350343189
712472 768723120
712497 555859059
712760 343700900
712796 623875000
713052 167572476
713261 937199692
713411 121229646
713528 126369337
713755 409292615
713792 125057064
713978 358369440
714200 527906439
714278 4785950
714308 32755002
714377 31973935
714655 85273056
714731 227092484
714838 535403619
715000 560067576
715210 225147639
715306 119620503
715326 646582524
715377 63827608
715645 4321400
715745 22301888
715931 193306204
716053 208555452
716326 399774078
716515 9261560
716620 46040400
716779 53719698
716975 91937034
717043 193068797
717110 42986084
717406 26908416
717534 298184416
717721 673940848
717896 104076819
718128 234229056
718252 240177420
718308 71224881
718567 84997220
718743 676812449
719020 282256
719157 558278860
719267 13400484
719335 477093670
719586 441848640
719615 416516
719789 405203858
720007 23983104
720023 200469174
720202 122612745
720269 46402160
720526 85460312
720788 47994496
720881 117975
720916 140687508
720948 127746688
721184 181810488
721307 19046811
721337 13469274
721409 95049664
721509 311078068
721577 263408080
721869 265999514
721903 67061364
721925 235709824
721957 289506451
722212 185234798
722300 31508659
722499 246503720
722730 200586526
723008 108549896
723211 536682861
723246 19840661
723467 251916096
723753 549219690
723914 16824968
724074 43381924
724157 554911224
724376 527313120
724436 507247532
724556 268577520
724713 246314439
724998 141466248
725286 722845414
725323 108608472
725335 542022650
725520 34161480
725765 92657048
726009 61183410
726099 784668900
726205 328232448
726460 104555926
726727 164189788
727019 286625157
727079 5455888
727292 596888108
727406 148115064
727618 437596992
727702 283084802
727969 11795585
728125 67295764
728329 40871229
728341 112139756
728493 45577168
728678 245018358
728888 108475848
728989 190089946
729282 158294115
729541 321136560
729625 687799620
729683 22820063
729915 77295306
730057 103102585
730139 112960946
730142 63256542
730253 576171468
730386 197995200
730395 21301000
730554 466841432
730691 97261488
730810 86235890
731061 518306518
731351 19326426
731468 12687110
731669 42380025
731778 111220452
731952 272842095
732074 67152736
732086 451185312
732158 158694200
732376 815982
732600 33682320
732633 532434299
732764 272075405
732883 537510312
732945 548182037
733204 218081680
733380 40152608
733467 103780278
733702 522770261
733836 251164914
734026 44539344
734202 78373890
734331 306104664
734609 198886785
734766 243225441
734937 3173868
735167 204883250
735189 559537992
735270 624763309
735447 250433904
735620 18282126
735854 331101276
736006 118944210
736195 86102335
736425 40062708
736658 224503939
736915 157647245
736949 128242492
737046 485246809
737082 257013801
737128 614485
737394 369120270
737571 509532457
737834 310936176
738078 653693043
738133 24110080
738316 284389090
738449 645804465
738696 706496448
738825 58745460
738917 226911300
739180 87144056
739239 16920716
739368 6842658
739427 196835435
739663 257099787
739748 867014044
739936 20286336
739946 15992013
740113 221475254
740139 76092280
740407 366707
740636 163744880
740672 84117234
