40
3 2
9 4
19 5
10 18
7 6
14 21
8 12
29 24
30 -7
11 13
-33 -34
-2 -6
20 15
16 17
-21 -37
-38 -36
-23 -16
25 23
26 -10
-8 -25
-26 22
32 36
34 27
33 -24
-40 -39
-30 -27
-5 28
-18 -4
-1 31
-35 38
39 -9
35 -14
-3 -11
-22 -17
37 -32
-29 -19
-13 -20
-12 -31
-28 -15
4 2 4
2 5 2
4 4 1
1 3 5
1 1 2
2 3 1
2 3 3
1 4 1
1 4 2
3 5 5
2 3 1
1 2 5
5 4 3
2 3 1
4 4 3
3 1 4
5 3 2
1 4 3
1 5 1
2 1 3
1 4 2
4 5 3
3 2 4
2 4 5
3 1 3
5 1 3
3 3 5
3 2 1
4 4 3
4 3 3
4 5 1
3 4 2
4 2 5
2 3 4
5 5 1
5 2 5
4 3 4
3 4 3
3 1 5
1 1 5
