1000
3 2
16 4
6 5
19 63
22 8
9 7
10 12
56 34
29 166
11 13
20 39
14 15
27 21
28 17
70 73
30 18
31 36
23 25
69 67
24 52
59 134
45 84
140 26
32 77
68 90
44 35
38 932
37 61
102 113
91 33
40 76
42 169
86 49
162 83
41 135
48 71
122 197
47 43
410 66
115 249
116 104
106 46
72 174
316 79
53 50
-246 715
60 62
64 51
160 85
120 80
57 159
55 54
365 103
236 186
275 196
445 58
65 99
266 164
682 125
74 112
755 378
288 258
95 142
75 81
293 558
289 126
133 203
92 170
277 -158
649 172
114 464
436 138
204 157
127 245
89 123
173 233
82 78
101 239
-15 94
96 128
287 144
656 283
105 182
97 117
87 118
304 153
195 88
108 211
208 161
165 302
613 129
93 98
111 107
210 154
109 472
223 191
100 110
147 149
394 121
369 465
321 146
193 177
398 741
132 242
171 320
136 156
119 190
-811 312
-188 332
180 418
148 305
130 286
278 141
718 838
310 143
150 408
152 137
322 476
131 247
217 423
416 124
367 218
665 -933
227 -136
360 167
184 676
231 244
-124 260
194 221
291 263
294 331
139 238
787 187
-292 -418
181 212
176 158
213 281
188 151
458 -560
252 215
947 796
145 559
192 232
214 779
229 430
279 272
163 390
251 572
363 353
199 155
168 255
175 329
205 216
400 178
486 268
280 261
198 189
-544 -24
-550 834
224 298
392 907
-946 -503
284 -58
-431 230
355 235
643 -338
372 428
952 274
957 630
202 201
330 299
179 343
454 237
508 359
441 234
-545 -743
183 207
479 461
273 422
200 185
510 598
209 542
257 785
356 228
379 241
334 206
254 271
429 409
327 697
478 391
240 222
703 -840
317 -352
728 555
357 720
644 262
368 315
264 269
253 219
636 552
-605 250
295 313
589 382
437 358
384 325
-251 -986
-433 442
-42 567
411 660
-321 319
412 490
671 841
270 265
364 566
336 220
318 225
-619 -589
495 646
362 538
-174 934
306 300
303 267
276 326
301 354
226 248
-721 -895
473 424
828 679
243 446
-211 -979
621 -202
605 759
376 420
-143 -227
-441 256
631 246
520 -271
346 453
435 983
421 875
348 339
-856 -68
345 337
290 386
-139 407
414 926
-990 338
-339 282
497 607
516 387
712 840
891 -138
259 308
-538 -585
-565 -762
292 655
352 526
-848 -237
790 -64
-312 524
529 662
370 984
396 297
494 551
560 575
417 617
311 366
-727 -426
373 579
344 413
-944 -79
-379 731
-932 -798
-499 -886
426 285
-945 -427
-713 -442
-851 393
450 554
-603 772
444 498
696 -172
-364 739
-580 -168
674 487
-593 -230
-818 463
-771 477
-228 296
-707 760
341 -696
-854 518
439 -929
-636 307
591 485
-323 -464
-198 340
-444 883
917 347
541 406
449 686
753 523
309 -110
-701 885
732 383
-501 -726
361 467
314 514
-788 -36
399 691
530 -994
451 323
432 405
-184 443
534 626
324 335
908 813
-102 -468
651 556
-969 -975
350 328
-316 -457
-445 570
-193 342
525 349
460 502
438 536
873 870
475 -409
-577 670
333 -200
544 -875
395 756
829 688
-833 -248
427 678
-643 652
540 576
592 -186
533 -192
351 377
-313 -383
-765 -657
462 380
573 -254
483 517
-783 -119
-34 469
677 -135
624 470
-54 906
-976 -493
-48 668
389 403
385 371
419 433
375 381
-320 887
574 374
402 434
468 730
447 515
809 -764
839 388
780 568
527 843
-635 -483
-549 -613
474 831
-717 736
457 858
-353 -653
-506 -540
707 700
532 711
588 -17
522 452
-10 586
513 448
606 397
642 -196
578 -877
687 415
-710 491
425 519
722 -66
701 -47
740 -74
-83 861
-308 -303
547 431
-684 401
847 749
-950 -702
404 948
726 -879
-20 507
-405 666
501 -718
565 548
-923 -901
493 663
-201 -208
-90 986
601 -485
664 -398
-956 -222
835 612
512 492
-777 -966
569 466
616 654
-574 -600
521 -782
596 539
440 618
562 738
-611 456
599 -260
-910 -377
-46 500
-801 923
-241 -608
503 -921
-3 620
582 557
-505 868
590 -429
505 943
-954 -791
511 -991
537 499
593 -106
-157 -601
455 504
639 -162
-229 -371
-564 -363
-84 553
-573 637
-276 -163
484 669
-888 941
-460 844
848 -628
-89 737
-677 974
-335 -336
-681 -709
543 -161
743 459
667 482
-556 650
489 -6
929 990
-116 -803
-787 481
-451 633
812 611
910 594
-203 -920
-435 635
563 531
-156 -627
717 580
-476 545
471 764
851 634
-588 981
645 672
528 585
-125 -668
604 985
706 -722
648 713
-13 815
958 488
-446 480
786 727
550 506
-332 -166
776 549
-349 496
-838 -784
919 638
-871 -659
-758 -517
-314 -699
-160 -440
-148 -249
-311 615
-61 -853
-936 -911
647 763
-422 -33
614 850
629 744
-425 -315
900 719
-181 699
-536 876
584 -725
-868 902
603 846
723 793
597 564
874 535
561 509
773 766
595 -127
775 842
757 864
-532 964
571 546
-679 -462
992 -170
583 -872
659 602
710 -105
845 -384
-816 -572
791 -732
-507 733
-785 -454
-257 -828
577 771
-488 911
896 -822
-861 -759
-924 -334
-359 942
-535 632
-220 721
-735 -694
-481 -438
-408 784
-671 -918
702 814
-376 -612
746 587
657 690
-355 -993
-216 -647
-943 -977
987 998
-747 -296
608 -155
742 -224
-368 -896
-4 625
-937 -689
653 -744
-404 -98
-280 -307
-524 705
-414 -235
827 -634
-598 -902
969 -28
-412 -399
-656 970
-940 -680
818 -821
-310 -331
622 -570
804 627
-622 -175
751 609
-439 -378
-850 -775
-434 -767
950 -880
862 -149
735 -579
892 909
-18 -59
-199 -555
658 695
777 -533
581 -391
-859 -298
995 628
610 810
-350 -436
-655 -322
949 944
716 866
-756 836
-190 -705
685 -568
-887 904
-741 -526
-225 -180
901 692
938 -327
600 -121
-913 837
817 640
-107 978
869 -51
-221 641
675 673
619 -542
782 734
849 -140
765 993
694 684
-814 -823
-389 -360
-982 -682
-27 -406
623 832
961 745
-424 789
-558 729
888 -492
865 -516
-869 -763
714 -111
762 -530
-907 -76
-665 -452
-651 -795
-620 -824
-695 -806
922 -118
-673 -685
811 769
-361 830
-32 708
778 -263
879 -745
-610 860
747 -428
-609 -126
-29 709
-171 725
877 -693
-639 -117
-73 -728
-515 -898
-807 -683
704 -71
-206 683
-9 -799
871 774
-800 -551
-453 823
-778 -915
-340 -285
-988 680
-151 -129
-345 -514
-995 -992
-396 -820
-742 -386
681 661
-25 -77
-242 -373
-100 -65
-113 -250
761 788
-891 -618
-258 972
-776 -615
-207 -205
-266 -750
-865 -962
-255 856
-337 689
884 -288
-165 -109
-621 -894
-26 -607
770 803
-531 933
767 927
-177 -562
956 -146
-415 -521
-459 795
-584 752
-602 -716
819 -176
-832 -752
-35 -670
-309 -49
-812 -815
792 -279
-233 988
698 693
-381 -528
-714 -885
-341 805
-648 -512
-374 -137
-552 -583
-173 724
-893 872
-794 -563
-706 -834
-970 -897
-858 750
-704 -443
-269 -262
-692 -637
-169 -268
-548 748
-829 -423
-862 -935
781 -645
-740 -270
-358 807
-971 -981
-922 -448
754 768
816 -751
880 -951
965 946
-430 -786
-571 -101
-289 -843
-629 -219
-302 800
-697 -510
-669 -712
-478 -676
-449 808
-470 -884
960 878
-145 794
-999 -1000
-63 -855
-245 -980
997 822
-827 -938
-238 798
-496 913
-282 -123
966 797
-132 893
-839 -420
975 -495
867 801
-909 -56
-403 799
-581 -44
-130 783
-393 -356
821 912
758 -567
-178 -366
-539 -1
-253 -141
898 -466
905 -209
-781 -53
928 -663
-497 -519
-152 925
-382 -826
-720 -650
-719 -738
825 -67
-614 977
-849 -575
-94 -301
-281 -342
-365 -348
921 -413
-770 -599
863 996
-926 -882
-394 802
-256 -22
-652 -194
-131 -344
-115 826
-900 -957
-779 -553
-941 976
-75 -534
-508 -754
-392 -447
-469 -244
-595 -686
-808 -456
-112 939
-259 -852
-864 -674
854 -541
-927 -967
-45 -841
882 -278
-987 -749
-906 -768
-317 -925
-523 -210
-687 -578
-294 806
-437 -120
-596 -326
-421 894
-566 931
824 959
-189 -159
-154 -870
-411 971
853 -226
833 859
-40 -328
-978 -972
-80 973
820 897
-87 -633
930 -99
914 -273
-557 -300
-82 852
-70 979
-23 -347
-293 -939
-494 -187
-31 -831
855 -458
-346 -407
-736 954
-133 -369
955 -57
940 -240
-889 -664
-325 999
-96 857
-703 -416
915 -739
-215 -724
-730 -804
-546 -554
-774 -632
-473 -529
-318 -144
-973 -837
-479 -471
-362 -757
-37 -504
-914 -223
-772 -955
937 -147
-646 -949
-586 -654
-153 -14
-482 -723
-587 -958
-934 -931
890 -243
-511 -604
-842 -486
-591 -239
-711 889
-275 -247
-122 -305
-272 -715
967 899
-134 -62
-277 963
-825 -793
-919 -873
-984 -974
-789 -866
886 -761
-997 -899
-905 -624
-625 -805
924 881
-183 -39
-19 -93
-297 -509
-461 -402
-667 -916
-960 -748
-835 -91
-5 -85
-306 -264
-518 -108
-164 916
-234 -419
-576 -617
918 953
-21 895
-658 -212
989 -797
-998 -753
-400 -150
-472 -319
-964 -961
-917 -81
-103 -274
-252 -490
-2 -630
-43 -191
-295 903
-55 -698
-661 -520
-299 -287
-432 -410
920 -810
-769 -737
-463 962
-863 -942
-11 980
-477 -498
-78 935
-830 -708
-746 -881
-236 -217
-128 -642
-465 -638
-675 -597
-561 -522
-819 -12
-688 -760
-333 -30
-582 -41
-983 -766
-16 -142
-195 -197
-69 -286
-290 -700
982 -594
-733 -329
-985 -965
-963 -959
-660 936
-52 -401
991 -691
-92 -947
-996 -836
-543 945
-385 -231
-928 -354
-876 -796
-380 -792
-167 -330
-640 -908
951 -729
-867 -860
-890 -662
-474 -480
-284 -569
-86 -502
-690 -475
-38 -930
-88 -72
-304 -357
-60 -97
-388 -213
968 -666
-390 -626
-892 -672
-214 -179
-874 -844
-7 -375
-351 -484
-343 -809
-267 -204
-802 -780
-631 -857
-450 -525
-232 -370
-8 -261
-372 -283
-904 -641
-592 -616
-291 -95
-845 -903
-185 -547
-417 -218
-968 -731
-755 -948
-790 -678
-537 -265
-989 -953
-817 -847
-367 -487
-387 -623
-395 -489
-104 994
-734 -773
-846 -912
-606 -952
-590 -559
-182 -883
-491 -50
-324 -649
-813 -878
-397 -644
-513 -114
-500 -467
-455 -527
10 38 230605428
3 28 709590896
32 30 281066416
28 40 68861199
24 11 806021320
28 19 548390962
38 4 391401999
50 25 267955559
17 13 545239590
2 30 345170098
39 8 154046388
18 5 290575849
47 20 71101004
38 18 200445385
48 39 970763262
19 2 625979787
22 50 584366766
48 8 213025206
11 50 667670605
42 47 982514421
49 37 753768974
5 35 519476064
24 38 23302631
43 25 320199529
31 38 661494016
34 25 217170666
33 42 183895534
43 47 817168857
44 4 402367904
42 26 718739166
28 50 308494608
15 13 254756008
4 46 267114263
28 24 479152138
16 40 107214481
42 5 662355313
33 40 692965597
32 46 442963681
35 1 180305125
10 17 450229518
11 26 302939662
26 35 39965591
23 47 951883155
46 35 962309709
37 17 271690636
43 29 703305551
34 27 735650592
29 8 805608877
32 32 273689258
50 2 512595044
25 13 504840655
9 3 4195066
8 8 235167043
44 18 368542865
10 3 577038412
40 6 669631349
17 49 568525043
26 25 605098677
7 34 449037457
8 27 502709288
20 32 189886039
23 49 114029613
32 43 87445074
49 7 377246683
3 20 462586578
8 18 450679239
7 13 3879978
33 39 520187096
17 45 590047921
45 35 246283930
26 23 86608287
26 38 118993359
18 13 678372031
26 47 274176514
46 24 163683812
15 12 323617264
27 41 309798774
17 39 5362580
12 9 773466614
48 38 35283782
20 27 303409127
9 35 82683302
21 17 934850430
17 30 242561199
40 41 374358475
3 6 612313372
44 29 773540886
32 10 131598765
42 26 439069331
32 7 997506394
8 33 309619241
44 37 417810263
10 16 436109071
41 14 304477092
33 40 105193710
38 11 595812800
19 49 932046302
30 13 970290547
5 45 230732630
12 41 303420472
44 31 139670705
30 43 121058912
47 16 924127507
11 7 374732168
2 16 747049408
13 17 57279390
13 21 481555729
27 17 477160847
21 47 754490027
11 20 87009881
44 24 362520544
38 37 179398438
3 45 177875919
11 12 440287066
29 19 61709428
45 10 416501479
17 38 116976591
36 35 494224705
34 13 974811881
3 45 702840154
28 39 675815916
14 28 55874761
10 46 408310599
21 11 874265203
39 38 905699314
48 19 312839344
37 11 986465388
23 16 268689157
37 46 424768492
32 1 537952375
22 17 911661277
1 27 390598606
46 27 243306921
9 30 246430080
48 45 774700250
16 38 427683190
27 27 262658289
42 33 761181275
39 24 252929348
40 48 344908884
6 26 976646117
34 33 510661590
11 3 126353740
40 32 854114838
34 31 134231948
23 20 175898145
49 8 100647613
34 35 172940589
7 32 592034482
7 17 480224820
34 34 245384461
17 25 858296616
19 15 79868750
3 4 170927812
33 1 300706301
5 45 932452586
14 7 526489658
48 47 774315608
31 28 92103241
50 50 757137400
33 10 307370458
9 28 654463691
23 29 894048409
26 40 416915180
28 40 469494082
23 27 826485364
31 36 620604920
28 43 409478334
7 34 659319583
6 35 770541664
18 42 793086163
45 34 703599197
23 43 12742355
12 22 699385730
3 5 617644157
31 18 901749585
16 40 580116509
8 23 753392541
43 7 594518270
27 20 695528177
20 34 241679784
4 32 625841201
48 39 411341747
19 20 825533819
23 28 744377932
42 12 468580386
31 22 930593766
5 15 361940433
12 34 831903291
33 12 990134635
19 46 741255514
2 48 392636383
40 45 303773638
9 15 516199335
39 49 299345005
50 34 122704729
24 2 812763871
38 36 695160053
23 26 179371610
35 13 924718123
30 26 554257607
29 10 861076225
23 48 106322229
40 32 597705268
38 37 592160129
23 15 707330967
26 37 697483718
12 42 995251243
39 3 354026082
1 25 368326505
28 31 586197039
38 8 101833820
37 36 541078048
18 5 167787823
6 35 807496962
23 1 57099749
11 21 90209273
4 15 984902949
6 47 808153912
30 1 539349100
13 39 873655853
22 8 699813330
7 7 115490619
13 29 571945005
48 40 437892175
50 40 12677132
22 15 419004606
37 13 469638467
33 26 564771470
35 27 883775226
25 29 203884207
34 11 79356021
40 29 371266892
19 36 38455400
10 12 678626813
50 43 736457610
14 49 624311461
28 17 187155733
5 38 125274371
31 15 87660753
10 22 190439
22 42 744027763
50 34 126039248
37 33 982270237
48 47 185541257
43 8 690832917
43 19 260277668
9 1 131568431
48 21 847157210
13 25 215197916
34 15 922523296
27 29 547821907
12 26 790907078
47 12 619785780
43 19 606403016
1 37 893683666
21 4 641788508
23 36 122238500
45 47 657188460
21 12 811409857
35 7 173710621
13 14 95458606
40 43 656009833
1 22 931663896
21 40 108359844
7 5 12208137
12 14 937215439
47 15 507693211
43 26 58280833
4 34 566769027
13 5 973334897
28 10 130685233
20 42 782847797
44 40 55861836
33 33 784513938
39 21 154345361
2 11 3672667
18 21 150322581
43 5 20830827
26 31 19903672
30 29 657706325
40 13 414311139
33 9 132507316
24 46 308234638
7 34 708762531
29 44 793010363
40 12 159694503
12 42 745570754
17 19 82943023
49 42 123967065
28 16 237601792
40 5 892525122
1 22 889228363
46 9 883721347
31 39 660184323
24 3 474460781
38 5 191275209
29 10 452875750
49 32 914439262
40 48 486762928
8 40 589132126
14 13 47398105
35 27 992246097
46 25 59040249
36 47 451126044
41 27 658050125
47 38 834157850
7 37 983121887
40 48 107781168
38 27 376450166
29 5 514065258
41 9 325816415
17 7 78531128
41 5 757233064
38 49 670156861
16 25 673548697
3 24 117967989
40 13 458076535
39 30 144477793
16 47 407598433
22 4 76438222
30 18 536082600
37 47 384089392
43 13 657170608
41 25 796596650
17 21 610035489
43 9 571947905
5 46 578641809
36 38 230476600
32 20 441891539
36 43 404682256
5 44 707980877
4 35 251701858
18 44 28091296
42 44 96189439
15 32 759638681
25 38 676489148
20 47 385931392
8 46 18570948
29 36 682188983
22 43 605752014
15 19 155841651
2 29 658274308
45 24 44097463
38 14 70544180
22 45 112804023
9 44 991909337
7 35 678344462
5 32 482702283
40 16 844427890
33 29 728668771
3 32 359346794
31 39 125060910
7 1 409900511
22 32 723552556
18 4 862613693
11 41 142152116
47 4 429083025
30 36 7080931
45 28 106622435
26 48 22115427
7 43 158242161
47 2 222983513
49 13 173074046
30 18 36605054
33 12 909765975
25 28 257228195
28 4 50448155
16 36 232906304
45 23 118140883
44 49 93373580
36 9 911840055
37 23 434414663
49 18 319371711
18 23 758292309
32 50 674236988
9 44 32526122
14 50 972552697
49 3 877693876
21 38 230651943
21 19 875854787
29 25 247003882
4 37 998413317
23 49 107660354
46 7 837161854
45 46 910470374
40 17 190199605
39 15 671018015
44 43 782008628
33 37 382768726
1 24 284953449
25 7 658161869
13 24 513152500
11 29 72908853
19 34 363021325
14 7 272611322
32 13 858928466
47 27 84233655
41 6 851491396
27 32 541091639
2 30 976207971
9 50 102730323
34 49 832498749
12 1 452444263
45 28 281938575
4 49 79273993
18 17 223720208
45 23 895286989
50 18 771559737
33 8 730232327
14 30 706989406
14 2 725169407
12 2 736808917
15 14 887804900
44 38 138334061
42 32 30590958
10 39 475045963
33 28 661898680
2 16 114683476
10 43 615408978
41 50 546843910
45 8 46458074
46 25 624929689
12 24 90378550
1 37 73262566
33 46 84086709
21 10 247978653
50 41 423866862
16 17 548501344
10 46 178406198
9 5 2156709
16 30 848477199
42 18 672614343
16 20 159583241
4 37 909311802
1 46 56254952
10 50 532203036
50 11 855843557
18 5 480012558
13 4 471237073
20 12 117298484
1 10 420153492
21 5 662520560
42 45 728692251
28 48 358989818
25 1 691747321
24 37 315104773
35 45 999075432
41 2 963107034
44 27 321883053
5 10 690812468
16 4 616739187
20 13 851153987
16 15 18986557
13 33 63131798
16 3 909368628
4 28 789267402
50 11 655839478
3 44 80435364
29 49 611556404
41 16 132641499
44 4 793331005
8 42 442102120
22 1 456601892
4 50 143897207
9 27 118332572
36 31 288679289
46 8 334624042
42 23 817043091
42 26 68465345
9 26 855095174
12 30 851780116
5 1 626157311
5 42 840747318
7 1 929275091
35 22 398214097
15 10 939311655
24 3 572705242
46 45 297470289
23 39 929230182
48 14 789867973
29 29 275228833
30 39 149535596
23 8 116458601
23 1 900017107
46 47 563342913
5 3 868320998
9 44 456735114
3 34 984424740
42 16 531825237
5 40 710493010
36 23 358102259
24 18 267983990
34 20 29723969
34 27 657473143
30 41 590096016
34 40 650957861
27 6 128737968
12 45 358060376
29 31 8484529
21 42 992122
43 3 190678328
12 42 429323263
34 12 195600589
12 4 330257622
2 21 467602157
44 34 153331938
49 1 179274971
45 28 118136497
27 8 824935860
19 29 523870539
23 7 709841209
14 21 658076703
25 9 518112616
30 30 258923901
3 36 928011312
36 25 793750466
36 45 724462359
15 43 881914809
23 3 398016203
3 43 657108129
11 3 222199949
32 5 451393921
40 22 465190386
22 23 293313312
9 36 593235842
34 1 660086694
28 11 144823729
21 19 28701266
23 23 522296032
17 4 781576204
19 2 365082959
23 25 758461919
46 10 243552700
18 22 15955890
4 15 110961813
6 10 291139921
17 40 562338504
37 7 103832532
10 38 886274852
13 44 587117676
16 2 730231542
40 20 877974010
50 22 540938134
23 13 89752881
37 25 78309449
48 45 992168204
37 49 625079611
43 32 848989677
30 35 103362266
23 10 81180875
26 3 144586337
46 14 220811304
19 49 56216994
31 29 821026495
5 29 956036767
49 34 759516355
49 45 891551952
30 23 201999990
14 38 867045382
25 12 114016863
29 50 871974286
42 4 63549663
40 49 889655858
21 43 3910978
49 11 717238208
33 17 993115712
27 20 975199763
1 9 225828863
39 40 848835545
2 2 583011010
4 39 15472935
9 2 434001915
7 11 11539257
1 39 846572148
13 48 28853470
29 12 784176319
48 24 809741601
8 38 583145279
49 32 953377029
2 44 876315469
43 30 580625121
46 44 915925024
6 2 103026482
46 2 50662840
44 21 727344240
5 39 794140152
30 41 863083282
19 21 825725581
3 50 884067038
46 20 610185738
25 42 413065839
18 17 869714331
20 48 43680876
21 39 677137684
43 30 773995731
32 33 51493226
22 14 502745880
43 44 660502511
44 33 898075630
15 22 916817132
7 11 299738027
23 43 914827601
23 21 48604120
11 6 712606841
43 36 605924263
25 12 757409856
39 43 951239937
34 4 702188810
19 35 593401754
40 16 430772149
2 44 90615464
45 46 858589522
17 15 798102994
22 6 569731418
9 20 371621281
22 25 783633173
15 13 452423597
20 25 93592187
4 28 532864523
21 29 654307641
14 44 773139982
9 17 449911034
23 10 259367830
30 30 97707598
50 10 789551669
26 32 666444829
39 30 74847601
15 17 222538567
42 41 917503886
22 31 910335539
17 14 970367009
33 47 249852674
45 28 811103782
24 25 407757156
33 45 899903286
16 24 598499137
45 26 260954564
13 42 985993152
3 27 33352766
35 17 996435160
49 27 158528833
47 50 610249250
25 31 62702282
1 38 19023628
46 25 343912001
21 11 261505033
46 25 407952248
37 28 88193595
15 46 543304907
31 7 158667060
9 41 441104044
8 42 16272194
40 24 481566191
29 1 948870215
4 4 220924567
16 36 382248212
40 36 804318682
20 30 414499929
17 36 730297815
25 47 226765281
15 41 109205161
7 34 758049871
32 26 718119380
34 42 653033821
37 9 970550350
25 20 423088603
10 4 461664068
41 32 347231310
26 49 918299831
25 29 60738749
17 42 770983223
2 14 60078437
28 44 243306345
19 14 383369228
27 15 646774362
49 17 82466450
2 37 99434174
35 48 810662485
35 28 304344977
14 26 271270205
7 48 722621579
20 36 952019495
15 33 975736146
29 10 275337723
43 23 652210792
12 23 179796270
50 48 387826018
47 35 933135069
24 11 935256056
1 17 271970440
50 45 22559855
37 39 148745813
19 37 556061833
31 9 667659997
3 2 136574127
27 22 933354572
27 39 333606285
13 10 798993334
25 17 529263380
42 6 295232605
36 13 157639757
27 25 34951706
13 9 692279592
23 6 225446113
27 34 17820495
48 5 863660747
38 39 402982376
49 24 735219554
15 5 671034766
23 9 219805692
35 15 947769833
11 22 282581471
20 16 323743747
27 28 752025511
10 22 990248133
17 20 248171461
7 47 559060
31 50 635236948
35 17 642889248
46 9 106255665
12 41 297306637
34 11 943634723
49 9 341469383
26 19 899388802
49 4 137569328
18 14 45101440
15 24 702823356
16 23 149374064
33 20 478714194
41 36 777656181
33 22 488916276
46 46 622650587
6 29 66327172
27 32 659709270
30 12 333275697
45 3 252330595
20 8 985567415
44 21 935968531
16 17 838753496
1 47 69989780
23 24 996966722
18 12 419970507
48 34 769066252
32 3 73030407
43 50 83888483
45 46 644404964
4 10 2751311
26 42 159486582
44 40 749847726
42 19 269240341
15 43 823920091
29 49 563709965
12 2 432244685
16 10 623509984
17 45 36894665
13 8 515000759
24 20 102929705
18 2 503504858
7 27 571132986
27 19 932011929
19 11 216314221
17 26 765472487
18 12 202137315
30 45 445152228
24 12 301710144
33 20 957603110
3 25 517678074
6 34 967502450
32 19 243044767
2 50 35574873
12 20 120115251
39 8 788599920
2 23 166032088
49 50 21478008
10 45 280484437
31 7 879456210
5 32 315314642
41 31 443327396
9 49 570464701
10 23 299090634
29 24 898445535
37 43 44965847
11 30 7394237
12 37 365459039
7 23 595186587
13 34 585987898
44 26 347378
27 21 793711085
25 24 469583875
48 7 451615085
21 42 671816645
13 40 199019125
44 28 798695013
31 16 672981623
5 4 119547535
39 1 292619243
16 31 149799857
38 15 61283802
11 41 994573528
18 25 897746505
11 21 953861252
50 48 988065724
29 10 936443488
45 35 965026631
50 21 947809513
3 15 165276570
33 21 496884010
47 24 257946475
39 2 744307712
15 8 378948775
36 11 755927592
35 34 331238754
44 23 297331755
30 5 514117183
50 20 199570429
14 39 948878079
36 48 200544381
10 24 954916713
13 37 858222511
20 11 232562001
32 4 677033915
17 7 568487602
39 11 105942186
43 44 940609032
12 22 745469761
2 2 345104613
49 32 32132828
24 46 956354264
11 8 884085425
21 8 957383487
27 25 779027658
33 26 155395541
44 12 222036507
39 45 767910395
12 7 610560187
14 19 402828101
47 49 457474352
45 14 123899303
2 38 660049426
12 26 662748786
36 35 363462509
13 25 518118185
24 31 310470919
20 25 185336114
27 13 656830952
45 13 629558566
45 15 199880681
8 17 568341677
45 44 247407323
22 32 242783777
6 40 787033038
30 26 262221725
12 44 384321087
36 8 111789663
1 11 385236482
15 26 802647658
29 6 561644155
47 35 694358799
43 7 9662207
24 33 244156153
13 22 355224125
40 48 974410130
33 35 109626062
42 49 130392073
3 30 657134911
30 40 300414761
38 46 315576075
22 46 160093206
30 4 957865454
15 7 368942246
36 33 908588719
36 14 792783733
20 25 392161824
20 50 164677559
1 10 295667050
42 22 146993954
37 46 348216836
33 3 246700023
38 7 115817896
44 4 202977777
28 25 898447091
42 9 694291579
18 33 852732964
19 41 610608685
28 42 79708404
1 46 497784954
49 31 520002346
1 5 560521084
9 50 313699968
15 28 641717556
39 19 641246351
49 47 667510479
31 12 399952772
23 46 948199291
15 49 442642110
12 4 392932489
42 1 99485190
48 35 582908990
49 2 150780742
26 9 760965901
44 10 339955767
42 40 91306355
3 11 217866805
50 3 554249886
50 12 970165858
6 3 613798124
6 44 779624285
42 33 668377528
44 24 526757875
4 26 175615925
13 42 112896751
2 48 942080146
14 3 357457690
17 40 211762344
30 49 115602794
34 23 1203793
27 9 71383000
11 37 141110056
37 13 475938747
14 38 389569042
8 38 523718496
7 35 372149810
11 24 749857112
50 18 614342227
1 13 61288095
25 7 533336825
33 7 128453608
21 12 798639987
34 10 126804949
21 2 263729237
10 49 970378751
44 8 439225608
20 21 614092514
37 48 712846275
1 42 142253126
7 18 872478926
13 28 222354502
24 16 266471435
36 16 378239955
37 3 84417938
37 3 413137660
46 12 477295871
19 27 218972717
16 1 995625886
9 29 871534074
29 6 962300074
8 8 121644030
23 42 420948943
38 48 853841218
40 38 896259603
44 49 790289491
5 20 59649377
32 36 781521775
34 21 853247443
12 46 741684960
20 19 508122420
27 50 685896648
20 42 108493955
17 12 427070679
6 14 768431769
5 7 396306460
24 35 281073504
11 9 566991210
33 1 15635741
28 12 897402427
48 32 502028040
47 31 554507859
41 38 277196385
4 16 789081404
19 36 320919223
25 46 957127778
10 1 815877434
18 10 521947709
21 3 294311319
34 29 981110501
15 18 306395680
46 29 232466929
35 13 28451926
50 19 672848668
38 43 19498373
33 22 112144291
33 6 593592266
44 14 376008025
46 35 93429694
24 37 599104716
44 17 634718050
24 45 708392114
36 22 211056261
6 41 251204445
48 13 108423697
20 4 551145784
27 21 828193518
40 45 220640402
26 40 295477645
13 6 920857341
31 5 846698266
27 20 575028461
1 33 660355784
43 27 232392972
