100 100
babaaabaaabaaababbbabaaabaaabaaabababbbabaaabaaabaaababbbabaaabaaabaaababbaabbaabbaabbaabbaaaaaaaaab
80 84
3 91
9 15
59 88
54 68
85 100
41 97
54 82
38 89
60 69
45 80
16 40
25 34
57 97
13 14
7 98
7 65
47 78
24 86
1 20
89 95
31 89
76 87
42 84
54 99
15 85
50 89
14 54
1 81
36 94
72 84
43 77
14 37
52 76
16 71
18 34
3 24
75 84
73 94
67 92
45 49
89 95
16 42
59 79
1 78
45 61
78 99
40 68
4 28
25 89
42 48
18 39
53 96
49 51
81 86
65 97
55 94
8 34
16 27
10 52
52 62
59 91
11 68
35 67
16 74
6 92
74 88
13 27
32 75
59 76
13 21
21 82
54 82
32 88
29 69
11 24
28 50
24 44
56 90
20 51
43 55
44 94
5 94
4 54
12 35
76 79
62 95
32 49
61 73
31 50
12 71
10 20
33 49
17 94
71 86
86 92
55 67
36 41
46 97
36 55
