77812
173412
144168
54520
11160
31912
278840
144034
62211
221052
229695
384081
43560
41344
53118
8760
13440
18680
3544
34746
104300
107865
15728
48874
13992
13290
27668
8000
15776
38058
12152
52885
28166
27968
47511
13784
47364
51650
60494
17980
17980
79286
111622
221338
33368
212264
73744
36586
77760
110426
79972
96529
27668
50570
19544
55423
87848
117955
104024
78018
41570
52012
25766
149228
180132
69760
6152
104024
276618
60808
7536
31104
123391
131679
48605
183969
89167
58461
59258
270536
157208
55500
110335
228041
63070
146467
263133
160924
61443
10376
202389
62032
94828
37952
285620
174620
138367
56059
89952
306556
135735
149772
28515
100578
213149
270390
7096
235371
436378
79506
259613
119832
187371
35514
190098
62404
15601
89952
86743
49640
103496
118139
33466
29629
59968
44290
100637
157076
83156
201907
89901
115958
31498
18278
95562
44290
206948
112950
75922
96405
270092
91393
160503
253811
75111
125920
13608
45105
9360
111439
9584
139372
86067
76308
120732
81337
14164
21116
87521
61969
100844
65671
58192
104673
13200
18232
62816
81550
146914
115262
138885
79001
166059
78374
78259
167737
51706
109693
67415
220622
143969
132976
95266
188210
240472
65085
266035
66114
289912
43060
100673
84280
213620
177488
211096
189478
455470
378757
362896
181429
92647
70165
206323
156617
258068
194509
83844
202947
97664
104728
10980
46625
234943
148357
90268
87167
88609
273754
195102
199502
103682
218246
41714
27196
297767
243478
5872
285078
117989
105168
211106
167340
356668
74929
5688
7648
17365
11672
180666
92651
340178
111288
108856
81630
45153
151150
27540
80104
26880
124588
38368
51387
94672
62948
12872
60070
29447
109717
94368
130108
10679
203715
117117
150735
379274
83297
291537
353737
119866
44656
116900
99533
12760
83124
85939
279951
167587
71919
161722
56580
18976
93942
35848
283898
100929
129390
141431
181629
184512
175857
90569
52172
160592
89284
8328
105891
35442
28076
43175
87284
56244
64678
58310
17000
87734
124240
128101
2400
61767
7744
65280
93326
160331
11352
68200
208818
260732
99585
89428
14133
82297
119944
29934
222562
450236
213117
205541
100290
167188
123575
108731
165325
50528
138565
74422
83139
173901
64072
26242
297912
213786
59441
286525
155256
78079
136176
75014
167638
66693
37458
38398
125188
76030
61244
32172
28791
107648
186080
74422
54950
110376
13825
53910
54997
69762
12288
31558
85473
113964
104539
89978
114483
63929
198996
261793
68878
137624
56616
153877
86987
83684
7424
22275
60264
83645
23740
103451
12400
81153
113964
29984
23772
3368
8815
27010
12400
61700
109458
78467
248569
99446
96296
70236
12668
48568
110181
37082
83365
37106
47305
64183
62050
7928
33894
66722
57920
28960
188372
181579
115607
19484
105130
16896
42424
177647
126148
116432
108465
162335
335717
66284
114926
29690
120148
68852
138875
93415
22533
118116
42920
44629
93535
32032
27034
9375
57192
21375
131804
64679
196541
246249
238131
19592
59181
99338
110683
19939
67688
148860
24103
65700
36183
204285
124100
86229
51975
220642
97310
55375
152206
118467
230079
129558
70729
207852
115452
54600
73507
145756
82848
186505
57932
57776
108220
82965
169688
89745
25852
29003
52536
4240
149992
28622
99696
58073
138995
56750
90385
114435
