200 500
1 2 1091790 7133119
2 3 9014870 8714716
3 4 9815851 8895405
4 5 5655918 6697424
5 6 5824910 9601455
6 7 9589215 3431906
7 8 6276153 9105945
8 9 8405988 3791826
9 10 9423780 8575830
10 11 8279473 1722397
11 12 1002020 2436335
12 13 6334828 4723965
13 14 6511258 8083352
14 15 54964 1439075
15 16 9780259 8897724
16 17 6030842 7900921
17 18 9131988 872048
18 19 2283804 7562063
19 20 6775838 8947838
20 21 8549292 7939721
21 22 3887978 5117099
22 23 4223043 654859
23 24 6963036 2680482
24 25 3772663 5145382
25 26 6867778 6386815
26 27 8823150 2052136
27 28 6776100 7869797
28 29 8469500 5157977
29 30 9113403 3287357
30 31 4701432 1040816
31 32 8941736 8893661
32 33 2282060 3248625
33 34 3327039 8073723
34 35 9537912 4565863
35 36 5021935 102876
36 37 5219974 603555
37 38 1258413 1426264
38 39 4106746 1959368
39 40 7104750 8221449
40 41 4608263 7879408
41 42 9931543 3972527
42 43 4358676 5947764
43 44 3622092 9223995
44 45 2511351 5344527
45 46 6385342 2735494
46 47 1629154 9729135
47 48 2977759 5327077
48 49 5917151 3911213
49 50 8477075 6304798
50 51 8924025 5455062
51 52 6058617 3499009
52 53 7441625 4143999
53 54 8619718 7317029
54 55 8054829 1548370
55 56 1944129 8240819
56 57 2213346 5179444
57 58 1127207 1875672
58 59 3616018 9088373
59 60 4432899 4749299
60 61 1144 6127368
61 62 8372854 818241
62 63 8661669 1630298
63 64 8057862 1350613
64 65 171762 7095172
65 66 2550233 9051289
66 67 5066649 9095786
67 68 5756136 1125201
68 69 958582 2508273
69 70 6572994 4375854
70 71 2616672 9013410
71 72 6709205 8517123
72 73 2909146 7346369
73 74 8951093 7836412
74 75 5102062 6525163
75 76 5168882 5900344
76 77 9234936 5103205
77 78 9249854 3541736
78 79 4892348 7896604
79 80 4991775 9824068
80 81 1391708 7580461
81 82 6676246 58360
82 83 1183560 6458356
83 84 1482981 2432382
84 85 9324587 4658493
85 86 6188255 8055974
86 87 6573096 4457610
87 88 4320331 2897459
88 89 3250222 9482241
89 90 6007403 3271423
90 91 9171766 8352283
91 92 5971840 1176285
92 93 4718020 8406701
93 94 8819657 7738045
94 95 78464 2126719
95 96 9707179 6327783
96 97 8902494 1470171
97 98 7928527 8899776
98 99 3848509 2602406
99 100 7260898 9411507
100 101 7467480 3173095
101 102 147057 3449152
102 103 8862963 6556928
103 104 6039168 4467387
104 105 255161 2113184
105 106 2981819 4562923
106 107 8255559 1943279
107 108 349979 8953658
108 109 9208054 5489930
109 110 133000 1685987
110 111 530122 9286518
111 112 756688 9840178
112 113 1256305 1948967
113 114 4551372 1201566
114 115 3129424 5104814
115 116 794260 4328622
116 117 294125 3113256
117 118 9670183 941316
118 119 7925054 9157087
119 120 1270271 8225702
120 121 5304976 8180215
121 122 123493 4252089
122 123 5722098 3560534
123 124 9050463 2989823
124 125 7192162 7446503
125 126 6733020 9183462
126 127 1539991 238635
127 128 2187601 6060
128 129 1207625 2796296
129 130 417461 9255325
130 131 3583946 4337049
131 132 7450304 1211720
132 133 4669388 6394422
133 134 5551509 9636838
134 135 7862539 2594441
135 136 3291007 9338131
136 137 6106571 3167515
137 138 9244400 5930851
138 139 8920674 4345020
139 140 1791522 811215
140 141 9994676 8629187
141 142 8867821 1040894
142 143 1046953 4051019
143 144 9363666 1055421
144 145 310745 4770929
145 146 1624329 9781126
146 147 992845 6411042
147 148 2805464 1590984
148 149 3744173 8178584
149 150 773025 873324
150 151 2727806 1606712
151 152 7290578 6580383
152 153 2511234 1350728
153 154 5695747 9051329
154 155 9862543 1431907
155 156 61093 3620
156 157 3560865 2373571
157 158 6424589 1445265
158 159 2500685 7124169
159 160 4411450 5788254
160 161 5569379 5327782
161 162 4255175 6035778
162 163 143114 9078575
163 164 7257159 7060638
164 165 450313 3887286
165 166 8010349 546535
166 167 7126917 5694470
167 168 7045197 7817278
168 169 6868607 9638150
169 170 3586408 5257295
170 171 5260915 6731149
171 172 9104719 6163852
172 173 7609116 1338131
173 174 8462300 8045659
174 175 3833912 2626153
175 176 7953934 2873749
176 177 1425878 1919642
177 178 998217 4725460
178 179 4302450 1568991
179 180 5456277 771727
180 181 1318261 4752762
181 182 447232 3466625
182 183 1283903 8445177
183 184 599679 7492428
184 185 5266075 8152509
185 186 7400009 4186086
186 187 349938 3043341
187 188 4381471 9021080
188 189 7066738 475405
189 190 3101557 5360122
190 191 8233870 3417002
191 192 5336643 3571842
192 193 8297302 9659748
193 194 3745090 8851211
194 195 9622937 2599751
195 196 9868864 9201366
196 197 5184343 941197
197 198 1902726 316095
198 199 324875 6468245
199 200 7137105 2502404
65 89 6074544 2071130
50 146 5780805 8175872
2 20 7640867 4985645
60 175 449570 3715410
2 103 467904 8447677
56 172 1850098 1154145
59 120 4738562 8615106
7 45 8249078 4014753
49 154 1976446 4532249
20 182 3669232 2415629
86 121 1028141 6703510
44 54 264055 2878239
16 169 7592174 7090502
3 14 2889851 8223760
59 131 1555630 4855910
64 90 4338440 5224861
120 194 287005 8182996
66 105 728662 3831498
110 136 2190434 992716
56 119 6977810 3947890
12 142 7239921 7671131
123 147 455983 9544162
128 133 2335146 5892838
37 135 1862898 3063807
22 74 4702556 4053331
40 163 8976729 6745107
172 190 3066583 3664729
5 16 6514142 9777139
49 66 3865687 5713674
102 149 9820893 4370278
63 184 920434 8797621
125 149 3103607 3987016
11 164 9685549 1693238
58 86 6556331 4129566
124 129 4670849 1388745
49 103 4716595 4760347
143 173 1487558 6856941
108 113 8364632 2407991
62 159 6947821 1468238
180 200 2447169 1276336
148 193 224466 4629607
76 82 5096772 3649546
130 146 2625276 664474
140 170 2883883 2177676
94 168 4567554 4371440
32 182 2871493 2932185
140 175 8961072 2335665
97 198 1955372 4612787
80 84 2129561 7052143
29 169 4363169 7271189
3 135 6651194 6032535
88 166 7479073 5946975
11 67 5994275 6912199
90 172 2072481 4638979
22 143 9324762 2192214
63 103 6873665 1289977
58 77 9471832 8109629
50 99 6806539 278865
97 117 5027763 1946063
105 175 4885119 5840750
77 78 8235818 1758783
94 169 1193794 7271823
7 25 9642671 2099044
66 86 7397384 1463779
53 101 2262814 8984838
89 94 522638 6609189
12 17 5919946 169715
24 133 4189067 9438583
122 126 5441010 5685174
19 114 5274582 8479999
22 170 5344804 7269731
101 120 8926484 1960107
23 26 4381348 4609195
36 166 8716186 9192062
11 171 610557 2138888
65 115 975717 7188537
186 195 1967118 9902200
9 56 5634983 4738939
82 134 6453269 16330
51 191 6133349 5169454
86 105 4484697 3357774
27 62 7114347 5095253
122 131 1964386 3226397
45 133 5729782 5456455
52 135 4952190 1813262
69 95 7186399 6816675
115 125 7202120 8911141
24 47 3042202 2066675
60 127 2998734 156548
10 145 920054 7479471
29 125 8394156 9166188
42 192 7099311 4331628
86 103 2687200 6802061
51 53 9506462 7701696
132 196 7310941 2505195
27 72 3427869 1809323
63 103 4559300 3043531
5 191 390383 7246499
16 189 7046063 9248526
50 57 3638845 7420658
131 199 4135206 341027
19 89 3801749 2792508
160 184 2531775 5609155
38 174 9514847 1662689
148 183 7041120 5674635
37 192 5095128 42693
9 142 2426763 5146426
68 149 3488457 9800794
74 82 2214443 3003304
25 105 5617162 802874
22 143 3052992 4706124
31 175 9235468 497573
107 155 8783284 9620193
96 172 2146766 3586100
22 47 3529844 8588838
141 161 65572 9099187
136 160 8934805 1817391
24 185 3773882 9692504
60 101 2379128 4377724
158 171 7703409 4918051
136 176 1525358 675085
1 114 4154387 5075235
85 122 4934075 6267498
11 182 8443653 2694755
29 72 4743640 1896563
9 17 2018497 2334641
6 165 3631758 4789999
106 194 9105832 7650990
115 152 8185621 4144213
5 193 6622319 8470244
33 167 7910751 5412957
14 111 4081019 1476117
28 67 9360458 7712776
52 71 7440357 4593724
64 113 76130 9062540
17 152 736221 778103
145 146 7522729 7358539
79 111 7901398 1290165
102 130 1790418 1112509
37 75 6769640 5265897
85 136 3147501 3846842
39 144 8246735 3883721
10 142 2852974 6470064
139 166 2733199 4680303
38 171 3904534 9242476
10 173 7676358 6280506
133 190 1012774 3465245
42 83 448762 8154070
18 159 8993432 6723724
112 134 3119575 2712725
89 159 922994 4144267
116 151 2299760 4340535
76 176 5509745 7276994
89 163 3110765 7537103
50 119 7569508 7306189
55 103 4020295 3128582
61 200 922376 7459641
150 175 971425 5738487
107 189 8633556 721238
59 178 6791193 6203064
57 188 3508163 5431044
27 50 2714960 4437865
159 184 6119908 9964452
155 163 2156462 2623477
17 162 9509432 6404843
14 198 9653830 5109198
77 157 832435 92624
46 108 630766 9176199
113 153 928989 414681
7 183 5711249 3803896
100 137 118665 1489901
87 98 8523444 9772494
191 199 5797267 5012511
53 152 8322251 7321793
55 132 9946572 6606652
84 104 7328385 8247861
60 100 2030367 7811242
70 130 743339 7795896
40 184 4191276 3984171
159 190 7195042 7259596
26 61 967260 3326554
74 143 3037933 2981235
51 132 8656121 7749770
13 66 3257351 9399459
14 36 6898761 7296814
29 106 77407 4922569
118 122 7276743 1044666
17 52 6426011 2831028
9 134 304094 8766011
75 131 9615903 2803496
61 106 3254326 8491538
66 172 5520274 976214
114 137 1890010 8740567
40 154 1398100 2132425
11 162 5475211 7168778
115 141 8894221 6680990
33 49 2595552 7534784
188 189 1228354 101583
150 174 5012526 1221860
25 70 5405954 5636488
80 154 2994869 4887660
84 90 2275469 6947867
47 160 7629629 6332305
2 76 5156827 4224931
124 192 7653059 6463845
70 158 7476816 9455487
64 171 9938682 2259057
83 162 6982082 1105311
73 167 3150338 4611710
42 110 7316373 5769072
39 147 9408035 7799516
5 185 2958291 727192
89 155 594372 2831355
5 189 4704514 6406983
78 154 8063243 3784929
7 170 9766430 5022104
95 142 5654410 5616176
28 191 3137362 4492550
56 180 7169185 1227067
55 200 607031 8131723
5 97 4478511 9413075
112 120 9490250 4755874
15 47 5850682 8869561
67 113 4826389 7026440
39 57 6456360 2512660
137 200 9735617 4793368
53 159 4954820 6557799
6 111 8273740 3321853
3 166 8842793 40172
22 32 4449765 7815504
48 160 1219774 2195935
173 198 7879578 6886592
4 49 893752 582853
3 120 2157327 5766498
64 71 9746368 7226510
130 156 8158054 3228896
87 89 3001205 279457
22 59 5011271 3572924
137 140 1780446 4443494
2 185 9263683 9436106
89 197 8492071 7813192
57 123 7443429 2396802
58 132 4875345 9918806
101 146 3965824 2594872
6 21 99608 5195093
5 198 3721649 1879642
45 142 5305453 2826153
64 106 5516074 5265233
37 38 8367161 391418
51 118 493523 3265658
86 88 5240131 6553980
47 137 6099889 9871328
170 181 3260122 9825971
33 187 2597865 999427
128 153 378386 614698
27 142 8849109 6070163
130 195 1226658 2304017
39 157 8285562 9120181
30 165 8048809 7175748
29 159 9348931 4278024
40 62 2872002 4940977
2 71 342531 860358
17 174 8600404 4085540
126 179 4410258 7356960
140 141 8006439 3379422
85 135 6873920 3156627
77 84 9110246 4676551
9 91 2005486 7710649
69 160 9621560 6415743
100 116 4445449 7627998
70 146 1618754 6211324
32 150 3892353 1009025
50 187 2100977 2380164
7 40 6200157 3135660
47 85 6269467 4372906
26 48 6035375 8132868
48 137 5813571 8284520
42 151 5567666 5181521
23 105 7099738 6730226
112 187 1912218 6668650
5 46 6609431 5217218
27 134 8021482 6416281
61 73 2704173 5183085
59 135 4768015 7132742
147 154 9539072 8691267
30 80 7546208 387687
89 90 3524426 2972525
40 68 4308724 1001043
6 121 8994089 2727021
64 129 9331482 5675770
1 199 1594039 8430513
25 159 3364819 127700
82 86 317230 2047074
35 66 1003255 6985373
84 193 3244484 7161250
144 163 4747902 4838522
100 159 918324 4672462
69 161 5121903 4283143
69 166 9265441 4283972
64 84 5280877 2414560
7 28 5753501 81037
