1513543247857 1788945558754
100
1000001100001011111101110111110000000011100111111011011001011110101111110110000011100100101100100101
0100101001101011001000101100110011110110011110001001110100110000111001000010110111011010010010111111
1010100011010111000001010101100000111010111101001000000111001011000000011000101010100011001010001010
0001000111101001100100011001110101000110011101000010110100101100001100010111011110101100110110101101
1111000100011110011001110101000000110100111100010010000100001001010101001011010110111110010111011110
0001100110111110101001111110011100101110111110010101011100100100000011110000110011000011110011100000
0111001110000010000100110100100101000000111001001110011010001101000000001100101011101000001001100001
1010110101011011110111010111111101101110111000010101100011111000111011010011011101010000111001100000
0101000111101010111000010001010100010010100010001110001111110111010101000011010001101100010001001000
1100111110010111000111001111110110000110011111001110111111110000001011000001110110000100011010110100
0011001010011010101001001111100110111110011110100001111001111000010000000011101111001110111001011010
1111011000001000011000100111010110010011001101011110101111011011101000000000100000010111010101111101
0101000100110110110111000110000101011010001101110011001011110111011110111111001010111000111010011000
0010100101011100011101011000100110010010101101100011010111111110011000110100001000010001111000010011
0110100010110000110000100111110010011010100111001100110110110001110100010101101111110100110110011001
0111010000101001101101100101111010100001000011100001111111101101101111101110110011110100000011000110
1011110111010011111001011101010111110001111110100100010001110000100110100100110110000000010101001011
0011000101110010101100011000101001010001000011011100101001101001010011111100000100001101110000101001
1011101010000010000001100010001101110111111011100000010101101000001001110110010011100101101010111001
1101111010010100001011111011000001101111100000011001001011101000111011001010101011000111000110100100
0101111101010100110001100010110100010110110001100000100011110101011110110000100010001000011011011011
1110101010011001011000010110110010110101010000001101110101001011111100011100110100110001110110000100
1010011100000111101100001100000001000111101001101100110011011100011101011100000001001010011010111111
0010010000100100011000000111110001111011010111111110000101010110100001000001101100101100100000110101
0101110100110000100100100000110011001010010110100111100011101001111010000010000000111111100000100010
1000011110001101101111000101001100010010011001101100111110000110001100001100011110011001100100010000
0100011011000101100001110100011101001110010010111000010110001011011101111100001110100010111010110000
0000000001010110011011011001101110101011111101100111010110111100111101011000101101000110101111100001
1001010011100010010010110000001110000001100101100111101110011000011011100111011010011101111011101100
1101101111101101100101011010110001011011000000000001100010110111110100111000010101001000000101000101
1010110010001101001011111100101000110000101011011100010010010011110101000111001001011000111111010101
1000111001101010000010010110101110110110100001011010110011100111111011111101001111011011100010101100
0000100011100100100000011111011111111111000110011100110001001001010100001001001111000101110000011011
1101101001011110011010001100001101110001101110000001001001011100111100110011000100000101100010111110
0000111101001101010011110010111111101101001111111001111000101000111101111111010111111011100100111010
1111001111101011000011000110100101110100011011110011010010111110101111101010101110100001110110000000
0111000010101011011000111010101101111011100101010010000110101011110010101011111101110101100010000100
0011100001000001000110111101100011010010010000101110011001100011011001110101001000000110011011000101
0101001000011001000011101001110110100000001101001100111000001100111001001000100010000001111000110011
0000111001110101001111001001100111101011001011100111010101001011000001110000111001100111000101101010
0010011101111100110000011101111011111111110100101100001000100010010111010100100110010100101001000001
0100101001010111000001111010100101010001111000000001110110010001000111110111010010100010110010000010
0010001000110101111110100111101001101001000011011110010110001000110011000100100100011011001010010011
0110010000011001001111001111001001010110001010011110010011011011111010001000001101010011010010001110
1001100000001110110011000100000011000001110111011101010001000100001010111110110001010011001110100111
0100100110110111100101010110101100111111001010011100100011101100001110110010100101011100000001100111
1000100011100100111110011111010011111011000110111011010001111110111001110101101000110000110001111111
1101000001100010010101001110110101000110001101110001100010001001011001010100010011010011000000010101
0100001010101010110000000100001001110001100100110001100010110000110001100110000110001000111001111110
0110011011001110011000000010100111011001110001000100010011000100001011101010110100101100001000001010
0101110111110110010110001111111111110001010010001100100010000100010111110100011101110001001000101011
0110000111001010001011001111001010100111010000101000111011111111111110001101110010010110001100001000
1100011100111000111100001100111010110101111110000000011000000110100011100000011111110010011000111100
1110001010010101101111001011110001001111000100110100110110000110001111111100101101110110010100001101
0110011001000000010001010001110100101100101101011110100011000000101110011010101010001011101001001110
1101001001011000110101110010100010010000111101111010001001111100011011101101001000111100111110000000
1110011000011101111100100100110010010110011101100110000111011001111010010101100111110111111011011010
1000010111010100001111001011011011101110110011001010111001110000110011011010000111101100001000100100
1100000010111101000001111011100000010111010010000011000010000010011110101001010001000010101111100001
1101100101011001001110010100111000110110011001010010011111100010100111000000011010100011110000000101
1101111111011101011101001001000001101111000111001000000000011000010111011010101001110110101100101100
1011110100010101000000011010100010010101000010111101110000111110110110011100000101000111001010001000
1011011110011001100000011100011101011010000010100101001110110000100010011111010110011011100100110001
0001010110011010111011000110111010011010000001000000110010011110001101001110110101111110110001101100
1001010011001000100100010100000000111011011010000001001011111110010001110011010101000101101010111101
1001001101100010010010110011110111011100010011101111110111110111010010110101101001100000010000010011
1110110001001110010100101000111010110000111100100111111011101100100110110110110100001111100001101100
0000011100110001100111010101110100001101011010001011100111011101100101000011101001011111011000000111
1001011110100000110111110011110100111000111101011100110101011000110011110011001011111100110101011001
0011010001001100110110010000000101001000000101101111000111111110100111010000001000000110010011011011
0011101001001111100111010101101010111101100101110011110001101011001011101111001010001111110100010011
1010000110000000100011001100100000111010101001010011000001000001000011000001110111100110100011011110
0110000010001101000010010011010111111110011011000101100001001001010100011011100000101110100110111000
1111011101100001011101100000001010111001011101000011110111111101111010101101010010111011011100111010
0011101001101000000110101110101000000101100101100001000011001001101101011000011011001110001110011001
1000110110111100100100110001110110110010100110000001101001100111100101101011011111111000010000001000
1010100100010110011000000101100111001000011101100111110101101101011111110010110000001011000011101110
1110000101011111010000101111011111100000101110101111001011001101110000111000111000110001011001010100
1001011110000110101010101001001010111011101000011011000000111000101100011011011111110001110010110100
0100100011110000100000010011001101000011001101111001100100101110101100010111101101101111110010100110
0101000111001111010111100000100010110101011100001101001010101111110011011110000111101110111101000001
1000011000100101011001011000011000010100010101000101101101011101000111100100000001000000001000111010
0111001001101110111001000011101010000000100001010110010110000100011100111101110110101001001001010001
0101101010111111110111111100111111011001101001101010010101110111100111101111100011011011110000110000
1100011010010101110100011010001101000101000110000001101010111010000111100010101010110111000110000000
0111100010000100001001010111110110101101100101000011110100101010110001000011110101001011011001100010
0010010111111110110000010010110101100110000110101001010011000101001001000000001111000010111110010000
1100011100011110010101100011011101010000111110100011111110000110100111011101101001110101100101101010
1001000110111011110110000100001111111101110111010001111011101011110100100101111110010101100000110100
1100001011000100001011010100011101010010010010111110001001100100100011100110100111110111101101100000
1111000101110000101001101010101100110010110110100100101011001110111111111101011101011101101110010100
1010011000101101011001101011011011110101011001000110100100111110100011000001111101011010010101101001
1000001101111100010010001011110111100111101101111100100101101001100000100101011101110101110101101101
0101101110111100111011001000101000100110111100010010000000011001101000011000101001001111010011111110
1010110101100101010111001100001001001110101000110100111011010101011010000110000111110011100110111110
1000110101001100011100001011101110101010000011101110010101101000111100111100001001010010110001110011
0010101100011011111001110001011110000001011111001010000001101000111010000010111101000000001111100111
0001001010111111010001010010000000010101100001100111011001100111011101011110011110010111100100100110
0100101011010100000011100110101001100011010111010100000100001011010101001001101111001001001110000100
0110000000111101000100111110100000111100011110111111001011011110111110101011010001000010101000001011
