666 2333 155 254
585 109 918276551
609 490 578962157
443 360 663352761
463 21 578841882
325 452 994669537
67 560 115244200
76 316 801348983
7 46 768682266
240 288 979790636
424 366 988475851
187 546 874795978
541 376 945074883
367 247 108695207
339 249 926596500
303 651 825379773
150 517 966068506
467 241 958799933
303 458 906541620
87 230 311300625
575 100 439449033
379 158 646190841
425 106 747091772
664 145 557846904
136 448 95833815
573 450 10451528
636 172 773748345
8 619 111407969
192 166 986686780
31 605 137321276
157 592 943173248
202 117 95268551
33 391 103322866
63 401 132276303
255 614 925588757
414 550 655455798
628 57 754643229
463 449 302285779
27 660 927003917
406 94 878856960
626 613 984524257
636 437 64694294
140 636 907827860
658 74 983680841
171 552 36273030
258 317 76714140
170 154 994579104
161 281 562883241
450 121 973760436
157 540 325685628
425 207 391943249
266 125 546343738
174 634 855233628
194 202 662950027
273 18 583220508
383 494 1336681
650 581 724005674
50 134 830946415
654 187 62630136
195 487 985384380
643 421 63214764
382 152 59893128
115 16 905216273
605 242 144594138
195 211 101230770
46 252 954874648
78 184 973612188
54 271 710789132
335 156 150292989
608 206 714946480
175 400 871275167
561 242 768901391
664 626 693245917
49 73 947414484
531 313 143901732
644 548 820051476
321 205 611439323
510 586 807677791
304 557 826235905
520 234 25031048
296 489 449656089
416 497 591142981
72 654 149147771
136 484 19229360
612 165 218092437
410 629 949422727
234 74 665609929
462 280 125037782
138 400 976156246
277 410 961309641
379 1 893175225
607 30 490101936
136 383 513577938
533 477 872031688
511 626 123301571
207 334 798695905
603 338 746826155
500 614 979527716
642 613 862542570
605 415 954718680
465 569 16830673
559 635 879739587
633 161 986516253
244 482 50252536
95 555 27526389
162 280 656032140
56 267 307702494
527 618 436637798
567 302 979025157
103 226 842139798
107 67 659928920
644 606 926663978
532 82 112438612
408 440 788095760
190 539 388397228
512 363 547053621
197 395 755942747
644 451 43702308
257 135 894559369
643 439 982911724
128 497 426225558
652 109 942472085
436 598 56617259
580 542 949776110
510 13 512018485
79 95 862778814
536 96 998756352
84 176 639216592
417 25 991903410
650 130 532796253
564 361 891246110
308 360 113486480
659 236 814148889
273 276 518461674
450 85 821788871
90 220 847429116
46 173 889607657
385 42 246671065
272 424 615051158
658 657 572437195
464 543 123986930
620 638 912501234
148 492 410012005
408 387 947648932
79 485 990433085
586 651 856504552
297 67 313703131
624 83 872256710
97 372 172504582
504 213 689713316
107 637 920784360
274 395 140512251
174 614 928253776
14 557 826581147
500 43 713152903
353 120 985901343
349 438 915975694
13 460 991465089
203 426 928089134
565 37 147251705
134 125 182881198
328 33 766679468
59 332 524361609
502 651 775271568
464 603 89511829
268 30 410578732
38 111 812728003
543 452 581296415
415 157 574992836
212 2 7361509
600 379 682073048
146 391 106432021
482 442 44842455
118 194 122970959
561 114 350069080
526 451 616941693
508 306 139944335
410 460 838375482
599 260 593081505
506 499 683488378
390 582 964140261
366 56 168022959
9 194 926658085
378 637 737833626
385 657 377255974
199 614 125786564
184 387 461916376
528 74 134465917
199 154 883607399
384 372 803012189
212 176 116002653
23 363 493263231
122 13 116343838
237 240 300354445
484 446 739589500
640 81 935452669
122 469 975971022
314 541 790673302
156 396 795138562
336 198 632465735
151 407 261950621
83 511 967611708
132 379 41202223
535 621 72332193
614 150 852584680
236 88 824672162
401 311 920385336
213 506 910483110
204 105 927913310
289 353 893962446
652 310 546930043
193 164 114014515
25 78 122329183
138 170 808114959
245 161 894927623
474 274 78347423
475 193 912371004
290 222 945706628
553 252 630493854
284 132 965806767
557 618 967937942
5 29 94127860
214 141 992655075
536 382 798252179
209 315 92020608
572 393 973243556
205 274 713691739
271 494 983306695
212 257 934140070
267 499 431331824
8 461 541485460
296 31 973357611
581 460 96408271
381 359 211561434
283 630 984581934
151 371 217771489
620 344 31998040
553 534 955881241
543 634 653812334
110 90 830577884
357 98 802984330
650 240 3767425
211 153 514114863
10 284 132449439
282 88 931484611
237 206 425605025
274 101 924049651
382 548 989648500
275 67 140170036
445 3 869179953
628 517 363552820
424 425 533339061
512 589 876463986
630 178 34830302
331 225 387836499
534 665 983966703
124 360 782400238
148 10 780487433
26 350 738809857
60 164 24231773
288 284 849949831
138 106 927374636
471 128 42784148
487 465 54755872
368 293 38826232
191 316 989244409
245 500 947728609
2 115 845657725
410 614 89369764
378 551 189739078
346 78 89269971
65 161 134893556
597 39 801664984
172 532 277064096
566 598 546931291
614 407 48153212
612 71 10715755
115 46 602587793
53 305 829119524
172 361 59896430
273 377 448281101
46 377 24669564
289 344 995890020
180 636 681238871
660 572 10223600
556 612 107769494
440 59 137005722
326 187 811608954
498 220 747452693
330 434 964725038
523 134 132300271
33 576 112242532
389 243 913480765
541 229 71897830
570 388 334449981
38 64 25447249
466 1 985757700
320 405 961498119
394 578 985394116
627 369 963804211
412 585 869466894
640 391 57185584
274 281 983316502
62 506 105242275
479 3 336732466
242 292 673789568
428 329 932913702
61 260 901629172
67 198 67762804
125 346 9957460
402 617 77669919
220 379 147321081
413 522 550092549
230 603 762178903
88 622 908795894
15 437 893092277
380 31 111984419
70 372 31414653
420 649 129750361
445 56 15271874
15 407 132790860
372 585 981633665
575 121 102527292
579 22 474591138
418 140 347105887
170 389 957276320
426 197 929708821
436 463 42952252
643 300 826943660
379 526 998536570
124 512 120109533
599 612 85344934
182 107 1712232
236 614 967406769
552 225 858165276
348 578 685299186
466 540 966112833
237 411 956358061
555 528 506430169
220 377 898222588
69 190 902729309
295 313 113422628
55 577 85883601
415 416 118366047
163 321 726942055
43 270 857120536
585 391 75027323
665 515 118528568
423 240 715428992
608 651 95185148
152 10 104578260
43 284 994150818
173 64 988401520
197 474 686164987
479 575 975624973
175 196 709750579
65 264 28179700
195 148 865961923
187 307 390425265
212 69 69133717
383 369 496095185
140 158 748736413
268 264 927370770
465 11 996473322
480 420 316349252
567 665 117628475
365 290 57904946
531 647 739041765
249 576 960779359
172 598 745662474
544 390 90561587
64 97 948793868
158 550 587809817
653 111 861148269
15 60 997279565
123 330 825775422
659 299 67802861
355 618 130590069
173 236 759876221
167 505 974872760
506 289 92082964
129 374 15288195
178 22 105711507
74 54 620242667
641 285 947590948
389 352 19868863
115 217 12711249
648 162 59950618
466 492 978391200
43 252 985501700
362 47 672085353
590 207 69096477
271 229 689952858
294 328 903883707
491 158 894598840
243 152 897070436
664 274 142246564
614 544 852870047
406 657 137072121
251 311 128740977
8 183 518958477
266 41 776571742
132 501 901535123
488 471 387072776
419 426 837918976
543 93 765991217
33 16 810743441
61 293 59871954
580 472 456557492
107 14 18956911
57 361 78346821
281 607 140396618
180 110 743792576
518 495 914062615
23 511 27923202
430 609 910047190
207 399 782506638
137 413 845003436
45 301 77655129
17 296 909598266
78 428 530735257
599 102 779323648
649 539 833517139
343 607 892087058
281 397 941084987
103 236 918470922
665 653 307894803
334 482 995622534
642 386 93651947
103 17 129881583
463 180 179247699
143 554 130607826
374 112 43763493
317 524 126807907
573 666 993694139
477 224 869450751
370 117 149691418
41 321 606880579
174 582 788711793
641 158 57631179
171 250 965053665
105 146 935588972
235 58 47823654
419 349 406608773
314 184 554889500
413 636 635524430
538 619 167436215
640 399 77705839
360 139 22822119
135 466 58259378
448 322 902158842
44 659 564389292
51 368 456134186
225 268 686150419
592 58 952356447
11 612 933225437
295 73 100293356
394 243 141121559
248 131 793107536
602 250 927484414
303 437 786424074
483 487 980355853
614 303 916300518
276 338 76160423
587 374 931671931
192 144 927665729
130 469 706805124
150 622 269062925
514 391 142442829
452 48 905373000
650 288 840420855
409 55 891868654
294 145 773320381
374 470 137422039
271 332 386579002
169 498 937881432
616 21 512524430
578 282 976424824
239 535 56505559
196 585 113766038
530 20 41046700
56 203 122673373
419 205 33098374
309 190 816457838
470 606 730894642
553 352 960668800
269 37 973095679
65 504 83454296
525 387 7576175
427 411 757175834
465 72 93983846
36 93 984228838
513 375 926038919
388 353 143464507
609 557 1811788
141 5 580845644
332 412 80666853
111 652 67439591
517 33 969111816
526 236 600486170
505 438 668680594
452 31 971826755
163 388 801821577
659 631 648336950
292 243 373354097
414 578 892014194
514 272 843916591
321 664 962845993
44 650 647601070
238 198 16074717
209 199 920878355
172 542 91161819
295 155 85745876
92 457 747056829
613 23 779459944
499 400 94018897
85 41 755490218
411 473 648365537
172 298 926899510
438 229 925875866
336 635 381995323
485 245 137909173
48 338 99711029
318 266 943276635
136 613 856483707
485 16 140947712
266 149 888167633
150 213 919473327
125 94 135758298
375 160 17237562
594 98 172968533
297 22 122730771
549 658 794530574
153 292 69147462
433 607 848204238
438 333 793592925
523 530 101980216
619 308 748341471
532 348 893047192
397 563 932429203
126 280 771812196
382 129 73752781
103 242 876170223
330 172 945440368
346 8 965769201
414 542 515786542
151 389 429238784
288 483 54843938
507 2 781287377
240 36 813896672
273 223 46544585
351 298 678959486
287 638 9940221
345 1 121639569
437 377 83310400
316 331 537570729
21 352 850291489
591 401 8016084
185 162 418696709
420 38 989375439
442 42 776718279
590 620 609701547
133 527 770087580
404 391 110851202
339 656 862875698
490 107 825968756
105 106 739369327
177 313 104534095
411 566 911196368
34 499 728912383
69 516 88161938
612 306 72767917
296 118 104752954
109 614 972145855
243 270 668864536
91 441 65949939
364 422 480252944
381 144 892787557
314 645 505187950
638 148 966738155
343 425 425908009
431 336 538254757
606 375 700393008
345 273 129411923
618 149 555129161
520 25 825977075
173 287 133512010
188 413 47053835
1 485 905821381
395 506 657556951
18 379 658386844
658 387 575782440
311 596 960727201
178 204 832939918
40 574 799724637
641 345 475842650
613 503 956132558
362 164 764937269
452 437 657405738
211 35 117374650
76 482 735400269
467 629 903758540
503 65 146754102
501 278 11730011
182 213 946137596
639 146 765756820
345 628 948044176
430 121 122581512
253 596 647441647
190 188 813904099
510 148 8251965
665 399 85897808
153 91 627897406
536 188 63933968
9 284 260266198
503 431 982613725
37 62 839462577
533 433 682019776
374 546 37834541
517 123 656155761
386 66 715953479
303 35 990415815
607 136 441459635
276 543 288480110
645 342 428096743
244 346 916380882
237 282 979037209
395 530 929751643
189 343 144853940
8 535 790457023
198 503 997024514
190 644 968568708
186 382 323954220
64 620 550434037
272 563 130670234
149 417 34478408
451 240 994741889
78 191 38866562
209 164 557852173
5 621 830790871
527 403 58970693
38 93 984134194
318 438 793644776
514 59 992378773
132 377 810899060
155 305 109386424
107 314 518524317
529 522 751231144
200 62 903045834
609 41 45845848
175 268 793543680
497 162 26519033
242 487 208731117
658 213 843156220
444 529 560624853
139 304 53664577
494 412 875466005
551 387 527226826
620 640 6754853
109 54 735896345
199 600 398608087
49 403 70656636
212 84 977614323
598 616 727045027
652 553 987642023
587 185 98665288
441 375 425116496
393 155 12292440
183 304 581993703
338 473 64516233
446 557 772251229
341 537 644061789
151 164 142716540
217 372 968236137
446 229 893736676
148 103 893290528
111 338 969226064
84 220 998973929
518 540 80602480
285 383 763958069
365 239 292314970
96 291 120051919
13 123 88579343
180 661 672869988
330 303 671432388
510 323 254055416
3 184 934539314
172 480 732084861
451 603 973554156
458 529 980478919
127 274 617036540
219 501 68605690
149 572 559034915
97 516 998854396
34 145 17196179
277 2 8876096
580 434 993577285
437 396 92556674
193 223 796503576
146 590 674016032
607 514 777333140
412 26 503959284
105 283 43569045
597 275 875889207
234 248 925529721
142 371 980804696
284 91 368162237
353 182 931422734
497 421 741390985
293 558 491914849
219 498 20217843
112 455 954606846
36 170 50008846
149 214 933025774
67 39 127047168
571 106 307653590
469 437 830211119
633 404 867877549
432 239 76787071
399 659 971043888
181 17 504303624
9 380 265336331
586 137 885084224
324 70 867150677
74 106 990855468
28 464 930894308
9 91 872456477
495 51 29475119
644 211 11686875
523 385 932382116
517 158 11990026
291 242 904396105
200 170 585990932
395 446 923895112
481 493 951618960
432 337 445187999
42 412 966114094
237 632 105961252
251 269 945945667
194 96 861879280
149 538 123765202
411 90 896793320
520 663 865847992
477 121 880650080
345 164 845600302
565 207 1335807
199 7 51707907
452 110 661692175
507 394 909999120
212 195 107520180
439 587 74819282
270 296 908818033
411 257 991360445
106 101 932699112
346 568 120012117
267 41 545286237
142 84 920628885
37 302 795704187
314 94 936565232
622 662 947320103
22 658 42467960
559 108 137145785
352 7 444201030
632 211 826699126
221 302 761118699
315 227 928861938
182 336 998803865
167 438 951144678
170 207 903810974
127 201 342230323
516 436 736527388
58 325 136067744
12 478 831851995
174 28 419364888
26 196 831572981
2 356 961532070
469 335 309468979
39 645 904505053
28 498 20419570
493 656 760419209
456 119 27597931
595 538 863400611
529 345 714308430
348 154 728065074
594 556 94493576
79 283 10291434
534 390 730809917
616 517 840600011
426 555 207208277
99 238 594880769
625 486 933962360
600 649 32853058
376 551 636749913
123 469 891890643
432 119 849728782
505 353 846182940
300 415 10724888
54 541 65131486
124 520 430030943
638 46 994884925
471 368 737642802
448 39 697728093
197 3 102244262
412 589 753204751
203 613 160799763
7 379 855665338
533 645 851262290
153 469 307093470
10 374 7468098
60 665 887000665
302 570 998480781
110 437 46787135
3 271 836524885
210 406 993280074
193 140 111486775
31 354 575532601
285 655 5205200
663 41 998656374
185 262 723727878
633 541 105411092
371 1 805339764
553 13 874113866
463 420 745316479
572 27 751443354
183 595 49952018
507 371 671460592
245 37 890626942
590 175 879109106
132 84 919554417
100 327 77010826
36 565 727707006
576 281 985240533
606 584 60461913
525 609 795216390
62 30 812413572
295 447 101249580
458 371 620530763
576 586 811029683
501 600 981134107
257 466 980033541
274 637 998748783
51 402 436919497
214 535 15507428
81 389 961539366
296 493 84381454
122 2 582324874
433 271 539874584
109 33 141570105
9 481 74914669
294 272 129692124
512 275 842710090
529 156 509448802
29 50 215291957
410 616 207528574
418 199 23495671
291 186 37426702
554 231 133144659
69 469 994457354
606 381 488377883
422 485 137867414
144 278 800023286
167 635 103302028
247 569 926912881
64 221 882702864
344 322 495756733
230 616 115300104
513 368 74363126
446 42 519322054
297 398 806962228
193 422 445623878
21 97 671142519
186 72 120677735
232 373 854776801
385 95 747398151
485 492 994787099
241 310 9846514
188 467 821311258
428 66 48633428
283 294 976082948
123 245 947540379
125 331 942904115
197 134 991172082
395 279 219379188
28 292 25734886
29 312 875800040
590 494 242832051
274 405 968681123
147 427 816901002
377 142 689834686
125 400 996644105
420 598 57041393
155 222 12489788
592 114 138059078
392 33 882103649
200 541 969862653
619 177 621620197
434 193 75329260
73 365 61635343
631 544 968658724
316 297 46069781
45 102 116808568
151 81 76922085
57 407 444691843
327 274 992773232
204 630 901204694
84 112 10836420
542 299 82737759
646 401 30021610
451 137 902482612
211 255 820960384
398 334 722072427
30 302 132954157
54 264 797963897
379 544 81470556
115 420 80018462
37 424 578874102
287 614 170454039
232 45 936217239
326 323 911744176
364 455 957555304
570 609 653018062
334 499 782568663
332 445 568352362
190 137 6359339
547 610 367635341
175 635 29876829
451 309 640431813
144 587 855577077
526 1 90575132
247 260 422746059
110 273 655139436
434 146 922856904
280 286 978299716
164 310 399982873
547 586 842346225
470 188 869255336
629 216 928876470
597 65 837078572
69 298 195435970
117 118 745916557
164 614 532853722
555 268 53321386
475 199 75538856
35 441 881183219
350 399 6162086
333 39 542718987
653 180 998087109
95 297 700012259
421 370 110594331
177 304 988511510
140 413 999416652
114 118 127557292
651 212 10167322
644 278 386830203
434 13 551444606
44 109 342839647
310 661 377997391
211 123 992491039
574 133 566331760
574 524 832826912
622 460 153090446
425 54 76156721
434 610 965017977
87 616 73054853
230 188 974404556
567 172 659370506
402 611 799741150
221 253 103123524
251 138 121937230
633 571 900394243
397 385 900417657
43 464 135621838
34 613 142193353
631 653 593837973
151 90 124661706
100 623 325198152
539 516 844707426
20 266 296099536
511 624 6841505
529 166 68975987
28 220 915625870
37 567 696580044
420 580 967905391
29 121 63109783
193 485 508614512
263 416 972256509
124 349 533980449
250 457 74067390
207 622 890142945
127 408 93635957
102 370 962786503
159 408 659736154
440 633 340844064
32 635 752862253
32 282 881299024
604 4 791308755
108 397 799607608
339 13 605006376
630 419 465256960
170 16 797461902
297 549 984335346
339 187 969756739
235 487 546704686
195 219 953035264
324 494 121811300
86 285 838328858
72 84 834060062
541 264 463049054
318 205 103758959
93 322 943025649
194 373 395807500
379 70 864468296
275 24 808428418
362 105 887674648
117 545 686405413
220 17 811962275
436 13 804517840
596 251 29741889
285 491 841298630
652 240 7432796
18 158 20822408
229 571 823483555
477 388 728200297
593 133 469685160
439 421 994898273
82 586 683561394
504 424 117428734
196 32 905432917
646 549 52623285
566 21 30837409
350 410 916423969
298 500 566871435
129 437 777741051
518 488 806989892
91 262 347806814
619 341 25360464
613 448 821132044
67 445 32061332
47 208 995040882
459 588 999481968
589 666 606449373
140 190 342161224
500 473 209580500
137 418 634509238
264 336 634161031
104 463 749217448
145 120 12583255
311 227 572642765
249 236 880151044
614 449 129916360
624 353 66532195
44 150 893921961
353 419 41856638
432 183 910900566
271 85 86226682
326 91 772122829
608 236 130553814
66 265 122711362
373 89 102530653
297 378 820495734
610 97 758920549
325 569 156541554
4 367 992771847
92 409 792928190
134 479 517927860
547 106 713884725
220 522 789733454
94 456 899164483
665 7 953568326
437 507 864147779
264 328 898053006
224 250 901988930
500 137 748442774
144 374 945368545
217 451 978074231
585 189 851767622
64 342 993732649
30 615 828748984
410 473 752542584
410 655 925213857
149 50 849788619
111 303 92615936
4 599 901792291
142 564 703821387
585 320 21090787
235 284 100446827
551 201 585529533
422 460 303196389
25 647 952834077
3 41 37051341
562 272 112899586
610 111 985585668
72 502 986943699
253 633 4380972
159 474 50193124
406 163 568658820
213 363 748552832
59 342 49061377
149 40 792899743
288 69 147642436
260 558 134450383
663 171 427098821
169 348 987065712
638 123 767098978
285 622 104451022
66 318 145312149
107 664 934542918
557 279 809359162
629 661 936994957
281 399 940460348
472 33 18123442
5 231 966315759
23 85 901418902
390 396 776328452
486 406 140122518
419 141 957251610
58 605 30706117
427 361 224478526
336 272 1990040
539 322 941205364
364 310 822228004
462 160 958234665
396 237 910567897
80 301 110187989
292 569 753308327
458 81 123448629
119 41 897965407
177 355 999675451
364 502 833549001
292 469 33013437
114 306 994623368
631 18 684016456
566 407 228432308
658 570 924876358
196 281 955986211
90 377 980097723
654 465 763965650
144 252 898675817
182 265 573843748
504 227 77226666
239 403 747383358
220 303 604542016
591 657 235376692
392 633 125053350
627 6 566753978
230 571 946304200
34 167 811696568
239 409 416298250
320 200 54609928
201 387 86276228
244 506 642980853
632 423 583880582
648 569 973697822
99 167 988819885
484 486 987258584
421 599 108646588
385 101 801219238
216 608 534140483
190 82 51033294
400 630 58877709
30 150 991389373
230 423 95408864
443 312 82923892
212 35 476564374
424 161 716547334
529 536 3283744
281 131 719436711
120 366 643451244
469 278 649362826
183 623 845653456
160 165 994621691
514 665 721964619
309 502 121908987
530 666 860609229
597 253 74442411
23 248 923822602
476 53 130296784
411 390 139571204
649 616 870315123
639 283 79308345
609 477 489078114
633 47 837061208
557 319 680923280
438 178 395011812
651 629 112033620
328 210 57713607
448 324 818473854
78 349 146969268
424 362 25836041
402 89 959132025
234 533 125735589
611 45 890448876
382 487 743667832
511 387 144180656
544 435 499578413
603 235 993088336
95 433 372123177
424 175 852598161
195 249 903134794
153 255 759511382
571 424 813199302
6 289 212477627
414 7 146572214
518 118 89338399
212 21 858724275
42 39 379379903
665 282 118919580
454 170 913890979
338 323 118853403
246 331 265377485
326 156 10508268
60 504 937960446
29 191 693643861
178 408 719090028
285 344 721168234
509 121 48320754
288 498 796890857
593 538 652054494
632 287 815677676
311 170 970364624
409 621 99196108
615 329 10283045
284 2 932258781
477 191 69049487
74 321 871112904
164 480 927561305
515 193 813954635
565 324 277939766
509 577 469690908
644 436 903257811
187 375 442711310
212 550 935126616
81 104 10487992
664 563 991350404
616 249 667243662
72 12 47214341
614 46 893928784
101 189 133259158
609 78 994953303
313 583 70409356
476 393 745213018
645 363 786814423
562 131 928521064
424 75 586131583
18 285 749060251
562 328 117120766
265 62 932070033
20 573 549027151
302 386 694398716
520 625 964600309
44 485 12985825
501 48 817962784
361 628 110997323
245 310 132785483
517 423 682752826
11 561 48278370
412 642 897109473
240 18 506195112
172 389 352187246
219 142 768783130
260 179 794527708
499 59 770741911
98 71 138075907
117 194 860659704
253 590 299711418
663 355 450495628
224 83 49905613
665 210 615865729
299 616 16848993
162 592 149998685
274 244 111458642
515 249 968729944
46 600 862691867
249 544 651454638
342 26 724120931
597 99 997904970
97 542 9425591
549 238 201374412
299 350 923988110
539 142 544469288
478 118 72345237
263 262 9960455
322 427 748691553
543 240 849899430
552 121 695622262
502 84 725539612
117 262 940558292
213 321 777815995
539 550 523264959
152 270 542267814
92 295 5351234
456 308 119959566
644 466 70836786
551 353 817931514
361 90 468290105
645 555 119678815
334 246 962428090
365 459 465158687
464 614 980264817
482 347 118762930
165 114 984581575
449 473 786794225
282 79 756315840
356 58 76800475
420 109 970133536
73 250 626503218
483 374 703070564
390 326 957829623
336 399 943931448
435 21 915767525
6 666 751125537
375 519 648432800
406 136 811271737
86 245 630313256
75 196 930322361
627 363 307557574
637 386 628692988
491 208 39764836
464 379 79398868
36 311 882846733
444 216 35210054
348 298 5222323
553 644 81415032
361 16 648133467
75 414 988415073
562 334 552925681
559 450 865512019
283 85 849981986
45 357 96304163
107 551 142035876
89 185 736226271
246 265 863875136
259 155 50685732
499 182 591368834
576 653 101250405
562 347 982618224
151 542 22395647
622 659 636306258
466 152 563245818
663 533 759630759
101 369 527322217
173 547 653309017
122 206 96548655
471 611 73264926
330 539 497987711
118 561 785322642
329 630 118339770
412 275 828408042
499 557 892202868
71 462 356837135
618 27 915500704
564 270 904121275
550 423 79163770
23 551 799723159
498 540 982471232
438 579 14649920
67 311 967393526
464 564 50348537
335 17 109246553
322 517 916401332
130 390 39456466
521 303 896477966
458 649 901217256
143 340 370744831
287 665 819770433
628 566 223170148
493 77 928063561
654 114 923924115
283 321 960108549
455 475 952303408
77 11 811955232
638 391 994556500
339 338 896234032
239 113 64229599
23 657 976999590
387 120 443191858
175 633 34820090
660 222 850691719
498 242 833548532
626 388 28275453
350 150 138566125
465 498 792262560
373 465 850414676
130 10 860006942
168 100 306510225
22 363 104787445
109 75 25767433
561 232 705627783
563 63 837922856
306 11 974321426
389 449 149715148
212 219 465399520
62 138 585206199
230 287 262393577
118 439 942016651
395 318 413809438
481 252 64844146
142 464 11362859
216 498 147120565
385 248 839270234
78 265 510631723
496 370 109120279
636 236 86312919
11 185 227862767
67 210 814320688
187 519 862020531
600 413 900250731
449 130 998522229
308 266 142809767
99 108 143486467
20 83 145649414
586 422 767547947
232 380 945306828
86 180 13434665
46 166 338419877
440 567 986783017
154 480 129266730
170 596 998242854
297 3 954878396
44 164 117192645
425 438 940550696
658 426 951152095
557 490 854223007
524 621 137848193
42 523 918149793
139 40 572762790
349 530 350628589
351 103 485468093
32 494 145828480
469 17 729422404
420 427 71005760
552 261 497256021
175 333 58559179
75 392 986867157
26 392 58847124
628 526 479369714
251 404 710537573
482 555 465175323
363 428 605849155
416 604 816426855
467 634 331009288
126 45 11446775
494 504 17290434
584 540 911237241
246 22 50470540
70 423 103839912
2 628 856085399
210 528 917244315
488 519 139547845
303 483 852463047
130 240 472222315
79 445 756532948
132 241 867876356
488 11 491084348
97 420 756137548
352 460 805773692
505 52 132637997
275 163 794413617
503 150 869806559
216 257 820323350
460 632 996329858
49 509 1183784
294 344 699823241
199 576 927884207
331 267 7685034
46 137 612104851
657 565 999854475
385 319 16202233
274 490 938038301
343 136 667568557
199 47 897201388
108 272 993066073
283 324 498802404
83 572 998732431
614 320 993120053
317 623 937243122
240 322 834490849
2 223 490255173
174 330 25931988
508 599 511040931
13 217 680899278
405 204 920519742
564 463 864657804
323 410 855916832
383 637 620522800
665 137 994240863
638 362 900366847
24 78 816947752
524 149 38002524
119 124 870269342
271 474 808044632
617 421 142430339
445 419 971193725
213 30 14593523
30 398 132904738
541 585 824956044
22 163 931507779
242 144 121611361
63 511 719141341
549 431 722958025
512 42 495303062
125 204 825542010
252 188 964133365
189 264 742340803
343 613 998561509
147 413 37030459
647 337 895630789
440 433 872558509
149 312 8243505
479 314 896623845
549 334 965150553
363 52 376588825
610 344 839076000
6 189 66112641
163 261 523157636
243 463 993838588
115 389 90998131
517 173 287087940
283 460 928066443
548 72 120887824
477 76 8146537
587 415 48142849
93 608 919262035
400 333 732402748
465 356 145126872
458 464 664382724
57 372 325828382
272 136 89983142
601 404 109980637
161 268 965463611
600 104 716370670
661 230 112944107
536 169 894552222
204 272 701887547
243 516 560814093
485 550 592130788
77 218 80496299
497 247 15639675
223 256 877589237
247 519 37443185
177 583 953912164
323 661 928018735
630 642 58747626
48 418 684711005
572 409 83386637
608 9 949298674
343 408 754754784
294 52 864466267
163 557 88830540
604 370 46214591
153 481 680008326
449 2 881766516
4 80 104716824
339 345 928072089
527 459 940553739
373 296 124411630
465 396 996116696
455 644 230838801
160 540 18922457
424 585 989844
332 14 941814279
115 578 29717785
490 327 102261705
657 321 228090880
597 653 874528474
330 338 534220209
267 238 913357325
315 320 771018702
503 302 946120436
465 493 745554915
6 664 870447862
202 439 775221839
21 414 509668024
24 201 389683294
399 241 706723877
636 158 670598092
375 103 959018958
235 252 380874636
627 482 704603916
400 30 688523271
114 226 444360550
201 419 516955686
533 555 826714794
373 606 886873926
640 37 846708540
287 492 811633988
21 410 71084207
608 510 342801195
20 197 964466258
251 590 302618410
145 657 475502604
305 588 984664624
59 424 877302195
533 24 658986394
622 391 415048256
562 302 146223475
661 223 962248788
221 47 853350598
463 629 802847781
1 216 963344478
400 189 527582762
660 429 6808615
380 584 105013099
214 509 728526805
529 662 936891889
275 591 8340442
658 24 2148081
634 390 667097188
423 151 559778973
392 64 931570818
433 397 54084992
532 384 117321283
30 412 72408770
74 314 870414175
590 65 33044520
59 412 67190539
287 616 399122314
609 327 749395571
271 269 51061641
360 163 929460602
53 647 105323781
348 69 87195848
377 241 974920286
649 413 630929608
34 105 964452472
94 400 879984359
659 97 586821998
157 186 4269040
395 482 178922727
6 59 129588668
14 552 696803783
209 581 80836300
212 181 129893568
290 53 783806837
38 436 978789137
236 176 769448799
521 43 663834116
538 623 866062069
286 51 987075490
354 226 11286020
284 257 103564252
20 575 498021730
111 69 815805175
211 464 574824826
198 321 492299708
434 69 985373197
65 366 884567098
623 191 602642866
55 139 50222587
133 340 745890252
257 481 25461742
75 150 249765568
62 251 988481171
242 569 178309536
1 190 471693333
121 461 105750829
43 148 32342060
72 307 59300925
521 390 99075873
636 379 87353595
374 300 942090649
168 575 89779330
38 302 935664789
81 46 994675411
599 462 406850716
42 204 74839655
57 199 198231050
415 263 909930882
276 315 954451899
576 364 990663423
455 192 713154053
241 662 841329833
632 18 522091940
657 225 818611335
318 329 980939401
175 6 606009801
340 305 958248358
560 405 50190905
468 85 134196516
235 12 635942738
30 590 648171724
440 503 496377072
25 224 553208414
345 240 365640902
524 304 738442107
400 120 63065824
581 485 26693673
633 314 997859679
559 22 11448631
237 115 2877575
543 502 57624221
133 432 655973998
351 469 19729165
365 317 581049685
652 483 982809458
248 275 75120866
628 371 722539104
420 215 99513612
356 382 610967432
329 528 111912373
77 202 96569972
348 158 930443701
279 159 335757073
158 634 121929535
427 467 67189321
550 500 613183777
34 251 772706540
600 122 287760715
232 471 351566592
425 336 971332711
438 23 776467988
352 348 753480198
146 440 865627279
268 525 884955540
649 122 656138281
254 370 756506358
149 602 112146441
639 289 854331683
152 416 980802748
353 642 497165374
410 273 913055779
112 394 675593332
90 586 57091188
458 434 324449178
458 650 400658958
124 450 15549396
152 561 996106660
218 558 677411408
506 275 749367690
105 120 974900039
22 42 109854067
374 330 699783310
151 384 94012647
638 174 999035225
392 213 443113476
513 80 780279832
376 520 810773883
4 232 992105899
517 662 513855463
159 6 703250221
511 3 331884718
212 470 975521285
438 85 8451567
129 636 795495498
610 47 94527345
186 381 12364854
468 484 959523991
438 124 915754285
397 59 946973178
438 613 775143757
476 25 969605811
230 148 941195293
33 136 924520571
427 636 668516841
539 237 28886680
560 238 625021152
521 154 726841249
96 307 590457104
15 123 972297184
191 479 638615856
291 478 595929644
225 78 861398462
370 471 80667486
640 47 105720164
532 550 896533530
536 452 66113596
502 480 790255006
408 474 487354006
254 612 147125561
68 557 19610726
422 13 852168471
54 328 357775528
42 378 25550942
522 147 530361802
632 614 605649780
207 32 61815437
567 404 236648245
197 314 711034821
533 274 92279166
569 277 984988041
635 272 4140967
196 571 94736116
434 241 275450198
356 300 624243813
532 154 829610039
134 353 857960430
246 412 792430368
215 90 578508770
267 428 741093467
600 339 728921715
156 17 3755805
460 631 136093139
320 245 961199721
44 655 839841023
591 376 78648551
329 314 95697315
18 206 575495259
69 219 949832419
444 129 396308340
227 60 852849237
383 39 950850904
227 272 832793249
429 619 212061864
621 593 28653636
187 501 729555249
616 256 13073896
27 143 1606726
90 88 33703034
389 140 903358799
17 651 893646154
392 105 40562073
387 316 330159689
455 255 126457285
181 217 843981396
326 132 926203612
101 213 619821520
656 257 144068536
117 247 134885056
619 417 135519923
303 553 976993368
69 437 60611125
604 165 45199343
427 111 42627557
182 74 785083317
245 550 444177032
196 494 494266371
308 557 965482245
591 329 19223851
228 439 47314702
489 117 776253221
413 7 906920639
389 245 986035140
391 44 809113623
398 207 919856709
570 523 710203480
397 533 958480759
378 101 731194688
542 82 490197471
398 446 599616853
555 658 750537407
67 401 55318809
402 592 831509773
103 396 970587697
305 537 116425143
419 94 255968230
467 166 904803807
40 250 38909551
542 434 725364045
270 69 877500828
385 512 987792975
431 189 147637434
109 285 65451605
316 294 981489897
285 460 162649625
643 545 486474377
344 196 976768189
403 53 128237379
277 539 556287979
655 233 7580665
37 504 99242260
169 444 949194609
620 241 793754505
194 286 106337763
188 339 47786944
555 506 113261144
68 66 69338984
369 514 986221492
272 54 403694151
490 486 953360375
451 632 979905380
587 202 997792858
33 324 392606748
557 23 234589938
138 472 519164638
649 115 102624767
658 267 185780870
395 626 380164745
440 253 615387884
520 327 987476083
358 18 980925154
412 189 95350730
26 321 924354432
377 526 386754210
589 238 41039194
534 449 134918963
225 136 946835373
529 335 530623542
334 39 774098519
435 187 976481714
8 168 638461568
90 454 78135372
466 58 921150102
584 307 66288010
26 238 914105484
599 471 857638589
229 590 123096583
322 245 572820525
377 374 735783169
51 306 719809201
262 226 70398265
178 167 969352726
492 598 417239475
407 352 916726733
619 78 986721678
412 175 730770030
193 180 860231759
412 272 146558385
340 121 971928537
162 488 857568507
600 309 860247214
588 49 44249473
275 658 661716020
460 614 868730179
414 220 802839443
345 422 916256135
12 129 581841531
499 311 961479270
510 644 516118929
615 178 304323908
609 267 843670778
413 111 821977353
397 271 915826629
106 203 975543045
86 410 585351568
495 471 989712221
299 82 735917514
335 192 61585064
544 154 233787573
2 97 994295200
399 449 948452642
627 401 63899210
492 299 673798260
339 510 520208990
104 628 871210047
591 646 258810807
64 480 931830500
244 555 536491516
374 522 7685356
91 518 533251961
100 430 855418265
584 348 973169477
412 281 132212357
498 211 134503588
186 135 962570139
529 501 472514891
394 43 551704704
328 203 742831631
298 418 816848447
577 8 675553407
25 530 60816192
206 345 171441416
400 136 871499542
302 504 534450525
14 108 13532816
54 401 991872573
69 449 864120824
568 450 11147748
194 11 39305761
184 42 124984183
320 665 395703706
374 270 51425759
331 630 152336565
586 236 944072170
634 16 565671472
56 406 353501057
369 251 92501649
437 330 84791427
219 192 91586031
121 456 112243494
564 641 771721641
618 403 465891284
77 612 557461612
189 637 137093330
307 157 216968859
296 242 687358457
224 623 7689029
441 359 462261096
591 281 651575594
152 188 629068400
20 355 230785276
180 240 345736651
399 64 144872727
322 200 721273553
555 198 3923301
150 514 36878937
362 189 965836296
335 103 761596575
344 164 810541611
507 483 815091245
138 635 991609496
492 500 105411589
202 462 72426661
536 243 72147131
71 497 834675781
91 12 133838654
352 236 558195720
133 250 3058375
42 321 73031068
560 189 140488213
313 574 126349303
231 577 593787943
275 131 110318591
424 310 924539598
130 122 687202073
533 318 2264538
119 428 954622840
549 343 588629433
470 176 965195572
482 331 92674803
645 34 497585006
553 501 409557650
420 653 955734351
476 312 87979596
586 158 9097205
115 223 251593088
95 198 765297936
418 390 573397288
490 417 936395355
215 469 995567800
232 293 4434123
343 620 962836298
54 204 987859860
277 652 873844951
396 463 757682219
99 609 703818041
470 96 822309730
443 27 672402261
381 228 715487032
582 434 434916370
189 200 946172342
557 78 550387044
502 455 512462243
479 595 998690869
297 127 61040994
484 334 50649762
629 323 767928846
482 198 940924082
72 103 686863873
579 329 944536529
50 588 135760693
637 559 915052562
345 115 22283302
446 401 24171655
529 603 741876795
413 148 83442306
364 345 429821699
547 640 880284721
618 250 483478278
166 464 932333348
198 388 616559717
212 614 914259687
181 87 944836922
483 339 827361452
618 183 116962643
418 502 809884041
255 603 120783459
199 33 989448609
575 239 889451101
178 145 636917663
661 43 802859337
247 293 128741296
543 173 782990815
40 312 89668317
206 463 17576384
156 216 137318686
225 637 815033779
301 254 301975012
197 555 862710279
151 614 99111995
120 506 427649363
663 623 139091548
34 125 927533064
58 243 957255503
142 237 504840108
124 76 558489119
486 559 13228733
185 611 976049633
607 625 842543786
340 660 809532324
640 562 633464162
253 366 725257706
442 666 494351776
83 327 60818169
358 188 70602175
611 98 806336757
180 407 366619461
338 1 120586562
65 657 979279311
633 665 863810090
407 411 858496552
484 567 987831841
93 104 90400244
123 451 843553113
109 170 84213201
293 19 19508311
426 52 114512076
59 433 732729106
329 134 993950421
83 308 54898171
435 413 79629926
380 194 562281192
29 618 10039576
236 46 772557399
280 228 892985597
88 414 801516470
316 63 722583735
278 292 763263521
534 154 498319317
543 517 940069857
373 648 698883548
125 387 686379064
482 182 598613294
252 359 85555776
72 284 145356305
130 236 326928455
557 568 75324193
284 465 489127115
402 373 936039714
229 622 893524987
401 479 955554926
625 150 923937504
374 35 585645993
499 39 348346522
645 227 890840522
85 34 24105066
627 26 849906886
229 79 360312358
223 326 999966561
439 518 49533741
413 534 819355856
535 312 599643468
64 410 926755328
62 633 751501734
662 544 140772906
360 141 72803788
484 565 553455964
577 588 5926077
337 155 139975325
70 571 884230288
229 289 631460273
586 514 978750531
413 480 881259400
42 279 26371452
255 550 970971939
199 256 649994459
569 309 879903204
207 571 409118567
111 199 32676611
52 366 137910084
274 108 6412267
130 598 668447527
457 595 730260344
460 547 133754795
531 168 978497752
121 490 977429531
129 103 31506581
304 55 93777851
34 666 730742004
649 634 851415373
441 219 790129935
151 631 325153411
162 89 624064495
54 213 990603994
1 434 859321842
319 251 925049659
609 419 122762344
336 386 882764561
463 517 139949648
96 561 561433092
195 276 420302712
201 591 359084316
330 491 851006267
536 411 827558514
454 638 199867120
54 184 988000386
49 55 135788837
437 236 89321840
578 212 663407849
79 585 931456695
235 187 550681993
287 227 986617716
440 570 999596275
310 69 994164920
278 335 256893103
100 568 567128126
38 635 986104278
51 202 37096871
82 547 936346574
549 666 554628421
149 432 728025242
262 489 132424957
391 601 739512701
111 288 851477188
654 348 996562966
53 55 960019544
645 397 353340342
221 601 870250325
420 423 885848728
491 199 47618129
625 213 56414858
465 441 879411753
240 43 922667662
362 59 754650681
361 389 838175398
234 450 538747926
469 135 146005015
376 428 683695450
479 557 50048379
371 422 44070369
111 150 996183208
617 4 689075851
603 152 952831956
109 93 950002164
367 441 888774038
63 32 995462435
398 412 756206022
347 607 866175890
255 411 468210215
67 591 257762387
145 433 918969896
566 256 232965567
230 81 179395515
28 501 45542681
346 265 813205367
656 651 978056529
478 370 762781735
166 211 266667133
104 502 906876284
49 453 72882618
228 488 861768399
87 536 993611644
657 318 607852924
459 143 145399311
662 644 791502321
106 424 34134636
299 641 570068278
511 533 40427100
607 528 661286222
301 116 91926730
512 234 431785605
305 459 4861021
191 99 783729162
555 297 475362289
260 421 2962828
84 644 904304627
161 44 734839418
511 66 64437007
261 100 101616389
42 505 102571403
364 410 127086084
64 70 569728397
261 430 760501527
119 125 771096344
301 594 2104580
42 448 922467516
569 358 929805545
429 27 868222249
322 36 8871560
132 315 898091933
247 496 940418309
617 556 801739161
73 239 133570026
517 536 979629486
22 568 562898288
532 480 147983145
433 363 50538917
115 662 54544504
602 168 720576950
517 97 222931215
251 294 72661202
612 545 121303302
72 169 116967289
90 249 121666405
507 467 122325693
659 655 753039995
193 638 40853755
605 157 362859375
414 547 693994275
582 598 1994292
40 365 530622708
29 663 931756782
438 560 835732821
95 30 367225028
170 460 107956425
323 220 721791028
603 544 357751472
225 182 111840269
318 570 145007971
253 229 371040737
655 146 268925749
666 234 48166303
411 310 970971406
499 54 973373559
479 386 975021668
666 175 968418954
615 392 781556767
96 262 511874
500 1 14951502
76 664 609049545
172 115 463222260
192 374 123849163
650 651 747650411
51 165 390606255
380 257 514657281
664 642 145661554
631 65 934508611
375 326 702684951
508 179 32125181
140 423 791604639
222 8 897734188
506 646 466581417
553 242 776166978
3 56 819286393
180 586 73563294
251 221 644849959
563 67 931595669
182 438 670003895
560 205 836735455
203 204 403423547
245 282 531367614
385 363 12980448
578 515 996063323
290 340 118428937
352 414 546699876
611 604 956061616
20 552 131660328
540 262 113010462
580 515 13089814
70 164 97232605
174 307 983681824
214 432 132219545
468 268 785827906
345 352 957078719
436 217 962269571
