20 98
8 3
20 4
6 3
6 9
3 18
16 11
10 11
12 17
1 15
7 2
14 3
19 17
12 7
17 3
1 19
20 19
20 11
13 10
12 15
9 18
10 18
7 15
16 17
20 15
1 9
20 6
7 8
19 15
9 15
10 16
16 6
11 4
10 15
14 8
13 8
7 18
12 6
10 3
14 15
16 9
10 1
14 18
13 14
12 3
12 8
11 19
14 11
13 6
12 19
11 2
7 3
20 9
19 3
12 5
6 4
17 4
14 7
1 7
1 4
19 5
10 4
10 12
6 15
20 8
9 17
1 17
13 20
9 8
6 17
13 12
11 17
7 17
19 18
17 5
16 3
10 2
6 11
16 19
2 4
20 2
14 19
12 16
11 8
5 4
20 7
10 5
18 5
14 17
19 4
11 3
10 17
12 4
10 7
13 4
13 7
11 18
13 19
16 2
