777 9999
5823 2562 5992 7115 6654 3049 3405 1904 4602 4859 3238 5022 8918 6438 1767 2446 3056 5108 1480 1407 5930 9871 3404 644 1284 9374 1147 5263 2757 7156 7689 2629 4274 2669 764 931 6636 2464 3984 5901 1101 8958 1874 6106 2431 3351 1369 1206 8328 6712 9736 8666 2787 4865 5853 1517 9091 962 2582 2271 8416 2445 2761 8730 9639 7039 5444 3064 6443 1440 8757 1444 8885 4202 5437 7925 5022 376 260 2613 9775 8650 2099 2139 965 963 4738 6609 8720 888 860 4152 7008 7859 7323 8443 2384 5843 488 345 406 7955 7525 1786 847 5655 9697 9673 8386 6170 4038 7465 2592 9075 9531 1577 6627 9546 1336 1372 319 5812 7561 6636 133 2929 3750 66 1345 7984 2916 2675 2067 9569 7496 6263 9934 2660 5908 7473 7892 2823 4626 1562 4803 2103 9568 888 5159 7119 8786 6258 5179 1132 3608 696 6923 2305 1825 5209 6508 8332 2460 3512 1420 8957 517 4758 4702 2208 1887 8833 8122 7545 9668 8471 1724 8896 5224 9221 3930 8074 7642 7805 6344 2063 3717 8687 189 216 5972 487 9603 8804 8187 2157 4900 2233 5844 464 6534 1110 935 960 109 7126 5907 6163 2586 3812 536 1572 6756 6385 5866 3090 770 4240 8086 2669 6408 1553 794 8593 735 1739 1879 7608 933 6769 145 4342 6873 4914 5689 6300 4096 9017 7494 4832 1136 8256 3337 942 1128 6687 6058 5277 2701 4806 709 1623 2368 8014 9988 5539 5608 6522 1879 8562 9930 6149 9181 6215 8309 2358 1500 376 2322 249 5991 759 6725 4054 9715 8953 4839 3194 2685 5300 4757 2412 1060 1461 2982 4732 210 5104 9990 1277 7558 7875 3210 3531 1669 903 722 9229 4739 6717 3466 2969 4825 3538 4309 81 9553 2465 1043 781 5937 7407 6846 4439 7951 7793 7924 6418 9975 2697 2480 7315 6539 871 4075 4425 8189 2078 9589 7280 1117 243 9882 7221 378 534 1670 3945 985 2495 7651 1133 2333 1929 7250 9779 2908 7617 547 5673 5214 410 48 5773 7469 1488 5047 7772 9506 3960 453 9766 6282 5569 8688 5397 897 5195 6654 1994 398 1445 1795 6594 8565 1428 7082 3285 9560 3170 8956 4678 6492 278 9725 977 20 6133 2322 3781 8249 8537 9998 5911 5224 7011 3443 7779 9267 1515 8251 3762 6288 6959 4278 1862 5973 2860 287 4086 8710 8071 9394 6275 1789 3790 1377 8758 427 918 9625 1635 4458 6652 2201 9210 1183 270 4152 4229 5786 9567 7197 1380 4322 837 3434 3980 3299 8185 869 4508 496 103 5632 5659 946 8524 7695 914 4868 3331 1588 4553 5584 4150 1093 9127 8422 744 2810 2498 5388 4429 915 4623 2273 1807 5730 3428 3926 2675 1205 6693 6077 5054 658 7598 9530 5370 6979 3518 1629 3338 2055 6418 942 2958 4627 9401 2230 3533 7856 2690 3189 7259 8575 319 624 2754 2393 4719 8648 2142 6505 434 2100 7332 5591 300 9436 8528 3126 4149 1706 2286 4091 3461 32 1090 5271 6963 3378 7891 4177 2797 3399 2533 494 1259 3654 1802 1095 5803 2898 1257 2041 2572 4544 8268 1855 4315 9964 7201 7325 3580 2661 3993 2746 7034 6988 1557 3867 5795 4744 3 1417 5934 5954 5264 9815 4509 9440 5692 8722 1437 9514 9687 1453 1456 4874 1668 1774 7005 599 2218 6366 6860 311 9206 9518 840 587 3456 4088 3068 9147 5746 125 4793 4342 3783 6976 3103 1537 3635 8612 4264 5979 417 5675 8624 2805 5490 9662 1939 2689 9407 5415 7774 1495 57 6807 6470 4241 6426 6896 233 8743 7934 64 9959 7775 9730 786 6033 69 1766 6085 4827 1638 2512 1242 9897 4620 1851 3507 9486 7765 3453 9695 6069 1305 3916 88 640 4317 6192 7171 4703 1170 3530 8530 9907 105 9748 5653 2116 6180 7609 140 6013 1562 2810 5831 9825 4855 8107 8827 7915 6456 4041 1720 1314 4171 6772 7421 5181 6275 3476 4307 8170 633 9199 954 2692 4275 2106 6051 586 3732 3930 1760 5830 9916 4233 6100 1698 9068 232 2044 609 2340 6937 7919 7955 4465 2624 9943 8736 2987 7857 6074 5518 1273 5763 4747 1487 6185 72 6511 2187 5917 7646 8375 1866 8279 246 5390 7533 3844 3895 8796 531 3635 1226 2012 5800 8662 8541 6924 6153 4735 6684 304 8677 2117 9283 9316 4587 6373 8540 2711 1937 1413 9837 9407 5141 94 2084 4332 864 9561 9 3939 4078 7655 3758 3318 2310 3184 2380 9618 9081 6436 3393 3197 
2 1
3 1
4 2
5 4
6 5
7 3
8 5
9 4
10 9
11 3
12 3
13 4
14 6
15 9
16 8
17 3
18 7
19 12
20 1
21 5
22 10
23 1
24 8
25 21
26 17
27 6
28 14
29 16
30 10
31 21
32 10
33 26
34 14
35 18
36 18
37 27
38 23
39 6
40 32
41 37
42 27
43 13
44 41
45 36
46 11
47 16
48 24
49 30
50 14
51 30
52 20
53 17
54 21
55 19
56 15
57 1
58 45
59 35
60 40
61 34
62 48
63 38
64 61
65 45
66 21
67 9
68 48
69 6
70 57
71 22
72 59
73 38
74 4
75 70
76 47
77 74
78 43
79 65
80 18
81 52
82 35
83 8
84 14
85 60
86 42
87 56
88 55
89 82
90 74
91 12
92 7
93 62
94 64
95 71
96 19
97 32
98 92
99 18
100 74
101 65
102 70
103 41
104 42
105 73
106 41
107 85
108 62
109 62
110 11
111 65
112 81
113 29
114 84
115 108
116 105
117 64
118 40
119 26
120 89
121 112
122 98
123 85
124 104
125 48
126 113
127 95
128 72
129 89
130 105
131 44
132 14
133 40
134 27
135 56
136 110
137 61
138 128
139 43
140 125
141 72
142 45
143 1
144 61
145 1
146 131
147 111
148 53
149 56
150 11
151 50
152 70
153 115
154 52
155 7
156 39
157 36
158 39
159 128
160 135
161 34
162 125
163 162
164 50
165 143
166 70
167 49
168 143
169 121
170 21
171 169
172 112
173 109
174 171
175 124
176 64
177 169
178 144
179 157
180 153
181 152
182 73
183 41
184 29
185 84
186 153
187 160
188 74
189 159
190 43
191 137
192 44
193 2
194 62
195 91
196 67
197 134
198 112
199 69
200 192
201 55
202 105
203 89
204 193
205 47
206 11
207 63
208 171
209 27
210 133
211 109
212 93
213 104
214 172
215 10
216 199
217 113
218 14
219 38
220 12
221 171
222 59
223 7
224 84
225 129
226 61
227 180
228 121
229 193
230 205
231 50
232 131
233 150
234 191
235 30
236 66
237 31
238 80
239 13
240 78
241 128
242 195
243 49
244 186
245 232
246 187
247 206
248 119
249 11
250 96
251 45
252 110
253 113
254 36
255 243
256 117
257 39
258 30
259 231
260 20
261 220
262 94
263 121
264 207
265 54
266 259
267 107
268 265
269 74
270 37
271 94
272 147
273 161
274 182
275 14
276 125
277 188
278 144
279 59
280 173
281 187
282 167
283 75
284 3
285 210
286 85
287 134
288 234
289 124
290 159
291 199
292 121
293 75
294 292
295 103
296 245
297 79
298 166
299 77
300 127
301 94
302 110
303 275
304 236
305 244
306 75
307 5
308 101
309 97
310 226
311 112
312 237
313 80
314 201
315 67
316 45
317 20
318 300
319 264
320 23
321 136
322 254
323 250
324 166
325 94
326 35
327 257
328 3
329 273
330 208
331 326
332 41
333 85
334 39
335 269
336 100
337 35
338 18
339 214
340 91
341 49
342 184
343 216
344 152
345 113
346 170
347 102
348 290
349 5
350 179
351 52
352 156
353 19
354 85
355 2
356 204
357 6
358 306
359 174
360 258
361 236
362 143
363 26
364 288
365 249
366 52
367 83
368 184
369 165
370 138
371 311
372 185
373 197
374 337
375 250
376 166
377 288
378 89
379 79
380 1
381 51
382 183
383 188
384 56
385 229
386 131
387 380
388 166
389 77
390 164
391 188
392 92
393 385
394 293
395 21
396 345
397 368
398 76
399 256
400 361
401 273
402 360
403 133
404 375
405 102
406 398
407 100
408 271
409 156
410 69
411 10
412 169
413 264
414 62
415 205
416 183
417 262
418 34
419 223
420 12
421 156
422 329
423 216
424 131
425 350
426 235
427 49
428 47
429 333
430 93
431 227
432 419
433 385
434 104
435 336
436 400
437 214
438 360
439 420
440 225
441 276
442 111
443 394
444 120
445 391
446 58
447 323
448 169
449 447
450 219
451 100
452 210
453 4
454 79
455 348
456 48
457 420
458 283
459 121
460 128
461 79
462 272
463 375
464 261
465 300
466 88
467 307
468 24
469 119
470 27
471 136
472 39
473 106
474 284
475 110
476 242
477 4
478 118
479 463
480 458
481 438
482 297
483 480
484 62
485 392
486 298
487 277
488 255
489 260
490 117
491 344
492 252
493 60
494 28
495 132
496 63
497 74
498 440
499 73
500 102
501 351
502 407
503 202
504 304
505 461
506 383
507 129
508 53
509 378
510 494
511 280
512 180
513 405
514 28
515 279
516 134
517 15
518 265
519 87
520 198
521 276
522 116
523 450
524 287
525 83
526 390
527 489
528 362
529 355
530 305
531 141
532 280
533 520
534 117
535 67
536 228
537 269
538 144
539 264
540 165
541 171
542 349
543 138
544 47
545 130
546 466
547 385
548 53
549 407
550 406
551 19
552 193
553 237
554 268
555 32
556 169
557 328
558 19
559 419
560 162
561 559
562 142
563 148
564 208
565 533
566 363
567 11
568 407
569 538
570 176
571 59
572 42
573 570
574 262
575 290
576 490
577 487
578 67
579 11
580 75
581 111
582 513
583 402
584 123
585 240
586 203
587 2
588 217
589 191
590 81
591 543
592 198
593 422
594 248
595 71
596 174
597 42
598 171
599 415
600 563
601 132
602 183
603 167
604 62
605 511
606 195
607 354
608 511
609 106
610 96
611 513
612 402
613 262
614 371
615 576
616 55
617 524
618 558
619 136
620 565
621 68
622 503
623 432
624 290
625 240
626 1
627 353
628 486
629 454
630 85
631 151
632 69
633 315
634 113
635 616
636 440
637 491
638 377
639 285
640 446
641 309
642 106
643 348
644 221
645 574
646 99
647 351
648 197
649 376
650 430
651 640
652 425
653 191
654 575
655 289
656 287
657 533
658 36
659 395
660 89
661 383
662 175
663 635
664 589
665 112
666 178
667 149
668 414
669 168
670 114
671 69
672 118
673 495
674 537
675 43
676 562
677 662
678 581
679 126
680 332
681 438
682 396
683 300
684 170
685 289
686 372
687 151
688 498
689 110
690 139
691 327
692 183
693 580
694 285
695 359
696 416
697 241
698 552
699 304
700 343
701 443
702 197
703 237
704 458
705 384
706 79
707 201
708 248
709 654
710 218
711 475
712 201
713 637
714 320
715 695
716 444
717 68
718 88
719 514
720 235
721 465
722 455
723 658
724 588
725 33
726 87
727 217
728 249
729 415
730 114
731 200
732 617
733 176
734 680
735 38
736 245
737 239
738 21
739 207
740 360
741 154
742 1
743 665
744 115
745 357
746 302
747 495
748 46
749 309
750 367
751 159
752 493
753 231
754 614
755 26
756 325
757 454
758 291
759 72
760 489
761 43
762 252
763 498
764 211
765 16
766 141
767 465
768 457
769 198
770 239
771 215
772 567
773 302
774 421
775 557
776 572
777 358
310
605
15
192
594
253
705
332
684
100
514
738
338
273
278
388
292
587
401
490
295
213
724
727
335
70
542
615
682
657
554
506
652
629
632
355
608
721
105
165
555
173
516
464
473
372
210
116
400
110
202
558
744
102
129
660
56
362
449
199
719
507
466
655
147
550
391
276
728
626
435
483
760
207
380
379
714
315
759
97
329
247
205
405
755
67
678
544
434
190
736
592
331
96
671
72
453
281
200
522
237
77
384
262
167
546
426
378
568
302
258
645
602
487
229
328
223
676
360
193
240
203
264
606
574
174
157
314
27
217
463
614
548
526
357
521
208
160
424
733
168
36
274
590
383
76
141
480
460
458
104
775
150
119
89
706
576
496
429
505
431
370
175
78
524
767
591
495
530
502
543
512
47
228
444
134
504
515
445
342
30
301
646
184
485
151
188
373
64
146
523
84
194
125
694
617
8
257
32
633
279
4
686
111
497
120
277
268
291
320
176
254
58
395
439
731
716
196
158
87
227
537
459
491
341
235
317
722
298
408
560
163
527
12
407
118
304
212
133
336
177
356
348
230
647
581
440
394
467
149
579
319
409
59
82
520
311
757
688
285
701
683
518
272
44
90
260
513
46
113
124
533
741
231
347
451
538
252
88
624
658
73
232
616
351
664
128
708
571
720
698
233
140
10
270
137
69
754
715
31
201
637
598
600
425
106
24
144
437
306
612
638
74
215
293
95
578
350
417
494
479
674
23
689
471
234
751
55
725
57
589
659
433
585
685
218
221
45
91
53
60
761
758
322
696
393
565
204
679
540
172
549
65
80
187
26
455
3
115
472
170
255
447
282
773
756
428
703
687
517
582
248
570
618
752
662
690
436
735
334
413
700
641
406
250
468
553
169
189
461
339
2
519
575
327
191
330
584
211
289
162
344
620
492
469
51
28
154
563
765
396
634
153
702
236
182
381
353
536
663
390
180
768
430
562
244
340
18
770
670
432
454
287
14
707
607
198
245
488
462
68
152
726
653
63
677
75
535
103
62
41
81
50
572
498
267
509
489
745
630
577
85
493
371
112
186
313
286
171
376
197
29
402
766
387
415
61
465
40
265
665
539
748
392
397
580
601
1
643
99
374
623
271
241
457
294
316
216
529
35
38
101
261
238
224
382
71
7
477
648
122
132
486
284
403
107
730
138
117
534
98
136
691
551
742
183
343
732
296
649
557
79
164
631
108
639
729
525
333
54
389
541
263
718
423
450
772
448
377
654
143
166
474
92
358
6
749
667
693
195
636
499
627
354
239
145
508
214
109
49
438
219
710
34
269
209
386
361
33
123
750
586
309
410
635
206
5
385
312
559
566
359
275
511
478
764
588
475
93
11
717
771
452
692
142
481
16
593
52
651
37
43
561
712
681
628
695
318
552
456
94
419
346
220
288
256
622
369
365
280
159
743
39
345
482
762
599
567
416
776
476
713
443
610
83
621
161
249
126
363
532
242
613
441
243
364
709
368
769
564
321
283
148
739
337
500
699
155
366
644
399
308
156
569
139
747
178
556
185
25
583
675
596
531
42
300
503
597
680
422
723
697
307
611
669
299
420
326
753
66
609
740
414
734
673
404
352
259
666
290
17
226
501
619
86
746
573
181
547
545
325
412
625
640
9
595
367
668
349
13
297
21
603
179
418
130
266
642
650
127
22
442
135
48
427
19
711
604
398
305
20
121
672
251
131
324
656
446
528
225
375
484
323
411
222
704
774
246
510
661
114
470
421
303
737
763
