1000
944736 14559 506598
944959 3495 242518
370576 33637 429120
487767 34367 230807
716481 12617 708373
419835 50173 561606
745667 48208 226393
68294 40070 831558
433393 15465 370079
143029 6765 830972
919152 16804 953422
261187 37370 630038
432811 39202 998134
424646 30968 538758
110473 35610 262766
973386 48405 709646
256049 40735 640960
461740 16646 450146
866239 34206 495848
103802 43882 376596
458823 26616 645814
791946 2155 870163
82826 3425 92173
596889 10701 340762
780598 29609 261310
991718 4504 995333
929060 47304 604038
920653 35308 175082
951692 43303 362959
631272 43763 976243
25420 46862 228497
793315 48710 129212
916953 48785 56361
649823 3551 565189
417285 51017 640379
584650 21821 798085
922738 35007 83080
848445 44380 560233
558102 10318 439816
937047 45276 980924
348016 3454 904143
188696 27488 85655
464138 43384 661810
872704 43496 865612
816944 50298 277767
700265 52871 921281
366832 35879 193619
469091 27107 137858
277010 5703 505131
354319 4630 718102
704282 43792 940763
795006 48193 714830
6076 52674 561164
669067 6332 244725
692959 44813 123822
259191 17822 538313
621782 43979 254458
768452 51995 999347
508699 7493 418738
694996 26402 899344
208462 21593 821362
595330 22559 669869
625709 44362 690868
189377 48297 518343
991635 37781 422008
508149 16048 841420
179062 3856 295117
381967 42627 131418
236316 33468 326315
294125 45785 435884
718558 9557 962991
577650 23924 552886
717664 5692 988889
853217 41699 693102
563984 39159 108683
780288 515 946885
321117 5839 571922
269611 40554 928696
933178 27345 180483
85174 32630 556617
473108 22887 363152
357320 50148 255654
712081 45863 109206
611125 47774 807448
410186 9382 974394
946075 11354 675579
735497 27538 409127
398207 9183 198219
53446 15383 923544
911144 37875 547470
742559 5783 177597
107133 5694 658793
332055 36691 511027
895003 936 629773
326610 16033 935961
811578 50846 204476
214221 53331 536834
977409 14646 400751
367075 36546 108466
14055 48257 535615
441662 32707 491775
615244 19577 557889
939354 44701 607963
750743 5575 694795
324032 4976 831972
817873 33723 146522
960962 17484 750372
436418 33051 668185
789811 35683 76945
116491 52614 920885
807210 12870 417982
998724 44893 602795
882615 38534 227588
15319 14419 864560
626404 14528 535261
580957 45492 406564
448431 38382 790285
699512 11668 359643
235336 22797 839403
25521 52648 786530
559111 390 271043
798931 38560 191937
427312 32175 827579
278600 48438 620895
417897 3601 567223
215922 43029 935846
602235 38569 237031
120717 1112 284815
226504 48568 57955
111363 1218 764948
809164 123 822382
502480 28790 405517
243351 13297 759072
848344 27461 996690
172682 8969 324431
136966 38789 242585
901649 38566 461345
487335 42349 676114
153632 19758 480755
246342 30450 612156
794865 49739 115735
595657 48437 664979
582973 20892 573528
692172 16887 494910
267257 23058 922164
247805 5916 968849
427731 4549 821240
169720 52818 977013
654317 46034 930117
376868 6279 174567
170202 13434 224705
458126 17449 499792
58775 48374 677019
411204 32842 370820
894412 18324 287398
476405 25792 522373
190531 13646 107666
389256 29899 868699
748456 41059 754589
944570 3202 838876
8450 53232 583539
433020 5914 448414
282034 45555 519889
174220 2583 784975
7786 49921 574072
109971 41206 729587
323503 34907 109943
853440 14125 409144
137874 45865 965335
637219 53251 514770
400683 377 766083
822413 26961 442056
955287 8565 950815
658150 34180 347101
999989 36012 635220
535246 46506 936008
83356 22359 491570
890297 53746 880992
45471 17635 597062
148037 12251 987100
805124 19186 353242
603806 7956 742848
630529 36527 849157
707604 46263 836824
326904 12483 622536
934460 182 962207
973301 1443 515766
403973 14356 486178
421670 15944 833552
35099 6007 475454
657498 25385 576385
162049 25595 256306
750973 53222 965483
61675 13464 940146
838931 25230 682629
83610 20083 514649
824820 2476 398368
985852 20098 446601
700488 53730 174515
933380 32586 868396
894339 2413 718773
512326 15961 315019
975202 34857 577515
151829 41653 979819
551974 8578 120243
15200 45393 114666
976016 5275 542531
657803 11931 785347
125407 8202 215270
54923 31547 710911
9287 53406 357458
948356 29750 74775
565426 37318 525066
762278 31497 549325
303100 11853 217205
672837 34511 560097
349033 28651 290410
24377 17675 446215
413482 27348 584134
262774 13895 314568
159568 48029 143937
759213 2041 395986
690768 49242 808500
990179 12373 368050
401272 14093 61627
680208 42271 482484
256561 13951 785657
524859 11739 366329
286263 50464 722339
592532 52768 604399
659477 14470 69875
784850 50266 309343
116580 18262 636226
113678 4060 61182
812165 22454 707153
781408 2542 942495
978525 48269 551415
35961 25165 860712
861329 53631 349095
73089 34777 952500
398914 33066 596300
60851 48467 607238
473995 21785 950618
472374 34718 199320
646969 23088 480391
27133 35884 749652
536523 25051 298226
717985 44891 602503
575914 34119 227879
191165 30665 593351
400939 45343 286730
789002 11751 130495
466883 45925 153065
505405 5972 742951
191306 39696 766872
275103 49994 346124
859316 8305 269416
375147 31142 96805
231692 5805 918583
326893 398 866569
838514 35522 713851
901017 17172 979559
927190 34556 451860
764778 48840 765953
506357 720 778418
784381 20872 504091
992020 32107 561011
890989 3510 945493
806780 20638 902358
657072 49741 699245
930165 50845 602998
329074 52243 296723
181958 47692 913483
245617 12261 71284
936491 15531 467498
21465 30698 107046
616024 33605 423667
263906 20118 274489
759406 10405 597307
32870 26613 672724
993084 26937 748833
315911 50712 688951
652408 21203 413668
733313 43155 715196
35390 15746 511814
715595 7793 937953
4169 41349 470383
102773 3908 466652
621423 19732 826973
444093 28549 451025
963042 42828 490927
816690 25439 568108
266021 8546 166286
867981 33296 342856
990539 7880 904965
248461 38194 79323
910903 45331 515014
168978 53421 790080
933328 3767 931191
482173 26365 511081
397571 47613 76333
895110 9768 697062
307390 16753 444433
86430 16645 641033
447273 31094 92182
735750 22800 937574
940840 29772 909025
497327 29837 343402
57231 46669 716191
389269 32440 986407
611302 33882 484488
112726 13425 518149
375006 19159 203261
683415 47999 752093
30098 52509 465313
249945 52055 233666
960514 3566 669557
948312 4752 147439
54283 8805 72961
708581 5085 75409
136747 27699 140376
424389 31200 913396
823669 32549 777804
983049 49403 422435
240592 21108 205467
529967 29071 297750
92661 53219 833986
334650 45866 729239
31977 34563 711956
803214 30213 277951
491128 48418 690550
345550 3617 808712
773618 14265 755500
813882 35284 686829
136170 42861 660778
827587 39648 170537
22125 21923 282617
126961 18141 749462
336513 51037 877510
557816 1558 600908
762271 44573 170381
883414 52177 424035
455282 32232 803235
790896 50376 587143
576144 32560 971229
851054 42013 807798
58104 48544 992484
831380 48841 206825
966797 37873 549232
678179 6514 969240
862994 14268 756138
662128 307 655824
127015 4336 819537
322691 38943 161111
204932 48420 373595
509427 51299 950162
419572 728 451017
712576 2457 420237
105747 30349 867934
74929 3113 284738
524171 29841 499616
237295 44506 212985
567628 21920 490199
515490 44328 914833
844874 35945 189996
397196 15585 930125
897852 11354 392228
987811 29056 534493
71890 18867 410153
545778 3667 873852
925750 2341 775323
748146 37990 173974
541191 36536 365808
950053 36962 362605
705490 34837 292127
46196 51883 333230
985682 328 381064
652747 37056 940679
82282 3359 136283
697393 26023 191699
149665 50641 274362
656428 16845 67722
129822 10994 466676
391445 36746 912291
975844 22103 63229
741879 6439 227293
578191 53112 422342
577326 5412 470675
569104 21352 103570
259710 15156 280369
981990 37023 411604
182706 45051 986310
281885 46056 210779
908663 40602 291581
759628 10418 116437
200697 6193 172012
925002 4303 409633
548924 40012 346172
768369 25484 186866
49533 29649 559389
682006 14713 319536
555146 2643 833856
172679 49907 324744
533535 41671 919603
702087 35153 995562
909507 2941 766325
241350 45331 980133
228387 53719 770702
232613 19053 747295
711406 19848 642598
175849 38699 720234
824049 33338 556473
459069 31011 746862
66739 51989 280011
892461 43582 864696
789844 43979 783337
179552 25531 383059
848482 50397 267723
752919 12497 997796
95612 39030 136049
153892 43266 947232
255147 52032 856086
499244 41948 941912
385854 38520 642287
283424 12212 901004
916645 30426 507979
2105 45589 894522
242833 12721 669085
374834 21594 970021
543882 38558 208297
872587 21228 337622
640657 26511 175822
83387 13315 121636
281591 50754 723537
39477 49865 874354
717374 49588 98793
280415 10296 833353
547375 35001 571798
993423 18286 279337
58108 30671 167580
349640 3602 659206
213527 45781 672317
360947 6916 983744
656594 21250 445120
699489 43381 904750
434873 27802 739786
366849 19427 505570
412525 36409 452722
638109 13615 316177
85507 50664 183809
7770 49265 144272
794908 41230 712131
972848 44581 191914
800966 14766 597474
318695 22201 210528
397780 2010 645255
165011 10085 499299
182330 12073 525812
51793 8808 283480
690732 37115 769642
700675 26679 322659
638455 15356 283627
193800 13928 272612
341920 31653 440296
812352 48157 715632
29883 12359 272532
924735 41184 254012
990287 41793 796738
682576 24300 725009
85673 19332 482914
99308 45243 185941
950591 32955 864649
482171 29538 463453
847558 41204 108647
710794 33806 433118
462038 40847 72950
919182 29678 377100
784637 27413 662124
41497 2802 941198
25633 5332 131036
364250 43695 894823
586714 49136 718923
926811 24408 469320
325903 29017 871765
683317 28978 361405
690000 48244 407020
378134 46144 499588
302836 48942 564890
872182 22469 398822
772277 2633 231097
425558 27590 76192
29577 19139 561878
103483 12885 448734
914818 19724 725519
598634 14374 284767
457512 52533 65137
550629 2417 178983
475670 18981 814978
438053 12415 997802
122899 52572 133448
845720 49738 684310
408306 10754 589014
133085 33560 210976
110124 36709 988939
212030 52426 195920
349116 15650 156169
636782 13533 526676
878268 28147 128841
598915 22881 560277
543487 797 366207
583221 23127 193795
184366 3085 708956
225176 29558 829906
762343 7051 393409
174039 25149 681486
161043 47612 434590
924338 13912 862864
573511 52795 496156
695225 44989 474205
425182 36432 673812
8394 23559 594760
640341 16058 515656
912904 25357 776838
49960 8161 62508
314972 16258 745955
436715 20328 387662
779441 10308 922169
535403 26349 846535
674667 30255 629140
374598 43910 427385
687080 11804 522532
96840 13354 846597
110713 53109 349780
122633 1690 887071
588835 34084 730285
402820 1541 183596
684626 6130 616316
148472 37166 807135
564701 27380 836260
172292 35587 349516
336064 50127 876827
542591 6244 318153
902550 37095 489408
782039 36821 471883
524566 943 773381
37099 13517 549334
915407 31805 157522
918250 45785 552678
480359 48931 935634
953325 48754 147012
658577 10936 697852
849171 46484 813760
228237 15823 109262
336669 41839 417601
932389 53458 458997
237129 9480 620684
277926 7752 563403
995315 36420 782673
442971 40122 618099
203496 32672 996422
833424 14848 784941
402317 23178 715953
183110 13458 730825
490032 29422 338177
287603 14913 648642
403502 11490 955068
975100 48658 950068
774725 13870 360491
932661 33776 847082
948475 28726 319275
647705 4978 688477
822127 33305 183778
578629 17140 297539
176638 25146 532315
793402 25561 829229
213913 43368 517019
355027 38239 349598
595813 42868 554947
73092 47742 944995
168275 3221 632617
863316 24233 367156
480705 41330 310705
544093 18246 640862
62802 42447 386596
815361 27245 123018
331530 6015 415702
597231 28738 300995
738157 38345 459007
982231 2389 484295
138008 9061 459410
957866 50861 660322
9760 44167 146508
628758 22448 871418
863594 16633 637867
164865 5255 116769
185803 11183 671715
200836 43348 534304
440161 14256 115834
593322 875 833117
575601 12280 815252
908841 3693 364119
113859 36003 924778
860769 3888 634146
803836 31691 281792
407635 6199 811526
502202 13378 495832
359011 5527 567909
438837 41622 848428
471122 53207 623565
88597 8395 240178
38517 17808 734762
914319 23486 880271
792122 51084 256425
173892 18089 203828
707613 47372 801171
277531 30160 605206
67878 20949 810914
142302 25334 700808
518693 22221 921179
747283 14847 959396
337905 26265 118806
430556 13824 789502
805405 46798 362791
65746 52498 119808
258813 5820 825681
175901 48217 374527
110872 1997 942389
278487 850 587580
144110 42751 738431
18210 1736 851516
242988 25001 129757
140744 8378 827648
354926 10445 519885
445778 48858 370017
164405 36483 847779
13483 28483 658285
562025 4419 541669
946742 35072 354129
266129 1246 490836
237420 21087 104967
63760 23820 66897
376571 14386 898465
250210 12254 693715
501724 8750 767760
4120 18334 249891
716917 38033 375411
232337 34696 681881
723183 8439 338295
978490 44591 134727
755608 19258 772710
326344 33490 985876
538747 52540 985831
109427 6494 528740
678526 16844 593868
837877 49793 545653
403006 31678 254166
67203 15417 633469
353063 11239 373454
419724 24329 232322
200534 45362 538858
200048 3344 888577
908850 49096 700745
94467 40811 737885
721608 36584 813274
740034 24714 724746
599911 216 985484
242581 25142 292607
750844 39239 103774
57287 23081 704633
599599 47457 409481
552450 33594 93652
568509 42471 781813
563727 29792 756346
240920 27922 892255
34060 17975 938291
773820 18066 228888
25582 50343 706866
611603 36285 444135
957754 34133 748161
643980 12075 59064
361663 46849 574814
12600 24552 996014
922390 52179 134453
405094 27001 974022
497757 43985 345296
640319 18878 939306
602096 36519 849491
391268 38908 774043
412010 4006 971575
812550 52783 717743
151899 13590 379664
497159 18982 516959
854986 2581 498136
155856 27408 786405
980014 40870 167889
329779 52013 693278
322279 46576 58457
762754 1964 789615
473922 49123 861802
137456 4089 872920
21613 16534 130213
531750 46427 100401
433912 45434 509262
794601 41486 473309
194765 28072 891466
411691 23338 676997
668722 8035 318024
944878 28417 301564
819261 3192 55529
185505 50825 752503
643350 53062 742405
204212 29257 289343
17460 3266 767099
317950 27566 762291
420049 21381 111165
169682 9737 973453
234607 44828 597508
961630 38504 918798
142992 2645 615084
320324 14084 984514
960561 36485 552895
51772 3324 495652
964167 8749 834631
858986 21091 529150
806269 50356 619462
723068 51124 778842
168300 43259 415971
573192 26250 274644
505244 17825 508916
848164 31539 861863
640699 25637 615072
731269 25151 603503
339420 13264 981284
189020 33723 773676
206386 26225 744801
550830 16005 54272
645837 44582 863117
735604 42527 148157
705492 12726 700782
181939 16115 539306
395075 35360 819673
71516 35100 690866
968679 21959 216342
779174 24011 110305
793113 15966 212320
512811 12622 131316
979704 29266 522609
801345 4931 332635
229994 23374 928322
368091 16109 859459
683668 45520 602982
818079 35429 642417
361880 52527 554614
328329 36196 334401
109647 7635 552995
347584 21788 294777
667336 41729 559419
461623 33361 147815
909696 1195 187942
463431 4786 185437
354402 6771 785514
366348 26361 406167
121536 11571 695988
977533 1858 397449
364371 25226 227988
707920 7941 410252
987504 13315 921428
265230 51135 762899
816908 4854 796037
299187 53247 359880
164850 37879 762343
732041 190 794520
264898 2929 100982
339014 28439 329669
951469 3345 326196
725795 23871 761661
357614 46046 765316
743678 17162 865667
649035 50344 513703
123442 17205 960703
506573 39159 61301
698038 17544 82597
916477 51882 274071
625140 42838 738722
992352 42215 701372
106859 27736 844303
794292 3353 801940
944583 11521 571759
135531 51011 217627
560768 40007 956479
956455 48270 425571
833841 19576 972324
564279 44468 636211
682042 40032 741273
600402 13393 751847
77720 34977 296315
853714 6096 979411
46723 11516 563444
138675 7910 426561
540168 7100 678061
786252 33115 841794
719785 50179 827346
81676 38971 445383
471282 10743 860019
631289 48582 944524
846301 6661 571397
463910 27412 830223
62889 45305 106311
365556 1488 774088
142647 47883 893406
686731 10063 191436
879398 20440 248212
974360 52742 85852
193519 51433 372894
257225 53545 301564
918595 29326 964732
726407 18685 418925
354020 43697 86009
787572 49991 232404
580481 28627 100463
20902 17776 86455
904407 10370 955930
140835 17025 574352
888709 50574 130875
876637 43082 434491
563630 8621 320471
70575 14527 707947
768020 23943 923438
128345 30896 346686
505779 35117 399700
552121 34261 153812
738141 42470 222816
64587 16960 624737
731413 23453 320113
734691 8740 665618
97517 31338 794734
264361 31100 985142
855396 53610 887800
781908 13568 318081
53050 42384 123651
35050 6113 201054
888982 34641 84691
816759 47007 832439
892571 50908 582884
397836 24004 497989
49351 33999 311976
623674 5482 886029
439053 31743 658289
391311 6139 976818
534451 46976 627787
971729 1655 459089
851566 42529 846113
533242 26731 239279
165436 53735 382440
149619 34473 564309
817859 35247 567800
953235 48111 395938
666793 51265 767338
441497 5648 722942
958963 46032 568944
363625 30928 417233
559714 33271 319600
40068 33206 469577
592587 16119 988815
504716 33343 829591
242359 12262 985466
642358 44362 104767
777851 31706 325941
657616 32798 494809
31960 23077 147955
326838 43331 201148
391317 32924 775527
696976 21695 439372
791068 49671 185193
523215 30132 716816
357203 53540 769107
912424 40760 341965
892861 35586 292491
689807 11620 362441
265296 43103 990065
508920 17714 527964
98392 19465 899607
858058 6919 231238
721100 10234 69709
806309 3237 929176
645808 476 880168
73239 17014 286757
276395 49388 551122
150489 11067 828496
210793 18825 67541
833552 5644 722131
161332 25518 95466
171393 49798 835987
152399 37342 370267
236564 50021 309513
400468 13152 527716
715660 53720 275484
80975 5387 472994
83398 17897 657522
501082 25711 111267
839344 23917 186291
412603 1604 934302
825421 13735 895968
823931 45812 289264
634983 22425 92199
769992 24180 86091
886547 12812 957359
936782 30491 182216
89964 2523 233760
144337 39302 995013
373385 40028 257861
527182 3301 384462
808192 46193 776762
350611 15849 55263
943456 6447 816036
170717 24544 748222
406377 16145 130574
116721 45089 478217
856655 27473 444171
163197 40857 768498
581040 2287 327393
76720 51462 486036
578194 3842 624873
158487 38328 317010
83489 43646 492337
664122 3206 310900
986599 45213 812467
862455 32794 801537
742925 10874 865414
253854 31628 364056
416401 31689 341373
917900 47271 323806
979336 16009 59500
597452 37127 973102
666263 19392 540436
78699 21349 519127
147181 10774 585460
408666 15956 793371
518020 5704 878687
792778 8083 204131
324056 29875 55616
820355 48604 680477
122982 21516 930755
594439 45702 598958
360169 27198 648576
417637 31117 450556
448273 8465 59201
520160 20089 849567
787014 9137 228265
621953 6202 820745
623068 3277 514813
198906 11984 934550
535767 50798 886468
774782 31454 574417
504865 20481 530225
39197 50782 344780
322505 8867 402363
907684 8091 928305
956991 8919 446473
17332 8056 144307
646349 42803 831700
396706 45644 733818
112729 40541 431435
758928 15764 163620
105881 10732 794435
430411 20695 878919
158038 38729 791168
901860 30467 573114
226276 47494 228447
402771 9999 785162
338145 18787 267096
555913 16010 851569
88236 17161 597272
242900 38674 301517
856360 17289 797493
658553 13016 591115
119218 7305 466742
895181 46486 293069
803871 40194 272433
845397 22787 685842
903738 6555 382183
125344 6195 523666
510077 17644 841759
991457 39236 649736
483790 38024 567789
960657 45170 172063
170428 23863 216554
136005 10203 894479
420282 52577 575423
746956 27547 730642
443611 31602 219307
922252 44393 344285
762383 8827 466899
159646 27613 390546
174493 36513 435531
383911 7153 282393
745250 40661 737881
704312 33011 542497
172937 31176 699503
21225 27913 272082
