1000 1062
47 191
252 58
733 334
312 994
810 294
376 300
551 44
42 248
834 121
259 747
770 539
134 320
314 654
869 837
32 42
737 852
444 441
612 502
521 976
464 120
162 313
52 859
134 651
86 20
476 509
938 141
750 778
706 543
742 696
842 548
562 240
459 583
60 403
654 614
721 708
98 586
900 27
685 52
149 991
839 680
991 580
569 642
740 208
921 723
965 578
751 631
863 339
86 855
906 192
801 657
202 508
369 883
236 835
603 154
586 798
482 805
140 773
153 35
134 875
299 245
434 138
906 242
206 913
750 235
209 528
911 621
21 45
699 692
349 319
559 142
523 223
477 14
122 406
484 33
469 29
938 177
927 816
313 22
729 655
842 55
659 886
40 938
939 706
359 727
149 513
857 945
47 292
721 824
726 268
342 892
619 597
109 769
894 84
587 596
223 330
45 717
895 605
312 38
404 741
556 393
323 318
209 114
230 963
996 108
741 860
334 343
836 80
428 194
987 384
545 446
973 459
50 582
797 527
280 786
250 439
717 8
883 573
45 996
52 333
40 537
824 914
502 917
162 926
84 568
732 809
743 739
570 566
819 130
380 336
902 111
197 263
273 921
238 756
80 472
342 12
117 370
911 608
364 492
41 884
97 983
486 796
737 273
920 231
403 849
839 965
149 801
173 975
775 668
984 305
70 484
206 30
999 919
946 873
427 618
466 721
230 860
306 179
70 584
248 85
234 100
338 677
604 924
817 147
639 196
991 53
149 162
984 615
837 347
502 475
521 745
612 825
990 579
973 978
173 603
505 140
689 322
483 236
55 530
114 366
362 462
230 598
913 77
378 104
243 651
588 784
714 964
938 791
414 424
959 259
482 681
894 341
88 444
975 503
854 277
808 535
202 464
502 471
938 628
820 593
618 995
34 707
230 49
801 40
493 260
84 126
47 925
326 600
464 440
599 853
199 723
378 144
553 662
789 787
502 818
334 939
250 854
601 338
373 522
184 379
630 417
505 437
737 626
988 310
364 797
464 987
96 533
84 37
505 428
435 679
737 201
645 764
603 704
820 870
465 933
551 871
583 238
689 155
212 689
688 847
251 755
530 186
16 301
35 828
97 771
396 529
463 361
767 760
520 779
308 181
193 491
295 288
835 806
782 514
3 897
873 67
376 490
424 935
701 501
460 225
477 388
132 664
137 928
843 101
565 51
291 967
850 315
600 731
946 839
84 753
565 64
998 271
852 456
629 94
64 620
619 899
501 91
612 364
40 984
427 453
297 562
668 123
57 483
60 396
777 146
590 365
958 281
224 730
779 684
132 72
639 846
859 416
813 26
628 715
657 934
899 280
440 987
244 950
111 261
606 800
33 486
169 383
78 455
350 413
122 880
879 744
563 135
720 192
21 969
266 335
22 964
304 602
78 524
401 252
676 195
911 473
252 948
60 901
886 951
721 542
574 845
465 931
451 131
474 946
685 458
167 48
809 299
313 499
982 270
116 827
475 447
819 624
633 540
855 74
461 71
213 46
153 722
493 564
412 357
707 180
362 117
275 133
733 666
939 254
149 493
855 127
551 445
506 543
574 6
676 234
333 408
458 90
342 311
108 73
947 102
649 997
855 803
263 227
771 832
270 763
423 990
231 352
162 719
592 956
637 555
679 838
225 450
660 124
982 777
784 962
824 158
737 479
743 718
128 532
232 75
162 86
425 293
385 557
701 695
206 60
21 659
888 272
213 869
223 820
89 476
750 911
250 3
86 312
544 750
947 589
609 122
202 264
900 639
434 630
499 43
927 821
13 16
619 676
491 372
875 342
637 918
978 152
222 356
314 729
122 748
45 95
598 711
184 97
598 874
291 431
978 282
956 59
727 915
396 449
86 872
975 709
198 595
223 438
276 966
469 298
852 989
466 63
691 693
141 244
34 93
493 625
719 485
376 949
782 585
856 116
676 195
230 592
314 654
132 549
506 255
31 241
255 795
946 955
776 367
513 732
121 197
202 599
326 604
902 78
622 970
37 358
834 772
630 83
629 211
666 355
277 812
98 813
276 211
965 125
202 770
116 69
769 106
15 888
717 39
984 397
57 982
108 28
234 627
291 591
218 24
836 1000
201 638
311 110
838 561
895 940
414 448
300 749
136 725
606 876
81 652
981 307
733 497
417 841
212 868
794 878
631 418
655 898
40 565
116 9
134 405
305 219
132 386
496 232
45 302
805 488
265 781
629 650
255 166
466 646
45 250
29 429
929 623
622 206
647 243
659 817
383 900
414 469
369 669
869 68
248 977
927 612
734 385
211 979
851 882
518 190
330 905
464 648
137 253
776 129
293 399
477 515
449 199
777 346
955 285
982 184
680 498
55 461
969 463
364 423
946 48
911 381
79 495
830 517
965 214
72 407
882 224
248 387
493 738
219 465
908 712
627 658
194 340
490 325
659 782
689 525
233 327
316 332
394 775
209 890
149 957
194 716
333 410
185 661
984 376
604 212
94 922
742 550
458 489
222 541
149 906
210 893
326 819
496 289
872 851
351 233
449 570
141 516
873 167
95 228
982 981
674 153
504 220
401 891
957 587
224 998
599 686
134 308
315 216
836 50
242 290
116 887
709 814
531 151
924 903
456 826
978 247
594 390
641 734
925 960
568 221
405 511
401 293
90 323
888 246
47 577
872 57
251 159
572 391
54 971
405 229
752 643
38 168
45 685
394 148
114 640
887 9
783 942
701 864
230 251
311 10
427 606
991 314
778 865
786 656
513 823
919 810
787 266
701 759
562 128
717 452
16 13
872 559
427 18
316 132
45 230
493 482
324 468
170 226
767 303
326 460
427 536
673 204
438 249
754 203
395 752
765 156
198 150
959 65
286 504
208 137
41 696
95 474
825 986
169 422
302 999
373 287
442 785
588 835
183 671
225 392
834 634
228 575
308 850
542 345
465 968
982 973
996 774
78 36
364 742
851 427
719 909
29 11
223 776
902 761
298 879
970 758
146 607
120 923
414 321
993 433
372 558
326 927
827 910
736 189
557 652
619 767
60 296
981 375
732 295
779 699
298 649
50 188
428 576
67 61
321 811
984 98
513 842
206 793
98 959
369 412
852 306
695 660
650 705
537 496
743 425
825 985
310 746
312 563
313 202
342 324
873 31
191 733
926 881
988 690
777 371
619 451
389 258
134 691
145 209
907 622
456 171
122 944
518 759
199 665
414 556
793 754
879 487
60 673
785 686
248 863
823 269
280 349
159 636
201 552
268 635
825 480
313 32
955 702
40 830
111 164
57 13
439 1
32 544
229 682
834 678
520 699
493 500
537 633
465 113
386 697
571 89
953 353
599 785
346 763
332 402
428 363
946 136
306 507
622 257
933 931
404 337
395 735
679 92
813 224
32 466
633 688
219 5
99 262
48 701
533 991
50 374
333 99
244 581
689 421
668 96
999 675
500 766
580 870
348 460
496 107
970 283
523 207
851 362
53 373
114 185
933 139
640 546
504 974
363 344
244 653
6 4
577 354
743 82
732 674
838 182
517 620
169 834
902 275
389 802
520 172
925 209
141 350
932 454
396 937
611 112
413 941
63 736
775 103
86 728
493 682
505 476
807 183
592 988
52 369
183 352
731 178
277 788
763 896
743 698
984 836
973 222
926 304
624 953
155 274
991 394
592 857
42 477
389 329
789 400
917 579
433 972
916 378
36 25
721 641
191 916
95 505
574 782
772 889
367 663
902 210
98 929
973 609
701 687
45 919
421 787
597 419
493 34
854 467
223 389
404 567
29 481
937 930
765 17
428 545
673 912
572 323
315 980
206 62
844 862
292 844
855 54
618 536
392 670
42 932
927 672
784 284
798 623
175 478
70 632
666 291
455 958
283 907
818 713
554 331
695 518
783 432
698 401
513 173
60 737
57 569
185 426
657 792
55 420
500 551
940 780
839 762
57 7
912 831
369 328
984 765
856 169
641 81
629 193
813 594
630 319
609 858
431 790
993 486
928 217
239 237
496 256
311 324
852 954
826 507
582 700
919 833
149 326
206 165
946 724
70 992
199 667
308 531
989 479
678 415
305 877
523 409
47 430
364 41
45 807
496 398
856 227
633 70
135 118
469 316
162 174
494 377
423 751
982 184
802 694
512 520
314 512
959 947
27 351
98 560
11 494
726 297
657 619
830 943
647 200
612 395
586 611
21 856
837 470
499 714
140 309
299 461
640 145
924 848
812 637
943 757
529 411
587 79
32 76
34 368
601 613
945 936
389 265
703 616
819 239
128 170
659 105
353 768
527 187
659 88
881 163
906 861
957 601
820 843
430 783
45 198
975 2
149 902
14 388
988 510
853 276
551 808
136 702
567 380
801 622
90 143
368 720
149 281
918 215
872 645
872 804
974 437
343 115
731 821
251 920
842 794
792 519
95 160
733 317
933 799
801 414
94 867
726 534
55 157
421 617
465 616
857 15
334 506
908 644
63 822
396 590
521 66
641 553
54 866
415 554
223 435
308 647
41 961
583 588
611 360
396 547
474 578
291 908
673 434
962 267
84 538
237 161
244 521
181 710
254 526
113 87
313 47
853 743
773 571
78 894
919 109
463 885
453 175
424 393
582 703
444 205
916 629
855 740
45 286
801 840
155 789
981 829
973 858
984 21
947 683
299 815
736 895
376 574
40 904
513 523
852 382
608 436
128 298
500 134
3 572
662 485
502 278
233 56
788 610
383 443
685 952
69 595
322 338
84 218
541 457
905 119
53 19
386 726
819 348
857 23
151 216
857 404
785 442
313 213
751 279
622 359
496 993
976 350
842 176
3 2 5 2 8 2 2 3 3 6 6 3 1 4 12 2 5 5 1 2 5 5 5 1 4 6 3 4 4 2 7 2 5 6 3 5 1 4 4 6 5 3 3 3 1 2 6 1 1 1 3 5 2 5 2 4 1 5 1 6 2 3 2 6 6 3 1 2 4 2 1 3 3 5 1 4 2 2 1 2 2 3 2 2 2 2 7 3 3 1 1 1 5 3 4 2 3 5 1 2 2 1 4 2 2 4 1 6 3 2 1 8 5 2 3 2 1 5 5 8 2 3 3 3 2 1 1 4 2 4 1 3 2 3 1 4 3 1 4 1 2 2 2 4 3 2 3 3 1 4 3 5 2 1 3 1 3 3 1 3 5 2 1 1 2 1 2 5 1 2 2 5 2 2 3 1 2 3 5 5 1 3 1 3 1 2 3 4 3 1 1 4 2 3 2 1 3 1 4 1 1 2 2 2 4 4 2 2 3 1 2 3 2 2 2 2 2 2 1 1 1 1 5 2 2 2 1 1 3 4 3 5 3 1 3 2 6 3 5 1 1 1 1 3 2 3 2 3 1 1 2 1 3 1 2 2 2 1 1 2 2 1 2 1 3 2 1 3 4 3 4 2 1 3 2 1 3 2 1 3 6 1 1 1 3 4 1 1 3 1 1 1 1 2 2 3 3 1 1 1 1 2 1 2 3 2 2 1 1 1 2 3 2 2 3 4 3 4 1 2 3 5 1 1 3 4 2 2 1 3 4 1 1 2 1 1 4 2 3 3 1 3 3 1 4 2 1 2 2 3 1 3 1 2 3 1 3 1 2 2 1 1 2 1 1 2 2 2 3 2 2 1 1 3 3 2 2 2 1 3 1 1 2 1 2 2 1 1 1 2 1 3 3 1 4 3 2 1 2 4 2 3 2 1 1 1 3 2 1 2 3 2 2 2 1 2 4 2 2 3 1 5 1 3 1 3 1 1 4 1 2 4 2 2 1 1 2 1 2 2 2 1 2 2 2 2 2 1 2 2 2 1 3 2 1 1 3 1 2 1 3 2 2 1 2 1 3 1 1 1 3 3 1 3 1 2 2 3 1 3 1 4 3 1 2 2 2 3 1 1 2 3 2 1 3 2 2 1 3 2 1 2 2 1 2 2 2 2 2 1 2 1 2 1 2 1 1 2 2 1 1 2 2 2 1 3 1 1 2 2 2 2 2 1 1 2 3 1 3 1 1 1 2 1 2 1 3 2 3 3 1 2 3 1 2 1 1 1 1 3 1 2 1 2 1 2 2 2 1 2 1 1 4 3 2 1 1 3 1 2 1 2 1 3 3 2 2 1 2 3 2 1 3 3 3 2 1 3 1 2 1 1 1 4 2 3 2 3 2 2 1 1 1 1 2 1 2 2 1 3 1 1 1 1 1 1 1 1 1 1 2 2 1 1 1 1 4 2 1 1 1 1 2 5 1 2 2 1 1 1 3 3 3 1 1 1 1 2 2 3 2 1 1 1 2 1 1 2 1 2 1 2 1 1 2 2 2 1 2 1 1 3 2 1 2 2 1 2 2 1 2 1 1 2 3 1 2 2 2 1 1 1 1 1 1 1 1 2 1 2 2 2 1 1 3 2 2 1 1 1 3 2 1 1 1 2 3 2 1 1 1 1 1 1 2 2 1 2 2 1 3 2 2 2 1 2 1 1 2 1 2 2 1 1 2 1 1 1 2 1 1 2 2 1 1 2 2 2 1 2 1 1 1 2 3 1 1 2 2 2 1 1 1 1 1 1 1 2 2 2 2 1 2 1 3 2 2 1 2 2 2 1 2 2 2 2 3 2 1 1 2 2 1 1 2 2 1 1 1 2 2 1 3 1 2 2 1 2 1 1 2 1 2 2 2 1 2 2 1 2 2 1 2 1 1 1 1 2 2 1 1 1 2 1 1 1 2 2 1 1 2 2 2 1 1 1 2 1 3 1 1 2 2 2 1 1 1 2 2 1 1 1 1 1 2 2 2 1 2 2 1 2 1 1 1 2 1 1 2 2 1 1 2 1 1 1 2 1 2 1 2 2 1 2 1 2 2 2 2 2 2 2 1 1 2 1 1 1 2 1 2 2 1 1 2 1 1 1 2 2 2 2 2 1 1 3 2 1 1 2 2 2 1 1 2 1 2 1 1 2 2 1 1 2 2 2 2 1 2 2 1 2 2 1 1 2 2 2 1 2 2 1 1 1 2 2 1 2 2 1 2 2 2 1 2 2 1 2 1 1 