16521627533029
21403611888112
42016924346017
8710602177585
3167929180762
34597544942049
18603765095224
19944940419296
22760047069886
37624694766394
32514353528545
18964794315181
47917164970656
1026047639856
11083396115040
121976384755
6067714242404
41162185456209
28183960697616
11197814864051
13147903593301
40199363482320
15894249356352
1928132044752
38614981461129
1820316922416
26515446656707
31042467106918
3007414343077
492602160655
5037549296234
19575489866932
43924033648062
42826056233918
16385161125347
29953766611357
37970987551200
25790710542238
35609591841218
18950988388607
28852466531809
13271397998928
36666562864318
13832970524092
22798275729238
22690524752800
39252844983392
35292552286584
22743793649993
41650934988698
36022634507285
43031063966256
37908246663057
13516726122951
45556529239499
50118188035405
12593629902748
43673251118036
17213959056288
35758484169304
45166016998880
11952341018318
35292031752394
48603886917936
4121330236035
19591956904601
24033951537394
39315004654276
18251516192606
1769158388256
16900833063576
8551876670947
8811837953648
32702418298244
14450708027788
24572533641045
22679776920692
9529823944012
0
28870434534768
21775962388224
32352761104062
26526735404737
31259160535852
21634881919525
41223531531452
47003641224743
19020361553928
20592383535050
22300559968515
32977081096099
44086780575016
34392602179621
3123248323429
29386620452291
43550263799060
11560287321316
625385312214
23483181676242
28866835288143
27180966710802
9835118956434
15733053043322
28066894369718
36394886819885
4444817564530
13232191126862
12606758485222
46153203755810
26264897008632
38494425553296
12437733932169
24845382582797
8397848233690
35932841366964
4773228667962
44399686059794
10683450244041
32472786452479
23617183351104
24010373075256
10777928922188
29780291897540
31148210859248
38717705316192
46932936826752
21277895608324
33136466186499
9242448068438
27232886093835
21628995006461
12916057904677
4628433174750
8936308972884
20516242623259
8707257150423
18913361685170
14800878450200
41115530679064
22483310334576
31342618706592
4859689206264
33981410633016
7779065378764
45961907710819
41880226439177
11932155113052
9901369015268
47828451057296
2106462946984
15569894254668
12887884107657
21388391258235
14780890873239
28290357757881
37829580216402
29751003424989
28046924687365
37707920459263
44707045302829
11692493489032
12966720961308
6029323613197
22692199116247
33019970322492
18391599325164
11694499128738
24648514228266
35547286541484
41649734025336
28864589147760
49344574455909
26483466907563
33658563461936
6914153500544
35601473988826
9813030629070
49998229762066
15447813567342
12718522770420
21970096978548
10111744078128
46123117488177
39200650613082
27342680000226
26279245350267
3759701119719
38868208613121
30468546058488
31785034719624
44909882412144
36892951357296
18753484627608
17667362210217
11630936861652
6533029148405
13647357368532
7592645308190
4024226696028
1291360133194
47611299117447
31134246187804
15129728162049
27866966028908
26948547232640
8525616218702
14442591913488
10789084234760
31374338751304
19911525396212
20390555828805
5345770324879
4192142596915
38579281094360
12166007042373
47284294628727
41873447184393
10146114419016
14367215876245
10013811841656
10384769967975
13846233865004
45568223086254
25205511808545
0
22007916435273
80415489153
46215847515111
26408735824312
10240294355742
11787028421763
4446460346951
34101615462272
26170229314191
3507936175149
2902759447435
33113281509849
25328803453656
7660160519592
44271734832297
36078997131915
41736520446804
10932721605816
41925695857392
38474578964053
5012680071923
34457681585309
27921420302096
34504126625723
22152214018452
15496706860111
17960404303028
44107668881796
25166618232717
32502189272736
19273525326456
2672981557252
43383612555893
42906573779319
27601529867808
23563922615328
14160033293528
25816349047576
46683937612404
10235036149845
45569489937426
11465301208005
41294429503603
41312411257452
50441093254882
23722833162847
39720413690297
44433410982167
12107297739104
443933849328
46681931629014
25622901355356
15465999751188
35768871226189
18190936750085
5219497274808
658179203295
32753064131773
35849528597665
10353278947987
29857266029995
36886923009461
20400797660676
1572209166516
38747085973852
21097079920172
17464098181920
43993073641146
22051622507638
28739226332289
42119796861359
9990873404400
41210236024801
26748980712866
27992118548491
8981434983585
46885061882990
37596954313875
721680846425
40608121191631
25898565404112
48735238014960
31335815206776
49322254916160
5482128962950
18793377057746
42420568441918
29485081247796
15220836835286
6296448351689
11065002904135
33353468341200
4634406263279
29072948471521
28648330290372
48922035370548
34212785008995
38035927914933
49153349189760
40174263604336
30328584477877
4459122310723
35641132826808
1423234114584
49757317830984
37975406728888
23873406892736
37301646936199
45111744788076
13940709191285
21935458267344
35965411150920
12858683630184
38755798248288
4202280449323
16873778536747
6691319465246
25001406626715
34338539979177
12775217209136
12728909485260
39230471947975
14010198724141
41042410287850
27022329659862
17239448611707
40048828279869
20601391397568
3236605292661
2649586107587
28191732099958
5755494125540
10974652369348
4611875945312
33004571244900
25144421741278
37871359513047
13444229023898
7139855657215
26140174488978
28178694458598
7168114937676
43815640493206
24225763800950
28877244278426
16715144494198
8155053548881
22710737742018
10115308850861
39602978175118
13165266647804
29480457886542
32820074909158
1224354452758
28047485610492
18700952717262
33266744554774
6589593889289
38397627342235
21072946083024
40461479954036
48105356126236
25769181195072
42411447633146
27834532348584
42294088825829
23588239884258
41756482035575
11028780235056
22947924922416
23632708155744
37654472071344
33824584291434
13025973556082
6920873884049
25052196018275
11459076633055
39359738035763
5489706717774
15354919768298
16560830647474
33694984762032
46616083860299
35939150581964
44752004281128
20842642357671
18120202575603
45017766684347
16304989719103
31964055996593
10405954083712
31375680129402
31814943540058
11145090316588
39524464618368
1379676354136
13125244218776
2840612865760
2401010112995
48310177060980
176672178578
6710901996727
43910033942088
27655902635544
15470866244832
14641002001266
39199130998974
26507423689776
39394949009244
32057616863373
21617382453039
4476973140114
30270894723294
22726920878823
41552893920335
16181357782837
46439553514341
43303841336277
9100936630221
2570979194112
37210316573680
17732396923622
36311800506765
11269369877895
39483673087326
47753244775566
33632124238404
34188181340035
2908283127785
18924027005376
49399501534632
17992149353615
24284387423271
14496473467063
6896155095338
5410285908359
28170782906090
30266780237589
19295357440302
5937738650825
17970800907076
35674142007395
5346270537325
37447408200432
19070929224319
414760115319
12814246685593
27350867714263
20980262822521
33509945947390
49141996949875
31392550449648
48276414621792
31197135457203
44532710128198
39989527455095
11664102414647
30573395110009
44120973309572
46718291340604
37026028981530
11526190739598
47100324051696
44262906499454
30825892948083
18530810793367
19121121079900
32871402583565
37892022479583
22925850019900
23565757959124
4576826666724
33185122144356
47659456078720
31821178308281
21458847155191
6244778582959
10211541948797
10070440387798
3616151212259
34223848254921
12050092507062
10115300108892
13520165961134
24131226341026
31722678260812
49913334638156
30342118441969
31987958336519
37976100216580
27436473136380
42803618777639
26697190028937
33641048750673
20161390733842
3016049649450
7422599118601
43892987173738
16476425135859
21871786689261
11176668545815
45914928771545
13135268811508
49168299826873
12701719630291
31894671770884
42504817076974
9951663695500
24658127415186
28319450546012
29042019347645
7784935642469
40121736360354
13439127763755
29894356241259
41799715857642
38265170539944
9977006553591
21339942480729
20743078359111
9133948586446
23828059052675
8949436323007
30893301848619
21627101416977
42959769124061
41446903146072
40790012662920
11964710872114
36569497854716
46280896048458
34756279342288
40140704245232
28983150780086
8484927765268
40237947515526
5763154905024
20860738233543
47904872657529
16676196167624
6733673822666
23275216218977
21111119465458
27167385835210
12651378947857
45043745997098
21726576169174
0
27007087678320
0
19062200370432
22205128913947
44063991561893
44619184189944
34267794050308
22470719841416
45444281304292
15382254048379
26346376635781
36038964807254
48898548354706
12876172773177
21183813681555
41984002372500
3971484278196
8024577426507
14508504804726
3271791199951
2113212366389
11078095494613
25648278655056
48021146867907
5782321853399
408025430332
17282447368604
27139998741387
20946418978428
21468841780556
12918107533652
35292089726057
31481874575928
22584583986982
50907042415826
27070964509789
11784375120102
29698070996045
19012360763193
27885308418039
20396230106094
36869563007614
32746021802108
41618372751956
46578104419799
38272988055485
42304076799192
6401845595464
2054411312648
45357941632200
36888497659512
41937885058682
24515250342780
2970622417008
33970696902994
16425245950248
20755393764763
7189814904834
3563400199674
49608338831705
13813741759370
20960118270382
4678904654034
38655018916134
1455295207619
44046876706213
14283025905928
125326934626
28391097418126
16172330728181
6251034397945
1965145912825
33831005838917
17546606705268
19607538288540
39095524758697
19934829441539
0
16911070421376
48843472911465
36300527719665
2310422229078
21896445488626
39192900696423
22698626496561
25589886592934
38143161802805
34013556242257
16477067511828
26930922890374
10747510354460
11843784081780
19476252376213
38181381755724
20498961298258
2325977140877
46962419389232
10362963122316
11072953341888
35376300513807
36027045831707
9122041171172
47326079215262
18327975867816
22250615311332
9848151769308
42295813806592
30393538752658
14832617339854
2951140672848
23172623426884
38977211082904
22069947130386
18079750217561
18080941582745
47628403217232
36364116491928
8780372920750
37631258369978
15015556919598
17040617883483
31224010992519
12226657712584
5723842428146
3241741774804
32527898939810
47924280653442
25507054080104
29854987429714
15793717360260
31242589975821
3695552370535
10818817689805
27811632239608
21233339006149
36500443768886
39399213271047
7280869493643
46826766318978
0
11084226043758
8000239131872
17563490468390
54388520754
26966836390382
29231450171806
12697322899494
3175239195992
31253964255801
9000980779369
39715967162846
28559277650670
41994117470298
35378988036384
29472644067744
6225829898781
5999637432825
26213565641320
2133091692648
8311623057777
27566339930921
30681619277184
13539088572120
12201493474
17237061706359
2366176121519
25889976052992
24418123501668
39292622527652
44592287523886
21655835131912
8871346454393
21844180963795
291662141871
17306720894615
2288638640278
28580506242068
8805655281358
43906231514658
12262100591702
12437324530712
33187665295446
31372257152883
39015817569974
31304075278870
41561726124547
26590898320268
9770800577356
13762842773464
2902373390816
12871780906908
44846413674171
17213410223196
30714928571664
37754015143300
50272407270281
47174059703472
27181131351600
29822743452155
4784764065253
30645360769270
45490100164768
8594539214506
40620138619169
42353410302943
18073966393890
16625905990158
25457732315390
9838268618862
21389077709361
39204384188875
12737031368038
11694706837572
17873304172714
11993154977884
17599376869480
28828700705936
37597438077784
13803417550016
40695763424780
33102612976756
13093214303427
35001913510581
35711532374879
44207823400395
19282916138556
37743673762121
47293978666235
25425071199702
17042998802352
23184502220201
40878977803687
47475006501420
12835762227868
41485441501016
8512445141180
47774387153852
20983176268736
27781744816925
44206499712134
16470581930261
15278347054320
24422270104466
19301864068978
47825188766547
47776424127564
7313260455917
35049521035696
34104513094021
6103602084150
2130915580349
46742153686399
8378647157273
26768274442406
36252856930954
39582399782177
47714845402600
44048727631455
34018018661516
21562728135374
11289600548174
42702586754784
13495777025346
6646494334885
13031078619401
2664246901728
45984172156488
1204499558455
2559454750605
29272180265768
35461116671916
35950436353984
47510470057839
32340271317281
25114553915232
14925942439663
22601092651665
33783698935352
13967834621719
10852127207263
7686405257303
16114762297620
33797141158497
9869254301480
16733240205559
18327388240885
14099212280242
6972015148080
36938889145219
38448473848733
43450248180671
27903478342983
43568799652610
45247539364352
29262860490636
28008507365395
14170914968581
47898486164249
50409873719099
35584366662233
48477282954079
29002450026425
38932541093359
29670259556044
15366969476299
1529200715449
3134959630928
26637699203099
14786706074837
39963050307159
45644391159609
20987145817470
15122291798802
24069010468709
13204338429114
29306286608915
20023297510172
31601980860690
28731308551848
40400646163789
25571932547627
26598566305248
34883310509792
41140579408336
3476193859664
22020254532350
23679161778170
25150426219920
48015925957043
33483522493366
18694823202783
1327621439898
11147898551840
22337453031142
13830179023668
10788646346859
31342321733193
39657430706112
24219832557024
35112396417374
44800096759546
8680267483680
33463275197807
41059695536801
31661413720592
26472435422921
30051049009364
37422580785517
13762541202262
19098611112150
15489078298383
2643276080454
30199475574861
21382575572486
15562048359534
18712220931258
42608591826810
44223546764900
12615369555140
28562811789944
19922469641688
19774990494592
17301941189610
18984694763397
2653473492811
18167616925973
3815276569273
8810046542720
22574341693226
8735473178083
40636854033795
18857459766624
6394946599923
35359918768245
34420079552904
49401449213040
36397285481700
15634566771576
20091292703124
41603295484728
13957845374330
8086695251128
28655730593715
47212531585971
31904859144864
27351100181637
36856769010728
42146341957180
3806535680405
43346030099314
35517557080992
13968825778797
40244534986035
13092174210336
8485905190991
35168984716105
12508965430790
44037911036639
25342089979283
3522143065815
23487462464942
1599776932986
9798763147057
17019139967750
35370840019542
30733625457412
23281588963840
23270588739793
27908134306964
6667535580561
16858034158826
25292437448280
39838746018773
28136087658571
41374676620008
35471907544992
15782435992128
33608055328958
3155716477817
25117330956297
7973491149152
6785912713038
7077474458108
10539998454284
26565250520677
11076690183044
46554737334977
18205585276636
13004249990810
49869445270266
7254403911696
40196377746639
17630228659925
6363378042404
25318136732329
4953797093809
44834693154234
21553488713309
49435631740423
41441429712192
46476930957236
20506585373308
46952535319032
48660620962968
27377794879536
29848783788593
48355285833151
30680268800797
25749732218171
20712181076952
7876456276324
46492025916124
12872035840984
935884204330
3020777728714
1037209153760
8113703984106
44606407344493
29219187904620
19425199321729
20147039117568
31116886365312
7372879201488
4077971079877
6348150128572
45590361238312
33416064564849
27992171663301
32102088500515
2089116845990
22524531619370
37683573434832
3193524101567
7400178069702
37257637408104
46612646197433
227158817737
28190595330823
13414620690428
47275263800364
11544487854618
7916975535666
44925713776868
21174204275532
4709436167364
43597934189041
30637940225999
14389882813128
18168248219524
37877959997931
7310146727925
9334695060977
14736745965438
16858003017813
0
31424017175808
44498536097648
35098845406108
22129216168213
18641866131599
23472000367336
21933387381488
33261694274068
44877308871510
7377273129183
12798592450526
1717237200768
34877464427097
17593825714584
43483125849431
25728780382537
47571275548856
36000164942224
3675973677312
43499054744551
39349892616301
7442820274468
21008611438488
9088531110339
37522307240310
272840150308
3031173779591
18619538081393
43487197046155
28649961932760
31087515124538
31003575624989
13497727624267
48855241679782
26037694023165
23426718708845
21091289311870
38726940631296
895131478145
38987354067176
46384682150399
29776241218476
18360948429612
8096738021088
0
17001596959768
27496948805816
32191500425294
912159131689
13904369973897
4678284593048
45561087995272
12235489500390
20559566642546
40459160333468
23374641412529
6911379437817
4264241127772
40964812795053
49115594473769
48006945057369
10902707318768
32165622776525
15630714437222
43481065215204
35665658038175
12197067524763
17936612166288
16344869475342
18021831715661
24877525468475
12579586328173
30883199502431
8709736711092
38100621749208
10676756943699
12490320787212
21239143391560
26389578819706
17022705124469
23043728007785
20296403569257
48916109200992
19145492118096
34002541209020
36189027931164
11852784568211
44027251209390
7445505337631
38977392922488
38697744836640
32741979614520
28187386214805
5251148880422
26520840958477
39507549963504
13680423490389
35262822772834
24881728862911
29639282897146
8284376388850
42403911164070
38143038357360
5524844257051
35292533351149
20166736457602
37885880516920
21391281991416
10211329752598
36691548000891
13374114907917
22649677575936
32402639767144
38970232030935
11392427404529
37794911008076
23428334384064
23192195078986
11915524151714
934802741548
28400588245036
18659897483019
33251137799237
42332583544295
17995772503081
31161022231055
36304696779368
11556702886148
20068510408323
39766861348266
30607949556816
26525446679457
34348595055855
18940754972242
1449339388078
32966039296423
48324015054777
15958529205514
16167351752726
30521063801156
17182888903162
2993419731320
17587388602421
15860773919039
3293137102818
12132225197604
5176485903677
21551414148142
24481281318071
31998680733574
37681373398368
45825930459384
10505298466680
19122002209954
33760615300051
7510938903691
18703227017592
43098875752679
12778420654741
2424027847572
13622866820141
32805878715567
42799873997041
26548510688907
43618189498562
47298264326542
43553010594834
30253418762046
11041754225820
46282416243494
8506856650624
42066247643119
24760088966059
38575773484516
38740612709274
33908463523072
8542846231310
33556020555432
35740864191886
31979961707618
7380595576263
49411128537177
43600744862920
3793086966744
44497585924186
24555743098006
0
39042102382032
20054833032336
29450627597520
1788757480328
12212851763791
39781321097865
24896725215120
7508153978348
37854725365012
27992842558568
47743168983909
50221430623703
9970528860880
19761641261932
21323352978390
42092579644979
42024274956199
9218483709708
46377480909612
41602855419384
32089867231608
16933147366970
14689058629874
47214271776476
24699672215568
19944343103910
44853651431220
1492101959472
18762208335174
22651262543233
20496394425246
29403924587934
6742498082531
29110160319072
9800143273152
24858388425200
8536462211751
46329408131017
24339370386992
12188860520541
17459322924979
44984105085960
37062549768630
23891886012738
47000133684804
14907843669132
13256771573016
31826331668976
15118476761736
19930520721478
14184468395018
46760446056096
39154570675443
12057824970045
14564297343306
18560163427338
6741101577276
39661016801155
15434975962949
49817549579022
46832224058668
48091002248918
2189947828824
10088993704815
10149193551087
35279647324684
37222114692099
12489795389471
29331907782974
36610964351503
50264366175639
32105950645707
16151666716797
33208320120101
4477842986755
32429267985667
43340689249550
43144848694095
42731768072432
35189736280048
40961244667844
32458926258410
11220729806357
47130164384589
1412679835217
17772029362483
10485995694019
21893713820237
21691888223347
18135850808537
47533037587440
31803022097868
30754732960500
7504149075142
28291999564214
14568248273364
7187049076819
6461285854093
46273551022312
14123425709213
30366670599501
15385501755358
25088561662128
35861205079080
27378561853502
7390646706134
23721006962924
7699476651912
19327147740938
118226103293
47006446679557
43953063273214
4243918272828
44844336652482
40839849796104
41495919352128
39408947415404
10147232522887
27855472075154
17849363630264
17241291061301
29400734109744
8380902828459
16407841174899
18735533931284
5141011091872
12147309796827
1646325069372
3712155740563
23664334605900
7013080610531
38176733738427
40678782124785
35117032134684
34506062331888
27220520138795
44440510372344
9917848816456
2577337292262
44736310219111
10097865306538
38745064992721
19451454583554
38108998520982
21505367137632
38972474613359
35574865576551
1621993580781
40502730329413
22672144938583
9307571807729
3186114363596
33308432696398
26544569274514
46984389891692
25875538202856
40169549819170
35934629163913
23570937829607
29777470055770
33261081193011
11443378626915
19913083547512
9654060297342
9323398340841
4984412565898
21488792817497
47201220572604
5711871667076
4383113749994
35230487409143
5452095682059
24177099283668
5987851369752
6726912226836
48991006103529
3406086083011
21785717923604
17256171868042
7141044284676
10282216851501
40538412711342
42376965508463
17212833276672
3952109954256
43520350875112
44433919352480
4464898546729
36724846567603
7369192963390
41768063815950
37451320229045
39922677899059
10805728290490
21655732326682
13828685274850
3963698922422
30516574912828
33481652871352
29299420972042
44296452903334
35476144336873
43181725396487
7916725722444
46334372015015
6464154189517
16464563317952
30919832239720
20190833001432
21815205458080
33713554986608
4986072721376
28363565874330
44309566461190
35559199993499
38407830491432
5612010718709
38423486090424
16319653502582
8565035558194
24086800676786
17475777596470
1391829944982
7448226647872
9010505840138
42344647439924
26370252733964
8212682480218
15842994091318
20973491388816
27435972636428
46116572826160
33841705373844
27214527037104
33747166801080
43980659804664
24742322492180
39744348570060
16573242045232
34191228234936
26286886792782
268529048668
18588017384654
3696597089032
48464503953263
16572375050745
241407765386
32458178997550
16025139030837
40753330053916
13554349155335
4440803735536
38485565973478
18943768448744
48217108875116
8007288579613
20093309757047
3093078792420
37200933310158
9223894402762
47238555113647
38948865306945
21708282420790
5912329483284
50948941815732
24801072077256
44496985642032
13308629029832
30030017000192
15782798624828
27883952420364
48155316352514
27448313857435
41344864943163
36327890541720
27134745718756
35084049985557
48772767769127
3544327076352
3147669621582
6234043705074
14661636766955
11982822505722
29031915577964
37316181899001
23082165720230
30373635952623
49388525923750
48790926511962
16384742233101
31558808836220
46089763416504
37512578905904
46859501616808
31455248345434
13262776191090
7349646638124
3459967271360
49220476123317
32279223180027
4300342822104
40323774040802
27492129952700
5508381306290
18313261178255
5911169616988
39070839588824
15505276187226
31142228107963
24398021467304
22449495827104
43900360101170
41962032845926
46505866859795
27187224311930
27992049041589
43866264113870
32157269218136
17698405695564
25198795052382
14347986912301
35552706750884
26407419067804
13545511734009
33373846660968
5829758017573
43766507561963
5696657035217
23856778856695
7734178888946
2729034658404
30305309968738
6813263689501
20068896627346
13676282807521
14914575137922
44681382794955
32692185784725
7525407258697
18535851089543
43043345210695
39074834958423
40394163496677
43792945264403
30516172437264
2211546365358
5916525869178
12609025605408
4522697136696
12858269322120
15829384585808
24894351459378
39392646301518
29400868420456
23558273949468
19228818990031
2571550138285
34008364439771
47042951207369
7177072996236
4539399403005
21500890018549
43068043711406
49449970315248
21259386780144
13443584761600
26655796892576
41772943594368
42725092145671
37143488180369
6146275536706
3782080868717
4359761970555
29575477234218
2561929384584
17607208510682
34669290628378
17267657061936
24717949788502
11298615315977
35664382829997
18129680660023
6953612340934
29062108298290
28014085999869
4339897692333
2864644695699
41855782559250
33235558958854
4160030448824
30858299555424
34394342739962
8869878002897
44680942591733
38836993035360
0
48170726103216
37515545131440
17349586517647
28132983902153
609462568092
8847150821484
32139755607602
49570039410594
15805467854812
40186830010023
4422742451424
35850235484121
47519636718764
10370981264708
2674842837152
9324449438363
29247629258101
12236732180529
21635995753429
46389069717082
39275815548424
42337022452344
23662678726032
14440724575024
41986679214988
27215545645060
4788183494429
2507419123707
27230241583688
8294455455726
45343736057472
4539305659946
9164987939640
49269178765056
6146498948054
6846546268474
42326103939156
15921287348780
21507769934907
48340016260755
46633540021042
19895318952792
5919454061374
39931038775874
25857248514264
24108611335440
24064943061447
17832557458137
35599535337352
11698423469724
4170777180922
32977391752642
23898630028634
47790329613886
40677424553728
35622540337541
10250152634859
21161821994784
33039793165585
46421799565762
12471498897013
18234100420704
45995191134120
45942745919978
48332642061022
14238112526614
10988169217052
2225454977404
1298234110226
4834580699031
25712604254121
13668426284544
38433735383304
8625109832824
25044502330369
23268207446956
6350912292854
28009040778918
27291662713242
46104699807661
38074030882416
28198101068962
16385810298
32740513344164
31482159473280
3972607995726
28813583957346
25752206462640
33842563108656
15924702791706
29698627462783
4336603632763
446459439173
9371276781138
15164062453544
24622174456346
27725764369675
2704002870151
3433955887272
29805486724361
38004488301676
43941742893108
49789608156224
12252995695628
5899575816748
7278610282968
33010099116696
15274317448281
26483034214100
22341886524043
13978978912534
31011135837578
32724024310412
31104832612046
17689331197190
25057517155991
7597048576644
18425105195917
48608924702461
11024123190947
38529629951218
36028126827182
20422580242080
226420337842
28684236330086
37607604051468
0
5131770944904
31652553757468
28283049093364
26605447074220
35603377546100
23551549476016
34086841456788
18681946102608
33103578269286
27427752548468
15105052825006
9812528170956
34026991258442
21087510538731
25992706618783
31008953859642
21862396006638
34407367728685
36468396355330
21303785717850
37563888655759
33336020852208
26572753124526
49761569210754
34392627173346
18115853090046
48205673727840
46854991757568
45677258856816
24668707918488
42710673771816
35516817694540
19380341428436
9242181607222
12123176274335
18880644487482
17942443694817
13883617237681
47588281547055
46603760855576
30169885403112
2089045668520
31913397601792
541239151524
32489588526121
19358465701707
37730802640680
7417644663319
19692721461975
37983565180144
17510563609024
32511635947290
23685761244432
44913516085352
46548133764593
4591005278605
6939321101727
30743330746603
34593269748096
48089097539616
41427069164853
17761627625273
34958916923848
42051529755975
3597103869230
41542276348549
23577173500320
33266583723688
1052962363976
21787089550664
32779790372056
24801136451637
11792981770859
12708311747598
8012791511039
45281926480665
13343912098082
39755907086726
36548163760609
44965402833618
9278084397399
46834389556654
44415924393987
30156605829194
37310060777517
24993260179069
9971174045939
29819193139778
45404136670651
10384489566355
21929625980698
26108540796645
29280093302429
28425795604100
6382554603457
16404068947009
17493910552161
14968550578916
36779273343257
28757999178048
5708867489033
44206019170903
19583493823413
34349961142155
6890295294568
45897005675000
1782981555354
98565223476
6633334564110
6388597539972
25128724519998
42196229364012
19259504944872
44538342594948
39319734827850
6169086882179
13730148867421
40429722342793
36381148151296
17255039937463
38723614435752
12519398780664
38638731815005
41210473197687
36904825877258
20675662959426
19925793900824
43160727669640
31044448997947
0
21980728530358
24650300394656
39211720528631
28677577000368
11145346712040
30741260733050
13812001643843
10421462307714
20676013912855
27329170437248
36779139048952
32544110146738
28906674017753
22004134658791
6672150483502
28478334622316
27314562936654
2052748179655
33336113246313
18919214648168
16411356721776
39177771995376
34062038219142
7993092050780
21475146556894
6731929850023
33020581078083
9139942101566
20366418958580
39269769145828
26308777056176
27994526224588
9545696322387
41135291200061
326833228240
14257205702644
38891464149951
10717334407280
33986810145441
0
11772484126100
4207415877592
15648112661017
26240444023759
8515029206935
36120803678004
39200160359451
17845863183505
35498970465365
26412563818368
9411307451472
16238168259024
20636021403630
8657151491630
49312397920780
41122347457315
45979937197188
48362969589064
26713318580315
48870095717054
26098918517168
1954214621992
5332264237254
4494104935236
24165818252149
12433632956556
23191794645564
44656527398609
6555537455082
49243786826934
36772197959240
10679681024926
44030472398362
47936327510652
1806282622628
42296299261771
40913959907520
30627096734888
46266735298173
4033980539775
39881747348953
36705216558848
155099772516
48264002058712
41856199807513
18558065388614
5780816056561
28572581853772
1197854493368
46373868927159
15597611625697
44186482778141
30918608256267
13692953063056
27785471161331
7295150435461
42228708428785
30176760169399
34110100770720
45452433494789
1624121158751
2491273832651
11769688013930
20473024110143
23988875120304
2506104888194
27794432820474
30645678794016
42530348888034
25530968747903
20867383111571
47691732037200
21557050949343
342203284474
1589999123785
18696271673310
3656306651728
40766008278972
214611975794
50495390781634
21873609761509
46114910354507
29954924131492
41112171975336
11452855809515
35316017097669
21154927728257
26868487308215
49772943287851
41475066036217
48275471716296
46783029227445
32473979494856
13413558567643
4394928793464
22869279514929
11777675700087
8151666496494
29840839272736
40259274767324
40374728142726
29374502996664
20499114497232
28329773635896
13001623384115
50136820349701
41341222170504
26714891076680
3103420426261
36596385837339
36117604288379
13283410100677
46396677205390
37275471692666
2464599954384
35838401370765
13336273839291
16015544731844
26550739783206
36381619017046
21385115892000
1318421223436
16138583994110
26549637659094
34341173845044
3934165370180
31658766825160
29743462252613
22742337550891
16860886221330
26301680326262
8151968538171
2007571293133
27244645895856
22213301846580
48885461301276
42087738588942
13676421908197
3785210901749
18800117212065
14486869426835
42495359987068
36134437239234
39382866176614
12674413637365
35311328889403
36140882906389
15592833546106
11701318533937
38616105767856
49252969559352
12842997750168
44261178377814
25646855182782
31385374824474
48231095369826
22600725286370
33687330168822
16385816049112
29746495708764
20465257169670
41653642450494
21972538228498
20776941737898
14017226652955
43159289432569
9730250941194
28766962170476
44936951364716
44425914422990
36373981210910
36012352118862
41634048061431
33089171677309
33314639777928
28454685181854
14430001659094
40766166899398
46254478839231
11875802202858
7908994578661
13573791921600
5965939119554
21422623529289
3694591889366
34143312576095
27861545516328
24666229590504
36321052368870
41234288672238
49116064763148
26718928134912
22708532459388
44820378365596
19686264553364
10422890215495
41314598492973
27048580349447
36217776872919
12253607316690
11804692094232
29124233519696
321724400690
18259703479526
10749021951444
16185271094391
21255885349978
44298977511534
40455767734709
35271774320398
19595646903482
3285158735803
28477681826105
37629833885820
30637747702800
34048899265290
37104081850566
4575885352104
22988837637912
16786578681414
42615265026778
48286099551872
38970227876952
49485803300712
46707450615378
3260560921134
1632881953440
3036876311124
27541830001807
23326528220669
9678572494676
9778247759260
22784255230065
35973275478879
31052571017307
42665639153493
24563132783046
32125722020106
16373942356412
23064410881747
35000543182017
43442637505069
33220572201518
20759257080597
34191183580536
34968533662152
19858660139328
542103499136
28230176796316
27805818126756
27335866187328
30712261959037
31526435247121
14076846802234
0
39713228644366
13927013517891
49165890742583
44056743949704
23594407816152
35795322096480
47343401403264
18756641888830
512805735186
18947661289050
29003329545714
11804862478939
36614740606129
22038596193576
42783594984906
44322816829464
23371011393870
40844419961196
5651851631268
13911950595192
22682553166205
4362556038001
20278884729424
36457080317594
34390375248971
22219783060139
45036022932832
39458652234952
16363618510609
24460842324569
21593417990280
19193190172143
16389585563537
42745011156892
24997248454332
13765619424397
35054434376893
17918236347156
47198696032728
261865827515
45064210656119
44878379151504
26846228139252
6371315788349
25140325453015
2332137581387
15887772584329
45989866678020
12563683650196
14768903803004
8397059889608
17645579440318
34366099415389
44807545860989
38929438953792
0
29298380888439
4858039394361
13443190840674
47065996922142
15671952362348
16182042013660
42765178691036
44104516113580
15089394050136
8022664864703
26094232467133
16023470142300
216033593422
44172989086130
14790145050924
13082363505948
5601284845289
37814351201728
19156045389567
21643237158650
24475069070782
5167577141280
30475199615184
23762070662808
47551735099930
43449671977658
13129679279559
40542540101591
13848047704654
39097225513589
15041360044503
5497837639362
41644910561683
18835255456629
41146411355754
25634484353670
22064618091651
31462083309735
33579510873548
32071108105443
44087715015457
33266519030736
11790749011830
36470432413558
31649814892112
7787696671476
17021141327263
26878850968769
36869454481752
40139770368694
39271331597782
9656461921286
46485015985566
36590257066304
8189385730377
48055413683943
40733523173155
35832429925829
26593099135272
21289834675082
12964552124929
5224766150815
7639570208005
3871863816625
45282949538927
13074643027247
46659513731594
43820327946525
18453534352179
16410309174738
30462009807750
13111284237490
26669276384120
43911393010963
46287546541403
13719943256130
29497996566414
34507414101456
3434404872522
28106928615664
45440837278358
730828350150
36428464131545
3311402656839
1477019493715
36604467003087
5030854593827
47663874665899
31424404388065
38669412116729
15148297540656
39058288710528
34309759922520
25097287893696
12146040174041
10389525003553
43974294764914
31260355130924
3251680399791
5255365462561
37394344147396
700268456062
387125310107
25216972345699
13988087268484
18978523251748
48033732317718
17955662217706
39956589153214
27805838087768
10257516907290
15478990940904
14888039792704
15741948494565
19759004405969
20614684650011
44631831834127
18036658899936
3813679394560
23163241353728
26023291681200
5635703379406
6356835604883
6054051616076
26521604996743
14438527023852
1508227049636
8937402561919
7834187745883
14286928052608
3967558129158
3538921301727
4240226246557
32925161999496
45097399485357
20960641030484
25685846382159
33397566245512
1445030864468
4563411062644
12736981836456
13115385708787
2342431236269
2304137480235
5260223134566
30260080676889
45105023638038
32711983801670
20820537236626
23348210870856
22369803190296
33830247951432
2799854843780
44308371028564
30703716283628
29126707306272
28940817882313
14279146651635
34239337023544
45062536523720
19195159205204
25411926903820
27995495772852
20545626842886
38650190953649
45503482941886
6208934123847
16463393736624
46296623601576
23401431396624
39348623425162
24022889746428
31988170013398
49201800528556
26338510799924
17018982613924
35960459071442
45591931736926
37279924907606
39589506627995
26626470521015
17351337947304
15742234452905
2625531367062
11702318064369
7903711566472
35784354879764
49936789715404
24558016827355
44244522269045
3032027024688
24165748127674
45787093244198
857491585515
35220317061435
30529155626298
15428589284932
37549770398628
42886209893524
46844190472276
35879941533792
17123869605245
12109425287787
17230942309121
35188998987171
10367684566340
18926766189198
48298676439132
3273408464963
13975426250159
23467655133379
35108250854857
579120458082
47784294111006
15271975713768
19305746988768
17913734701488
4988662169268
17690750772926
1452022443190
4615723221824
41259118444060
30429128027676
24348715573850
11932604385298
1963313722150
27401263261886
43245312210432
39509929894176
46772334803181
9866622143520
5131726154641
23182152385567
0
20858842590374
12123344168381
49287352512192
5712474441874
43679407345922
6051795716364
22505076081120
36636163324752
43114085607120
42940881549469
27599977786958
31905629373357
37417101636786
37188423607918
13663766175080
46033903311508
30516709209497
7197270497547
40077151143119
36063735923713
18401731376280
32463940289846
19382893164062
28144086684572
22953461201016
7586249376336
21434838077736
30058992465282
42819184859399
1762619397609
7589246022958
5787142786106
22180472265775
21104301325335
947593924118
24285103109578
18972287774
3540397578696
28685774975510
19651328416388
35193890806350
40550219552143
41906233816050
13067397139904
35337600372452
21096127280164
7265969503704
44334855125553
42821886071248
23615298298072
8185863572416
17023099995912
11839340180936
48614682002632
40405901101152
33491015829314
44262392872510
14582279040284
12993553141263
22691871626193
4361132484244
10896689963307
7833105086757
21462866122044
43491223720836
60681951709
11512686345119
18776996259015
16705371093933
29435479069823
28492014603529
17053295526505
7839938174116
33159185692363
11750713246528
21172632799412
38996144296188
5227321444342
28054460992970
6644194435576
25496920830591
6088836821102
20124907402440
14522087003331
31514127589353
37413243448935
15170202504432
28828701554064
20878620047184
45226509004464
9477499346254
35449631429905
42638875222118
22405034126651
13565316198840
39723451597056
956012345681
44846192080031
48531557256944
28603096045940
7199215671614
31022068067510
45441411279838
38148244691434
17083763530744
17860789054321
13967700344969
3118135081734
13733003901240
33707187120696
23853333842321
1110373754832
13216640627527
36067499968223
46284251457230
23539823963195
31069680699773
31627354034635
4796308573056
18773976052609
42374154955882
13204786629325
10028169462720
6810882501648
43643486452025
33053844237787
36342405795956
44962246934536
37090110640535
37849747973688
17486846332206
24058059868795
16911172584046
17265190002640
29628928077762
41860433617960
29124004039392
31789153521736
13733453609456
33975635670418
8304973094804
14029187310605
19911247176301
40542838731934
38554781099480
49872268541793
40302357074259
25601331884190
1186489420086
20976598297098
40618098623232
15695618714544
5348777332518
24043123598528
1097324699696
1053841014094
19408095706819
14102511861665
6371564319346
29874436359188
42277316719954
2078875229413
30520272314575
35392401674140
27385920696032
15976555037851
45513977963031
37804104702414
21950308061952
5638172906732
20623566895036
16689839680218
5615932887528
18060243033942
2704554494589
48389396958195
817400969448
9096222392935
10387887300665
18714795791008
9827789238351
15584741735213
24864495096132
28996504004064
14186942604301
25429618613573
14946440921261
11577416789379
19375340257515
41851774305952
22642132439187
37069219200070
15044036768795
1483850607672
34864716881391
34728438572364
0
15833075729108
33293834796304
36962377587450
28143149601654
49422852100872
39746768347204
35356481059004
17049708891672
34734981652464
34486949164042
37435921062189
2334796611648
21559817093976
2535537189107
36757531964781
11726814796564
38235795403157
28442115216724
21307719424067
32717422518793
2866286885382
33742606152792
4127469450962
20150489218474
13988870231554
5529583937539
16740005918142
14768288995107
30036112921200
27061909385571
17423199229701
27773972778084
23154627020452
45051563432576
5700849173852
36786330586073
20109453875253
27737234643508
39220356318440
40907034183948
15334768501148
48726444086712
30559583486226
5946337168032
32608257546000
13076654510010
36339732160896
40248062252666
23382554954884
46614692394279
10124959875080
27769874768233
26419738234992
29355868166830
24490969480850
37806590571876
36209610597684
50204295057768
6540560739783
3540687577498
35896853788175
4101367230659
44629532655410
44775808414201
1934917304026
10663730308413
10083579222071
2856932910853
5651098039287
29272120542147
18858261493130
3624913104293
25630563533689
42510699536940
48240468965425
30855720396096
25249814480176
32429377358768
0
15350988554600
23005832335960
40798970331936
8936166799251
27916000274692
13509276623738
26553497168836
37141155793065
20295950873763
31591543909823
13296806328792
12436908160020
11621255091800
37958069686924
3561447117512
22119942417544
49545078630720
37086651350016
30711278507836
10694533562023
27015877062563
44505413773946
39785465680704
26904711989952
23834053623528
41288863113022
39154118223404
15449696575662
4293642420330
24745278958230
43312321799556
35637095112250
45091644520178
45589108512480
42374104940675
39154588744453
18688940721624
11294922727627
36362626324901
811878485998
40704671331542
33271975007821
35442033101231
25873953873576
14579452127832
11327572272624
3746743229126
17605927679234
42504216700876
25598251454684
21924027918392
33279058045111
25712812148377
4025809418872
43893829567104
2119398803114
40093611429832
11724328144956
31802804589214
7378192725908
10498902884029
41971098761627
29162042145570
32138065310102
5581650146303
26213934573737
8026571696601
14920043305076
44436304699651
11177748702011
22752223537794
32098425544196
15820897654292
47183004493308
8671863853076
1519004778278
4492246530187
11381643152098
34709527487906
32513461025028
4692561209746
23150967241296
20257734805320
47045509070627
20029087396382
44378345709940
26305055373691
5811075345530
36402965136257
38357766286181
33834288447121
47780395639127
45905155009208
25462419019648
18024555164160
82896408624
14717345688445
3815905550676
11041661288487
7783415889590
8413839586866
47474457132076
36425350310756
35742464019312
35274493032120
34753187856465
10584022625201
43956250987300
25567597821810
31046266638534
23570172889627
41561867477118
34839601630049
7983662977098
37754124466374
19368573307182
43253286312810
18391269146424
13305697961794
30760948864562
18114796588860
45386098561188
26576799696275
18453019754302
9815073280347
19748464650432
23957797263466
30503266650566
30874036739520
32192010216812
41027057684742
44017436034997
14500283187993
35886606416304
30924635424263
37442151833561
30423370539728
24576058157918
33063811740613
5789976653317
31700118440367
12516265280464
31365830398846
51201080447811
28868593265738
16812557079865
4655238681765
26279904496725
29015088320717
10979587226358
34793616438762
35829233297948
32192280956450
18592976609536
14479681862792
46695586851744
8143247993653
5384434191371
17565562926115
38922293616437
27190501360308
38308194220060
16718781341169
45380273889170
32697161854701
33406858027918
8844292526398
35281017987934
10199197076888
9151991995221
43444797698371
39537358821414
42108888743643
20622953868501
29611804719546
33889289200553
12944768198591
4519817252869
13982162613382
43328860047243
24198450093702
5733769533681
5021329809330
17185022200262
2416525137769
8645132260992
15625023956708
17861814764020
10404866027688
43801091882142
14485267860563
14198217821583
29183593776167
0
24194155041377
33713653910544
37349780182045
38637215796957
4189350819332
19904595384280
16151178046802
45307390325876
19832696802364
3863426822454
22258312879002
21898842140598
28677867319170
48858766434175
43343651762777
32202534001776
42807681867552
43533498834192
37287534194544
7921572248263
38928176165941
46551907521124
38371493530308
26750991285984
31779332880900
8782908655104
38847511814525
2381387395267
14896027583688
29186228896938
27965803303885
20085648765737
13455422678016
42123740878224
10283324515989
38145762975003
8982096558820
