3000 3000
862456
609159
878848
235363
545842
514298
258444
530178
881002
388442
671530
434488
493732
975330
746302
724476
327788
22722
646346
401024
334657
141554
321202
889322
247978
769363
791952
879337
931202
508414
247772
749130
539202
913560
737762
796778
53452
321498
528282
411216
765087
623826
736498
265041
529527
542510
988646
856929
803488
732006
730882
900447
808190
418828
519910
874655
111817
700685
118559
686331
797862
978254
122213
513454
244770
749448
20870
650117
894006
904807
556426
176509
892232
907527
283197
795438
951122
63489
750869
689001
510062
404207
174914
182318
481765
720502
739060
238002
66767
613958
32427
315912
88776
571138
410807
254631
151427
547100
865602
473952
334882
507792
313154
977717
619410
922726
121400
513850
973283
214617
359106
117664
816660
954643
869983
818906
951103
661245
487592
385966
297733
512867
735202
942657
808398
578642
466835
861872
918846
25860
633389
80658
975182
211382
894318
50406
981376
373602
441962
775132
541877
171604
802602
896819
887099
431804
988826
955506
931026
31078
926119
120414
947262
972695
694274
159445
383170
554149
102247
827977
927873
471662
65732
49452
934082
365587
750473
107736
250762
126327
955927
822450
830077
369890
783064
414388
253762
100025
551225
50992
208042
383882
937792
854584
552870
63906
715390
692486
201815
177616
853362
333210
345802
590774
350246
508267
618718
133332
146134
74210
996901
975326
526382
783857
40234
949944
463950
302912
789264
298680
932474
821362
701542
308882
90378
274117
965777
802699
843956
282617
836464
235343
849004
709442
627814
805512
398960
662822
558825
723562
86518
167282
653652
35606
68986
703843
396658
108887
868194
994485
551106
79282
742114
464774
734156
10002
828144
880105
416870
244918
21302
510352
660762
216315
317992
549634
882610
5256
481730
510362
184210
369402
656970
651234
310898
966492
92854
521287
919474
950558
244930
780452
450562
416067
728812
627838
740394
494914
841099
186222
214530
471506
166621
370152
983180
144074
338854
353010
701706
479248
680875
772482
929507
103990
943155
968674
800852
441702
23144
79530
30142
725860
25553
572562
889122
442622
975962
820674
468065
321263
410050
474140
235131
409282
608604
162614
327147
634846
240519
752394
269598
959794
158967
928082
281094
451532
770189
320998
342257
945336
993868
246522
602150
134714
236892
327562
377020
244390
241994
220352
646546
774722
326414
209452
690376
495762
926709
185802
421503
768110
590517
582023
995827
487592
123027
532862
208682
664280
554862
375406
63332
302405
667692
633105
193698
473258
774471
660775
650582
6350
716751
958737
896646
283540
651758
320896
481486
760450
429010
492166
729208
27711
63497
380248
27018
728762
555362
740037
969310
753792
297524
140930
323082
420464
376157
82442
737814
847378
632642
494224
893250
339300
236702
793983
371058
13490
974039
763498
346226
842690
279797
912272
857065
442785
882372
839549
149706
542738
371204
18700
497958
319266
16492
737997
840081
192477
238524
299418
156027
453387
593634
131552
170218
110010
432236
687038
948300
607328
556634
480034
425002
208696
437202
4722
926090
656603
642153
829825
310620
503668
526322
633203
714174
370701
181042
328382
538610
432523
769122
400772
601098
611752
994503
533884
629940
359369
149858
833080
991950
123588
386882
408978
437347
14482
848834
201118
472802
973975
525062
319902
920422
532268
595122
38902
950445
379815
406146
288762
927066
858558
632414
190574
996170
680754
498446
451346
765362
902092
59512
82940
321482
612522
156698
316472
300914
970162
170099
401367
821570
662155
959007
23314
966706
121794
964267
879850
580402
40020
165815
4165
26788
195589
100802
602342
344762
812659
582071
899142
228560
426553
263916
385002
143517
688306
424251
279160
778822
248137
10474
676700
912730
862802
728766
784450
249662
777502
685960
630310
866307
543001
60844
399252
651220
155902
913000
617122
604800
12849
364538
342461
420777
789892
412032
596842
617874
772774
954160
231142
639546
926548
714000
776218
82262
497231
260294
592637
472164
622932
972730
710312
590902
905577
279152
561194
575714
834282
895066
342709
362397
30474
561395
103269
144357
828087
594202
763597
111353
918972
126782
827494
920017
981962
617634
557442
465852
687394
283536
574927
254416
303268
764606
36036
500314
528962
371602
564082
779342
479619
174546
384390
708450
568352
589752
495474
381186
960002
744306
40970
147959
525872
491094
273804
904019
230522
105836
565792
54508
838639
251866
438640
353830
887720
752001
701344
621486
890366
651886
845644
44751
72266
727548
491315
498426
869312
593102
358766
175396
150502
917142
534472
129964
75666
701840
253522
477966
124582
420275
863027
262691
646502
528652
45305
331080
598770
223678
258418
421458
684654
420962
130627
615752
240742
303574
468177
946722
118512
437152
235510
710236
448421
735042
550690
840760
262562
95962
727142
584386
699897
529891
843066
19202
674067
66739
187737
207192
640842
406280
737078
923902
883102
20902
803870
503591
164592
522667
186722
913836
846637
867568
358530
567682
406346
716494
455378
534592
329284
293506
356642
424002
640112
722418
158988
456802
39018
973666
100674
148864
594752
891773
630708
471865
282262
123979
591314
708426
916159
812094
583250
962786
65586
665110
511769
558718
846966
844205
120752
33186
350382
873228
631922
866332
648015
569042
275744
448127
271132
433081
488466
26068
976212
218312
961392
981074
543699
294566
22504
162627
959902
137527
889829
927675
730850
612526
92802
62743
189274
814524
676482
428410
558586
512176
565283
966898
105854
805950
905071
820804
184896
979530
814266
970414
318830
287722
294826
969419
220782
894290
719481
593602
304632
292680
791252
105472
220084
525015
775820
348323
3738
965411
250722
435517
386986
224548
10902
826093
578666
733226
835032
47970
23111
413213
890789
802952
885486
234906
101602
790406
911186
717150
422631
16683
953382
360604
258584
717627
800363
218578
431322
961010
860842
792286
653262
114682
984267
638192
649762
280160
843202
112718
165322
517430
145328
958924
709503
835633
22174
455230
150914
156466
80952
978398
859651
451837
92362
407336
220183
182450
62222
118277
250407
615782
329504
96962
856002
508894
983673
552394
651948
593284
324392
600536
717258
410268
795912
437051
947653
19574
202426
53674
216878
603532
22775
440100
886495
506776
325197
238850
285918
700807
793350
903025
878150
774930
475447
872990
674602
429774
361746
209652
941797
115922
670840
185562
654442
529530
399888
81615
194109
154535
318802
112658
44530
804742
545806
468418
202802
427827
963802
421032
565175
904130
81892
28418
473814
579601
937004
118678
150270
516302
551240
863252
493987
839028
554754
983056
268871
825009
626347
375290
981329
690638
180686
346702
266637
641310
714222
31065
876798
700126
209986
275261
676697
115284
407418
550402
847874
69482
611514
667322
56490
307356
595866
924697
733966
787042
80265
580242
653172
587771
648644
438330
560622
974370
956838
752098
350734
110669
598097
58888
476652
479242
519658
123968
888596
644465
437173
566734
760362
401294
148407
153817
509098
340596
551652
961862
188566
757970
868578
795438
62437
141957
450208
863520
73445
208387
249637
647052
214658
248134
6530
900638
691522
883762
631492
153398
356582
649770
115072
705325
393528
382850
942437
809335
87171
217377
676898
126476
777168
138294
657376
526602
625458
464412
158142
303656
170522
40674
771582
509325
190174
293883
698636
673669
825794
182564
311987
137118
904522
616842
464662
871330
97676
170082
418698
871475
873502
541826
468671
516818
24327
819908
322392
357906
656098
840896
575266
708264
340781
46806
378527
899125
452450
112502
245002
234402
465521
706626
464850
753794
340926
90530
148892
933352
754633
626230
654188
361778
915578
796725
77962
14865
808708
71606
104961
542420
174482
42170
300798
711553
928215
741077
862896
825322
242230
419378
75544
458807
29502
185624
624478
39721
193877
922507
841746
351506
850598
586461
600102
96570
793446
147516
536318
98365
913252
417552
822416
110935
140618
790861
581108
907809
733581
615642
811498
97224
258759
224932
734562
88227
195692
256913
218768
723582
321372
718702
244055
196028
767864
581692
857286
720731
906924
715251
242842
763433
771167
842522
574514
43444
49282
628664
616978
278262
373769
418232
778774
11430
37552
666882
797981
529487
220770
671010
290564
825104
569348
430786
9970
270745
10208
548598
644370
309682
488633
543266
932066
197058
721006
321642
389524
249716
283544
923448
542714
30524
115753
185038
51458
392971
702489
559262
278146
243202
203009
769154
581722
783926
406024
878260
208462
223298
107252
201549
618611
374774
622877
527042
530591
417729
576297
240226
717358
9807
9002
844477
53197
409552
854434
675167
439392
66158
378383
907881
46342
634724
185852
242592
282561
674530
890082
918204
771706
772107
845989
904707
280786
442125
334468
882400
858546
50378
426805
704004
605004
793102
645782
555222
213556
195687
374365
103452
687345
343402
360680
941670
659752
591193
612092
954177
802557
785457
597938
579726
652809
963238
400264
873848
325370
721023
584892
82482
623542
764837
927714
689474
618659
260114
712352
400486
204912
205442
975970
126097
327244
962106
182222
478035
607002
84544
755748
793892
185893
37532
559390
306892
509687
831216
42987
366934
139834
678187
237999
71873
842632
411583
626474
689228
169557
373183
150048
186323
932370
402002
506325
260556
522127
91658
802727
458502
379150
917810
267202
370822
118066
230618
595117
150688
648506
415502
699282
782920
901592
989462
690750
766987
635492
54666
104067
205132
356368
442966
762807
475298
536150
639010
890007
160382
102452
876704
106515
627738
642952
912230
210786
956602
59482
119714
20944
244197
729645
138988
323919
171702
285516
913222
875114
619092
537494
424185
190354
353067
771067
183292
231179
283802
910817
767002
316245
199202
247810
570596
450778
760364
948170
878626
463350
879810
982762
645974
825176
316902
740246
957580
893348
948427
177343
531299
80850
417090
568066
310401
729258
303082
401455
917168
546428
637749
597432
369282
51485
853242
974150
389903
355844
636102
42334
428733
962881
328302
73218
425012
101125
923987
471713
90660
778612
657014
156402
194444
734266
318368
815742
838398
137214
670437
127482
584338
133450
912090
801898
518956
392993
613552
543422
872578
44802
876030
285998
106252
158040
80606
891526
544163
286975
623589
863352
936370
403300
880360
643422
954306
802772
209298
700653
373712
60024
108994
333635
220926
455443
618782
855530
995946
381342
231303
606684
367927
811743
849357
739110
896402
506087
882838
709623
646417
280652
908834
570220
910244
244522
772672
46646
262250
924823
637190
733132
90306
540550
580893
415142
241710
25588
115106
172773
165889
538453
341317
284677
956034
669837
2422
457838
620458
32804
927310
987470
86335
118062
905012
426960
326376
685522
267882
852846
356839
886449
300813
498242
450093
386482
299002
710892
402329
292550
311194
98766
981168
140434
119125
729252
363025
812326
180755
120060
230290
635162
801078
684398
93611
169042
29801
428442
550130
867362
754906
736877
927224
482472
893786
58016
853671
696978
796654
505618
309352
408716
554602
456626
531332
80797
47192
776167
139212
169911
854006
797670
569877
925522
809442
639930
446367
300986
890081
866402
859257
420629
925202
488797
557154
269946
388334
322499
934986
442572
756824
773322
353793
344335
722946
288788
778058
338047
145950
871761
562112
770680
622314
360145
762040
891092
327906
242290
67192
688263
963358
275538
658594
670722
192172
209276
513596
608613
207110
53117
350461
714010
961282
409666
835442
964148
220210
941833
859971
224861
36725
35522
309562
926848
550500
414978
1691
345893
699906
648648
52179
702830
238652
880778
988850
690602
320226
466506
70027
116692
869211
358062
588290
426742
117998
53740
844586
866622
745242
637626
668767
323705
935704
158822
149058
492996
942290
24243
374290
83307
810638
268618
529142
108618
680390
711534
396550
466162
856744
152838
934890
52579
912624
752862
648690
751696
40119
655716
533914
786102
436032
30524
714450
256249
844742
219762
190483
742504
497022
895922
484431
234162
492738
894402
90622
463782
682998
717366
183312
2014
131252
722051
855742
949040
924012
450170
817208
760602
670098
554954
629068
139272
411202
414604
436512
211042
227336
911789
626198
163372
327417
369362
912552
917360
334721
227952
121792
741865
971072
306806
511620
212377
320210
320104
87588
303102
13510
386446
695296
902962
657952
630394
294235
144978
387783
775997
362632
69325
734701
37430
970202
541198
339766
115428
590554
521162
278676
825178
274002
316630
152763
50512
938034
293814
251172
137224
433007
960172
111690
344162
306722
532874
656561
603917
37596
661504
902978
241881
324866
999850
755030
262892
509048
675025
776635
440186
649954
371388
839287
449595
888524
254598
137063
474622
684893
275827
311710
212042
897466
130322
390829
283127
422466
386904
632530
202104
378532
704499
762622
920746
33420
509637
798642
849992
423384
364966
813254
67597
571570
813751
462346
467886
573317
148610
76642
984021
628654
485682
311677
131178
218906
53141
660395
100381
658171
192206
536454
358432
820894
437806
268418
155459
323605
167247
116376
396169
406489
679220
851362
836930
918162
439883
287898
437122
947697
154178
443394
970097
656951
589983
771174
669078
959786
284342
393458
871232
710912
68402
667826
840786
475677
289737
958450
994250
855673
284901
786776
468030
314791
335346
55052
325753
559228
413767
390722
558612
313822
777412
736314
484034
66432
601002
981720
860946
206419
644588
589342
489858
226002
581817
968184
479298
637307
388641
126288
582922
931392
316765
798482
328502
502298
478137
879654
764674
881004
647034
785522
245502
714927
451570
748846
461442
462074
229946
648534
446132
994592
12014
574954
628572
935664
536307
565450
620657
348419
553110
365110
145212
28752
271537
446754
829905
394512
122882
275832
22161
105066
756620
554033
99574
303422
429138
784970
821102
339047
373954
249922
787102
934226
616462
230192
51543
602151
351820
431426
304846
264044
89549
683403
149746
168402
289582
86877
631445
564751
550690
910829
428223
65467
574962
711080
518022
858498
9620
568982
194986
144546
432978
449716
678340
326262
945525
555022
981090
624502
932278
561871
898791
812410
760170
773244
631778
782927
829573
156974
267014
559917
208059
525030
445462
520022
917952
191034
5462
723430
89106
856653
493922
986991
689044
588007
132412
896306
887202
758968
909418
392258
438302
614938
110722
243376
119413
865133
740941
368782
80426
577299
443850
332844
597401
631115
162949
902980
998044
216140
727742
34430
642125
407378
238882
818336
50750
387235
833905
716212
93504
552346
664034
327972
290630
845602
672322
775270
37902
965825
712146
295690
670413
877007
948010
61838
46425
411668
439260
221812
184502
923141
288194
262652
540542
163870
33780
909235
477577
258738
551729
275062
380502
858402
458332
823427
618618
131092
931542
694028
63917
900038
132027
702252
970247
361522
778977
415898
622470
502210
446232
650077
562292
429632
828877
44526
406562
536380
340774
886474
200134
247032
164258
970704
505628
894712
199476
932986
543949
615514
100560
881752
653562
721457
165362
167882
786669
434928
725771
254492
465558
348580
871888
334602
516850
533842
824306
531285
773162
287332
341834
662100
651972
378170
680213
143808
363285
964395
241234
371090
913751
128341
875686
722770
150854
37030
908842
38704
771977
642422
651770
365845
132846
806722
939880
461688
358496
887310
45077
904672
969440
930324
274771
475042
290028
3205
847430
796846
905320
702958
422690
634346
68989
282177
495682
8637
111514
492802
469086
831800
486665
241131
332677
892200
417658
896188
420398
802568
777917
460552
590515
49282
234582
474226
738530
394478
851952
932474
729580
587574
349074
680254
91477
271951
225781
489666
67522
142378
988934
430582
736534
885402
863090
101897
970845
395522
304382
703128
151744
859842
309402
849446
955074
326036
511851
358062
378097
739292
338220
752616
147809
274016
701594
103827
10018
301072
280297
917865
578338
706910
753014
770710
325922
81097
915517
207938
99266
649578
962011
140678
136147
999127
843922
168862
544782
17022
84423
89602
313427
105292
488111
393782
205602
498642
287492
676160
177738
25502
802369
123660
855486
177020
102802
885919
976905
410254
718186
253827
338638
306042
451460
649136
142052
983201
693694
905412
143598
976187
35531
997186
837577
748247
439779
256228
557668
961126
796870
757794
403502
489480
513952
62540
801164
84122
100050
637795
487682
609520
84021
691679
433658
361042
691805
382496
79352
282462
423750
785832
757088
575703
227794
926686
912444
799786
464442
704110
529407
415458
185947
287219
60891
272428
218051
674034
395829
780722
937382
572076
964952
671840
636464
767182
190169
607477
145378
880772
819370
998994
228496
99458
218579
803434
616438
54729
897772
123065
607383
269225
953163
475442
886524
177080
749449
743600
940556
644798
798288
120800
240796
872078
688002
909803
193845
60272
124467
28084
730889
114284
227127
514676
546578
562903
678224
299507
475664
471784
506966
481677
625816
414904
895810
370472
50607
422946
506298
914998
207436
586522
808082
359386
387187
821100
346836
278167
614336
130169
624372
408962
794862
444796
146210
755119
883357
107816
893708
345210
184994
901192
319376
297092
407208
859716
488274
815730
880800
519772
277772
482990
671810
769719
854288
53552
957002
419583
191662
258282
706241
692172
533953
181002
732843
545552
204928
985306
890842
262951
803162
598552
121202
429737
161721
745432
943624
557525
326852
343385
422069
998949
16618
353498
280522
534610
649544
385783
139842
360322
421890
199838
572644
925654
312222
242220
934850
883758
277532
851302
842119
84370
161642
958936
777709
839191
118570
196708
466872
788003
419724
155579
738994
324482
840272
642902
245472
89386
296652
937285
715780
827726
105022
680672
328565
101658
12472
845617
753546
951382
662848
980798
467266
134715
725594
941202
621024
494232
357616
68337
596562
51412
153803
556642
628680
568066
630210
120906
308052
700601
961412
222662
571463
249322
108004
3380
46068
126858
946414
258675
992224
905502
606402
252730
524808
852034
46114
397602
929552
987653
649476
928866
191234
877749
295342
506693
821863
292992
28439
513002
154964
108074
595837
520287
232408
589202
918722
143744
319229
303872
684356
580807
914306
728124
490402
615166
986428
987907
355207
714977
342606
249448
421739
536974
545317
656304
458486
554437
834476
806014
767509
705042
267865
344324
339634
418504
312556
612631
51658
365681
742166
274131
126538
78942
407938
254142
735043
897682
998558
28917
674552
488182
656678
594230
399374
193302
251762
487056
604142
457590
205290
56530
775002
275162
91130
611914
700147
731092
327714
595722
490382
423441
411581
511098
778332
88134
503229
436452
592520
537174
134969
589142
263644
682122
818003
815703
331032
982510
252678
836699
412172
213184
108034
527651
194538
276050
166018
819436
337327
805389
322502
785820
473234
941730
185534
424349
257340
897849
136302
337390
370737
913842
290522
456363
715607
490646
76918
170860
127900
885093
993422
14898
419946
679266
680860
225492
650766
949787
159636
272268
534226
736310
180287
44670
998752
960212
859816
674368
656524
11994
706163
389172
172378
150413
798818
715802
214152
536213
662890
634367
46202
77782
835242
307120
970502
526993
101844
699802
703343
69482
453652
955272
103907
827680
552126
253812
175272
971212
51694
99202
509442
734152
540254
599292
662002
329312
171777
664762
807890
253282
579606
417413
76822
372083
946430
5062
903002
917003
654774
628731
279802
265257
741808
618487
716262
630422
820029
177466
333218
442583
630957
507906
431278
234884
53062
904534
967422
417202
516052
881992
205482
416242
566182
69102
378130
830258
699615
682962
888328
151458
248780
366494
501902
791850
659642
916798
949566
44637
921466
780408
735430
676834
976502
851398
371902
73390
846112
148132
946392
905612
179818
670868
218640
334882
94937
408487
791078
74282
230395
492282
840171
551777
363657
218696
359092
394934
853634
388332
909954
677049
44738
116190
283017
749570
91732
657494
309482
954134
668164
666664
571892
901448
110952
805402
650774
814018
75842
558356
567542
829378
789098
649122
51143
861965
392090
696227
654052
898498
90018
107919
851526
81301
134860
680877
245172
535022
260980
967692
630422
182462
819410
750544
336082
911887
317250
913972
775353
920846
581762
610560
91254
387634
6263
880223
838324
496322
198216
510380
302026
124586
46176
702616
109538
422162
827362
604139
16906
423466
341765
927402
141494
136754
492240
435212
860294
662147
507607
492837
699402
583966
665270
78384
459991
878918
691630
806010
860982
638152
719224
210161
665258
987850
230106
889549
393166
414604
992018
705266
506966
883862
521108
489696
915831
951322
685434
668312
82796
250858
951594
977362
760417
321002
161502
822277
659394
910522
849470
172766
381473
36730
574371
840118
447694
536219
526891
12637 897465635
25709 333996660
53445 324817533
60156 824049800
61487 424185234
84258 382847920
96511 365122900
110039 544643676
124270 138883343
149463 311608908
171453 571965097
183210 182476000
214607 55011228
215279 52129298
222509 6381870
222694 69662124
227670 576073421
254295 264225670
272786 200855493
280955 598471055
288566 49094606
315031 5229376
325555 18226152
327061 139791600
352648 176916870
353776 139283124
371342 165687630
391898 192048025
393802 150423372
394634 463982181
397161 2199042
410183 48787830
440116 515931045
468661 645505434
478509 151998665
498328 169333920
523228 78462108
540728 314169030
563725 49057104
576314 85281750
595367 83138268
604078 55463694
629380 606369154
637908 295496649
652429 23851152
667893 265702528
693408 56671560
716641 17337255
732075 225937512
760495 687305489
783003 35369758
811475 60464244
836776 193017456
845521 100584119
876488 545039175
909131 310746655
917734 455296890
945727 23706992
957133 41913844
981985 669856110
1010566 32771115
1019520 581435985
1042480 391662250
1073917 54295956
1077052 268877321
1089656 92773895
1105967 313969560
1131834 262264866
1143536 83885730
1144633 47782254
1155820 59843105
1162204 440402490
1167408 120043392
1189347 291411400
1199592 649425051
1214684 69904000
1230456 473135208
1235857 18613120
1236431 792544669
1256061 597266924
1269311 19497422
1291354 361279877
1308562 201705610
1329521 359545750
1343198 49731696
1371742 719079570
1401811 220573770
1415314 701283804
1428033 249592080
1442279 5481495
1464223 87503238
1494314 580411006
1515886 101661
1518487 285786241
1537401 21316434
1566407 142919100
1574097 170365662
1574823 349780500
1589685 776230
1609123 188646703
1626980 139678595
1633589 196761080
1643812 111386000
1662622 248740317
1686433 133386688
1689766 339127560
1698062 109783648
1706945 393771900
1737030 188865952
1754130 63643520
1779582 76866690
1787990 174503323
1805029 493694408
1809604 889520
1833692 179964750
1836945 230820195
1866314 251973990
1873097 113762880
1894359 19656697
1909957 19005329
1925804 12951960
1933200 153708162
1952932 184316612
1973291 75769200
1998770 28191700
2029719 2713676
2044035 135180891
2067258 816659710
2072642 446765760
2089771 12207825
2104992 489466460
2113422 435539260
2115627 2961585
2122296 399575526
2135866 402002790
2141021 98505044
2153359 20539000
2164517 737307306
2191903 839416120
2205314 107097348
2225968 82880104
2229960 496777344
2252152 350722816
2257678 549121950
2287737 395066842
2315104 245813792
2323428 471408600
2329719 343794842
2361450 414379904
2362023 1309212
2372833 269066050
2381896 550027404
2395203 130735032
2406128 730608676
2423433 20229120
2449258 445623873
2469646 820025808
2486869 158247824
2512796 676881081
2541309 160466156
2549485 391418196
2558713 730874820
2562268 510130500
2576317 34150965
2599231 596144346
2611027 415043864
2618551 313211808
2634490 140422464
2658451 384261856
2685327 63663888
2704447 91302510
2737180 162272055
2754411 30301632
2777344 386039108
2781312 82020655
2805186 263569506
2812623 759743040
2844826 331130720
2854669 149111475
2863455 345072407
2877360 37560336
2883971 3310142
2914546 59029044
2941045 366282588
2958872 247774094
2975920 91393819
2979567 732640330
3004000 53044912
3024181 81479327
3045019 2648184
3075589 462501480
3099049 2012100
3111715 143379985
3123194 46834160
3131211 216973185
3136491 725654530
3144595 243860850
3149457 166256660
3153437 897984437
3153743 574617225
3184704 311937534
3205394 375356102
3215255 308468600
3233936 447373920
3251758 458466659
3256586 52935740
3266142 61303950
3273872 370687941
3293885 7712320
3309024 1040550003
3321277 399224479
3324037 8379153
3326866 38785208
3353577 664136032
3360529 112116125
3392427 449457274
3419203 3472651
3425920 11260020
3435648 132012315
3443087 558320768
3450079 621408441
3458105 49847984
3488775 339220323
3505118 184392126
3505212 449691328
3519519 116042187
3519957 402640966
3549912 22195800
3567903 300091912
3574530 230137205
3582196 169525035
3584828 15524300
3607852 268498530
3624921 158456063
3627336 208255995
3629270 216583050
3650730 8591952
3667502 29875635
3672531 14442120
3701906 81699456
3726869 657850112
3753373 116707361
3761752 719618994
3788069 7043694
3814530 539734377
3816806 13809015
3839809 136828988
3858757 393145792
3880917 73888596
3896074 340577915
3906267 318115385
3918445 477759019
3947964 672525442
3963640 193306137
3985122 200426845
3997494 19616660
3999370 75981204
4029009 575179360
4056412 98998290
4074558 56114310
4090069 29310786
4100273 466065880
4116417 726960
4147869 312947430
4155116 561722931
4184339 115667881
4193145 758071628
4219630 339512666
4247831 803248628
4280508 477781661
4295335 52621112
4322280 412146860
4351919 558461984
4358976 82877494
4359237 66616748
4391808 951876117
4407291 216162560
4418186 563170794
4441738 522761712
4452771 26276503
4456167 281718
4456958 206070291
4478635 202477718
4502398 244726733
4508807 27757504
4529066 300468540
4552929 46462556
4566610 150711288
4567910 289335240
4593281 170659640
4606921 21869604
4618461 24321672
4648622 584640909
4662446 207176631
4682250 624790528
4708945 53731188
4717079 864307416
4743406 378746170
4760913 296936977
4779480 336288126
4785837 553360902
4817413 859818424
4840866 160906784
4841905 498045191
4867938 46559517
4885305 178464111
4917227 42990013
4937939 50311092
4970609 96919788
4974819 403770158
4986611 80711631
5015076 306252738
5035153 611536800
5044236 119790328
5048725 288793130
5056575 565684192
5077749 127608892
5081116 284873155
5099849 44889894
5119184 253765008
5151014 9215253
5174686 555681702
5198850 67399680
5231220 18911200
5258143 214922458
5278982 624816390
5280852 79052325
5304373 68867628
5306435 742385490
5338264 112238256
5364470 683230815
5380496 812766392
5404065 269478896
5434453 568758426
5442697 81468820
5457420 200069550
5480965 93646271
5489398 63246668
5514929 29214032
5518175 274580829
5528925 67142350
5533441 115914552
5549956 116487220
5572903 251001940
5581032 94812285
5589730 242237160
5616194 521563530
5625137 363521796
5652414 448387038
5669663 145546533
5682274 775851067
5707600 194877836
5720866 22614900
5723543 308421378
5725678 511093838
5743555 113677564
5748129 519291245
5755083 356464620
5759018 831184792
5780268 527225488
5795849 7493843
5820995 73993770
5830033 153925954
5834519 37687809
5851946 119139450
5870331 4411576
5875234 89904789
5904917 466052408
5921133 574361640
5939428 179599683
5950203 45601245
5956190 355051860
5970737 119803500
5977198 8628845
6003774 220029090
6012422 195690014
6031616 55179264
6054186 508507868
6054994 508036522
6074316 912870600
6086292 719649594
6107260 210092940
6112109 466101068
6136682 62555584
6150570 47008522
6178132 471525684
6209134 79849836
6226048 26003172
6254499 247500669
6273027 319701543
6300681 177215192
6316810 455795461
6343927 220315320
6351124 176119286
6366016 42261548
6381669 64191744
6406522 55105902
6429250 250695357
6438449 554796500
6442985 535307240
6458477 361488
6466670 320086820
6493229 602312286
6495756 44209300
6507361 803470209
6517175 215384400
6540839 933951474
6570271 240322896
6594285 379780326
6623891 403387920
6637676 412609482
6649487 333055002
6678573 5769080
6690049 366413571
6710450 3249262
6717376 29913456
6738457 210586797
6759624 287767108
6766445 14665750
6792561 19639206
6793633 103587820
6802370 135318160
6804350 188178380
6805686 61182720
6838186 360108250
6838593 550385728
6842160 69018300
6871166 70613165
6889419 63603936
6899578 33526196
6909310 64589694
6935208 67979834
6952670 44608000
6979078 240498810
7001777 1019878821
7014317 132289827
7017577 288089536
7037038 16129225
7052104 43751686
7079891 216126144
7090634 243900264
7120845 10230859
7150650 621379310
7155963 265233010
7158339 634437786
7181952 120021350
7193464 18907770
7218159 379337220
7225026 86716917
7251167 117898385
7282638 82418314
7305296 306990810
7327887 311402214
7329301 55340392
7341838 74299144
7374347 13908125
7386551 176114196
7402485 122015952
7412101 142696206
7416669 149275500
7420498 279848099
7438579 12716790
7459280 372929284
7472752 743583750
7475607 199628091
7487258 89011208
7511020 189518615
7514492 159564210
7539132 111991376
7551777 136487430
7552680 544661214
7561345 562771774
7579052 375129540
7592583 209746584
7615072 389531931
7647117 180422130
7667593 49730848
7699397 7914284
7720966 497768341
7749783 192707865
7775999 93032250
7784330 414006304
7803771 29384352
7833566 359911765
7863908 98585344
7889418 634373760
7896126 173774821
7927271 191404787
7956915 397718200
7977823 675077699
7989094 184686772
8003074 879851420
8024645 798684300
8048120 11445989
8064490 639916887
8079454 328261005
8082027 100283256
8104469 365169952
8135233 3203280
8156854 308856632
8170447 14419366
8174938 202277232
8181833 277160524
8188546 307640663
8190886 282698464
8213867 472698224
8221315 213483088
8227778 103238134
8236981 241611237
8252573 65908392
8273822 215550992
8306514 75964203
8326944 272721350
8347570 18741362
8373076 232476580
8391636 454337312
8419859 428818302
8436652 4058216
8459666 407069025
8473638 740516616
8475442 643954327
8479403 165324494
8508150 41805624
8519272 162912457
8533465 34627788
8541912 587207412
8571285 90473306
8580753 496908126
8612915 332078747
8620649 925290
8641819 53105728
8670108 161323720
8677403 533158132
8692652 1792980
8711477 62290808
8732217 859884655
8737234 792629024
8762412 117746200
8771915 437827588
8792090 653922580
8818559 75360960
8843737 26724637
8850572 151196211
8864452 41848431
8878211 71158218
8884556 229985054
8899911 35020258
8905976 112969076
8927129 492645576
8941584 578119272
8968854 18174365
8996268 37388352
9023183 23738689
9031178 70348668
9057118 983414700
9085839 38907288
9109573 433336875
9135329 49048448
9154964 298038625
9160741 385603295
9187009 228134928
9190527 82410402
9204955 412710291
9235816 16250610
9246995 99316208
9251745 253748880
9267055 220065615
9280769 103662714
9298755 124744122
9306995 66045314
9336924 155569077
9351184 109851786
9351322 522302802
9368899 47605184
9369104 358888497
9381508 56841928
9396597 270973674
9425213 23458440
9454641 1637935
9477375 52068108
9492451 170386160
9522492 182681225
9533385 557328726
9549903 106428029
9573914 210996842
9605798 2096458
9614529 116725700
9629044 382286590
9656766 376518890
9658976 167330488
9664431 245773440
9674042 259697305
9676527 428023583
9678281 618055890
9684714 157586260
9701978 321096480
9733677 311009140
9737160 141251125
9737725 317031171
9748792 114674040
9766927 220220922
9781489 590276577
9795165 332543106
9803813 390937008
9826752 203097290
9847213 35061345
9863284 625408472
9895734 24635856
9913684 59694495
9921915 287694900
9940991 13060250
9954990 756254512
9971950 4384744
9986628 623083515
10010295 267571376
10031860 234976350
10059695 409756698
10090163 259444800
10115147 110273850
10143001 65815277
10147710 313554192
10148520 32301471
10179246 420789600
10202864 42261255
10231444 488538848
10247351 342694834
10249649 517967848
10271157 42435342
10281958 18225075
10296245 311943822
10300651 137012446
10303042 155903215
10335570 35268289
10345303 346204165
10358519 25506936
10362328 404950260
10387110 9703191
10388196 74260888
10417407 132184962
10426999 212089950
10427508 517407246
10446067 329706862
10456471 189062995
10460610 194184237
10462639 602802009
10485558 858715815
10495461 1262063
10509688 657011034
10534691 231835800
10547548 75045000
10548254 846306180
10558585 7993856
10591160 166400811
10615299 248323680
10616406 36674510
10631012 109045755
10656900 109409001
10672308 319966080
10688659 40848332
10714034 132345293
10736557 161009200
10748911 922883200
10765626 362100245
10772599 298338691
10779932 51009594
10793551 435806001
10818253 171054426
10831781 165126988
10833922 494151680
10864055 23162976
10871285 219442938
10878692 265951584
10902570 524906620
10925969 322761184
10931932 291277950
10962679 32646375
10974746 13096940
10990877 750014554
10995926 2283300
11024566 358596196
11044105 86688447
11053774 22074192
11055968 148599638
11071122 69068800
11097506 392915432
11111872 285294854
11123564 158996745
11135410 110255110
11166869 110333400
11190830 81206139
11197429 495585930
11221391 33687144
11232250 516944995
11243014 261315341
11263216 47847618
11271479 142651392
11275909 481543920
11277960 429755172
11298694 45589768
11330827 287669785
11348873 900147870
11368434 814896530
11377309 26373432
11398171 140602041
11400908 293506425
11408963 763637413
11426484 320749119
11440139 133745040
11464485 253584800
11490823 412565979
11495441 315880976
11525773 14344473
11525881 273705480
11533368 153381680
11540024 881544960
11550563 310026825
11551091 701835915
11568172 188633032
11587509 203443575
11596280 398895840
11597724 67665367
11618962 369091716
11624764 295976842
11650441 15046479
11669568 148225550
11697286 138242720
11720465 42817140
11739868 10590592
11744671 370843077
11749804 996268050
11765699 234069635
11767427 402375458
11772910 392820996
11790432 45039120
11810615 3458456
11819702 76465382
11819947 277459601
11832051 566153049
11832579 36380820
11849658 25538700
11866820 553065410
11891968 140969970
11921690 276598350
11936217 389469924
11941765 231875805
11956165 217618407
11956680 418824640
11967462 52671606
11970653 1053041703
11988115 185982090
11994614 538303538
12023123 282563820
12030830 84484868
12039246 186330444
12062415 822512035
12081887 185350960
12108024 370811847
12129023 533890594
12155814 199740266
12173512 267683010
12180356 466737678
12189294 387980796
12190512 34920060
12199312 186234432
12228843 139809536
12240596 334383360
12260625 202914450
12287065 969491590
12318502 69164342
12349591 33964932
12367541 32299722
12387784 308480310
12390387 26008854
12412445 957842798
12441213 297856916
12447357 537180462
12473929 403543915
12501159 27423902
12513338 149403624
12524060 18101244
12542105 646966189
12547909 289397344
12561911 225338656
12587491 66264793
12595939 83987280
12604113 313154322
12615701 201305304
12623312 44421063
12635032 92651883
12654079 95380678
12679093 186603054
12689241 717930668
12715595 441898884
12736636 25817481
12746354 578650512
12768432 40392544
12793653 874808460
12821530 197284416
12834413 271321969
12860320 767638613
12890766 364677668
12907288 227631760
12918187 46960910
12933869 233593227
12960418 4916736
12992101 169344153
13000634 197051850
13027666 10465508
13033430 82136528
13064970 74159812
13078707 12331611
13097219 94146558
13127005 391374256
13137297 94297386
13147262 30487968
13164229 456080751
13176272 96075975
13208201 267944400
13239667 222027288
13245336 659804400
13267603 199369328
13290258 264371250
13294913 588670164
13295593 211893687
13326596 277267172
13331582 632282
13349674 208957112
13373277 35537960
13400192 426250656
13431294 215586800
13460111 75507453
13483045 310797403
13497398 366593534
13504354 113224034
13532362 13647006
13541608 182211198
13546441 409946348
13554664 211347968
13556057 25785760
13586488 55146873
13587909 414966832
13589532 349301421
13608793 300404610
13631641 9806044
13655776 206818230
13687237 246953609
13708114 2554174
13724698 377610
13736207 860920970
13750502 517225080
13771858 30069065
13781625 305944970
13788517 164231100
13793483 108002322
13804373 232621866
13827293 535043439
13833166 207530003
13844524 362419290
13856775 435862302
13865499 138152874
13869959 64947552
13894483 128368357
13919683 29720196
13949580 638448282
13967226 238527501
13996904 695300018
14025725 155237517
14045818 543702780
14063967 364370256
14073270 335474634
14105825 800767968
14137870 167191164
14161579 270884312
14193164 51511275
14212434 108913860
14238172 120414264
14258774 631826820
14268205 264698074
14268726 17763138
14271227 243933760
14288495 70250664
14298194 36068938
14325523 509749266
14354860 97523580
14368894 184383636
14378674 79103726
14394867 228494448
14403981 428044296
14422967 239036304
14436907 602947536
14456999 205243490
14475875 154171055
14502907 329632056
14519267 61675110
14537035 162475550
14560369 310750810
14587054 63822240
14589462 120786008
14604327 282914870
14619487 39707241
14636634 311112069
14668764 520519231
14690519 337221080
14702256 28644116
14704158 642622904
14711815 715334313
14725316 61862760
14735050 367692712
14742007 279812792
14762522 184709616
14789108 382944012
14804363 7870825
14828748 615229764
14857278 74648340
14863648 402664185
14885235 135687658
14912856 389070375
14933338 171145660
14951971 757099499
14971482 581134655
14996186 573507486
15004206 32777992
15017397 325816344
15027895 461135066
15028886 77555219
15048832 77082831
15063920 569818944
15073395 158292459
15085866 214591104
15114077 248753312
15143730 472811236
15151193 33504225
15170226 117895690
15183722 288676220
15196356 72203139
15208193 279813420
15221944 902115368
15223359 725512868
15234264 167100180
15237731 680758950
15242489 109499908
15257561 191102241
15263313 182042757
15290087 148255734
15302651 203071050
15307033 283354633
15330016 94860879
15352589 13272832
15385194 680294
15410769 783684681
15419886 164664002
15432869 19469868
15460430 60738627
15470820 666149860
15475927 538665250
15494804 509779230
15525133 76387638
15546101 23221290
15564662 274317858
15588912 225931283
15617858 788856637
15620136 667922162
15647744 149819568
15671073 83931372
15680346 107406360
15706732 8611000
15715628 134611032
15721691 369170242
15745034 423842684
15752670 106513544
15782321 391742034
15798435 75768390
15802258 921608250
15816376 126750822
15817746 294256876
15823660 3192900
15835346 229126084
15858768 258080742
15878583 12964200
15894709 393741904
15909671 184757955
15928354 310890195
15932501 180858960
15943366 44626652
15960101 59359783
15986680 193364896
16005297 209918835
16032375 83581200
16055829 95992468
16066065 917244
16088483 111887664
16090692 175436384
16107083 74176490
16112228 12839112
16117367 353899968
16121462 51801344
16128583 132446118
16146413 275793848
16153489 154049643
16184089 78450000
16196265 154818939
16206096 799233371
16237683 98964990
16242310 15908904
16270069 630725172
16281090 311830470
16285178 253450764
16301940 273150405
16305441 390150596
16334923 322236912
16349189 337254534
16381349 88589448
16408578 16265144
16439897 330384312
16452956 84388318
16484379 291925340
16515956 7144032
16534038 6539910
16554214 239837047
16585691 5906460
16606562 313448210
16623007 27933615
16636731 49876722
16642636 413792064
16673435 451491516
16681215 85827005
16681852 95382858
16684566 484174080
16684657 158792634
16690176 239810610
16719487 162322704
16739743 649108698
16751664 186084208
16764680 39106128
16785224 34620000
16790030 2406938
16792923 104409728
16797193 142873502
16827349 163908000
16849380 143364218
16869319 885456592
16889986 605864190
16890172 1789431
16905765 365755278
16930425 246993000
16932235 95589311
16937489 282845808
16961800 130022410
16992343 6412131
16993011 359967608
17011236 68461074
17020230 135999928
17051568 192633840
17059443 319369917
17064585 274808784
17093866 76437816
17108362 335531532
17111018 104548010
17139961 178397056
17159873 14597498
17169359 5208955
17181617 135688443
17206649 142115958
17211719 265078599
17217841 242274312
17228785 867765018
17238355 63046808
17238582 549683718
17259001 7659432
17289241 437800280
17312356 402296076
17326486 156033239
17338517 13670254
17355101 565769334
17368505 12393521
17391467 517035516
17420539 225867362
17425215 126447812
17433715 149897154
17435365 433463652
17457629 20176849
17469237 13703532
17499656 879464400
17515053 64736352
17546925 292706932
17570388 133150713
17572557 2441537
17603000 875151565
17628524 632712126
17632272 41173488
17648080 1042630824
17652273 102590190
17677139 144112566
17677580 304141025
17679620 298883259
17691632 150341397
17720130 36509847
17739000 9524970
17759930 210155968
17780476 244214931
17789188 141339052
17821312 68043179
17838960 296026996
17854120 136914912
17867872 46613792
17893449 45414888
17894116 84600901
17919926 113245356
17950464 63088389
17971717 874946548
17982345 106539248
17987601 60138540
17987615 117622041
17998989 140193656
18017084 106287342
18038545 206459325
18039059 161727678
18048019 48713126
18051152 70434472
18081109 1574650
18089367 90867480
18103136 186535440
18130410 465136926
18146089 586435290
18150136 323855287
18153251 477459840
18179754 194361960
18211962 76694220
18243837 160550718
18251855 581568115
18272423 230766647
18282849 282200464
18311093 42151536
18334861 148528569
18343357 372537864
18354745 138625531
18365697 217560000
18377655 244992670
18393891 146101484
18402886 497538240
18423038 368388496
18428268 104081764
18453339 56296031
18461675 727682480
18468915 194912640
18483625 541618020
18500965 493903191
18512240 509584878
18526870 210650780
18540413 279912830
18572374 104014280
18584926 56721282
18607712 222120200
18631877 354442375
18639399 199175736
18668895 409371789
18673068 33078305
18698749 880320
18725097 400482912
18746044 55704555
18765296 377475224
18769181 592563415
18785592 27682556
18811740 54443466
18821179 259340039
18845321 691224600
18861327 471824893
18880100 65162248
18886986 815621420
18914066 310935456
18939356 359351556
18942807 259112776
18965610 2713546
18979328 204400764
19004652 355787400
19018448 186913140
19024942 60338971
19050039 497920311
19057963 36281932
19072970 59876292
19094511 129981789
19120481 246111064
19127591 36674594
19153011 267491000
19168542 295795600
19183664 196242425
19191922 393543168
19193240 811794752
19211116 300019992
19224237 706303122
19244876 33683166
19273625 433160480
19284663 3282440
19305364 63334318
19330968 893014110
19337200 176058282
19352017 981914219
19376583 106030805
19397167 291833280
19414601 247942170
19436819 10951281
19449545 119968592
19451764 885937385
19472423 193804564
19504059 51149917
19514705 104340968
19525189 6065137
19546655 672999084
19557160 239796592
19559142 242204728
19570738 231617952
19581339 294718380
19583699 389455118
19591054 55435119
19594761 202951576
19609138 273260896
19625001 117525330
19646097 97680500
19670963 86188176
19702162 558202368
19708206 104298918
19722052 728767638
19743325 200065320
19748083 97584462
19760362 59939997
19789031 161897736
19798002 432706166
19798816 32499935
19808434 349226584
19829912 249660025
19858150 233421200
19875338 57992418
19904822 399267932
19935311 18698852
19964246 103496085
19984121 49186830
19992171 438552540
20022767 445494785
20028013 256388416
20056120 419097498
20072759 563170656
20097380 129170910
20123938 621574470
20146019 459711311
20150777 12719859
20173011 48070512
20197188 336734200
20217659 6683006
20222680 80753519
20255189 16133810
20284366 207429156
20287498 539448624
20316391 272260922
20332236 83231148
20332446 706630705
20358563 356271470
20371227 61591728
20390717 80609738
20392803 599707520
20400608 409042304
20426250 85178558
20442690 82940000
20447731 124323160
20472510 11049248
20491138 81013352
20523530 515516001
20556257 289409680
20562692 213323265
20575464 71649740
20590434 523594625
20617573 183912000
20644980 7109810
20651885 429771304
20681820 66929217
20709278 56364312
20730524 81825087
20742418 443888250
20751607 180999302
20782614 90926920
20798755 3478274
20813176 644100624
20841699 76421196
20843939 834972910
20854967 20861180
20871558 860165114
20883790 184432986
20904335 757104087
20907395 48005360
20926684 79075076
20933058 29086540
20950034 311684296
20955697 323739960
20985874 108647160
21002006 136757428
21010207 212742540
21021318 93088
21051088 29227241
21075819 156009620
21091454 82333504
21123209 442414090
21132461 141081954
21141053 58227885
21162040 40825971
21172022 38885932
21185509 202374936
21194624 73629942
21225551 94546242
21251528 152676108
21259482 147488848
21269712 458850956
21281998 470494368
21285522 408626
21312873 587419632
21322675 385969332
21355298 242744544
21386339 297249205
21417741 114271053
21418979 9062000
21426114 249833600
21432699 187706718
21456590 485877906
21480622 204794694
21489965 770875710
21508887 529646381
21533191 590980078
21565543 162252558
21587764 678522411
21597316 111057175
21619450 211924872
21621988 63540
21643670 132612915
21673160 570348700
21700657 63176904
21729293 271197080
21752042 21482028
21780954 969979544
21801396 456300468
21809021 564609540
21839067 16144838
21840998 608214042
21851911 103289940
21858860 114812775
21873330 119327949
21887782 182144382
21899522 61531162
21930802 3063208
21952303 253696102
21972168 26393328
21977711 329065750
21996694 474486150
22005433 25896210
22011750 870593464
22014594 99835656
22044971 5324275
22054615 165370650
22074510 82567640
22084635 63769252
22101121 20799738
22125559 401984550
22143188 170633232
22148308 291954533
22163426 13392799
22169231 386559490
22181376 63243099
22181611 163355832
22213475 556696140
22241925 260950294
22245057 430637786
22274289 231053532
22301187 192202146
22328298 42164322
22354676 218156832
22361679 371044782
22380503 586215630
22391813 342466390
22403962 731065401
22422420 241115976
22427979 252907737
22438317 822418
22451362 342115427
22454686 304719389
22463090 498340194
22464504 673059840
22466080 218143009
22481549 136263600
22486372 233225475
22511154 13511355
22538128 66716222
22561665 239640574
22585006 517967424
22602793 419993154
22632592 645414192
22638128 132417360
22640334 401628270
22670793 851443938
22676329 273975275
22701387 4740441
22714311 43206891
22741256 949600008
22753603 982400
22779566 112821540
22803899 536988368
22804764 431620676
22830826 81932785
22847074 734263164
22851995 105251290
22854153 132381704
22876456 285327999
22893938 259397742
22924520 31477965
22941567 9299226
22968236 78337833
22992783 490400301
23008643 637547820
23028227 593800946
23049604 293816824
23057027 225418392
23070855 569188092
23076197 44098337
23082523 129160000
23085680 60553245
23100222 237087396
23131027 48862970
23135705 527577820
23137767 85342095
23161114 124200132
23164591 61536408
23180614 88728465
23184588 98312700
23188938 51293840
23221629 219088870
23223746 151957164
23237891 28488464
23249493 131788500
23254297 175955230
23260874 67361352
23287802 144160770
23315529 11291875
23327497 316208300
23329490 1919541
23358454 112274781
23387644 32037390
23390864 171062697
23415465 343386016
23419963 156018850
23447258 8053563
23472226 124822206
23498356 4022304
23505661 88973764
23519941 76729382
23529368 225402375
23532337 407154867
23552032 168928596
23574400 296855900
23593724 282367750
23622606 92494434
23646161 154478340
23674676 151039008
23680423 417228974
23710933 365216880
23714788 155688664
23725820 235098888
23746027 126076845
23759261 74517472
23773961 221744226
23795842 26030394
23799179 48104624
23818772 484783430
23847119 17264946
23870898 164809496
23896651 359191258
23900183 270615438
23925112 43318584
23936374 288781988
23941574 56194677
23958358 501697551
23968921 3037826
23969926 47023080
23974813 29852400
23980750 22516262
24009104 217204960
24026441 176197595
24032495 500893713
24042188 104513920
24056005 86287306
24074688 371008620
24104999 294410304
24127114 174328764
24145087 173138922
24167047 6496329
24196115 15838384
24212559 67103736
24239620 477719250
24249829 103368818
24272211 1673793
24290093 265025487
24290512 412278170
24302059 17062328
24304915 233230888
24336706 115136264
24347539 58004886
24347807 119653068
24369171 75025973
24379795 94859842
24407370 427725200
24415552 37556400
24418564 77500892
24445040 614152485
24457884 782011350
24489363 592641329
24494391 460358356
24507758 508432960
24510674 986246092
24533571 103499206
24539793 169080600
24572396 881762210
24597910 771227275
24611149 214427460
24616411 946713136
24648491 105819109
24664713 25448262
24694147 47388588
24703067 112904936
24723189 258013540
24734629 779656944
24751639 59710174
24783806 241678941
24801746 145680324
24828783 8648449
24852798 18848340
24871766 551711592
24894929 543222729
24926203 66493248
24928477 32655952
24930723 118128780
24934624 7585424
24945600 676547093
24952903 353054968
24971567 92592820
24996274 122582016
25011513 119092038
25033230 966814932
25064374 208728234
25096754 286105545
25108568 795048180
25128160 154375701
25158308 5719924
25183887 412446816
25214152 64128055
25235061 131081070
25244640 551437470
25249747 679423392
25250823 61434702
25283478 134408028
25304551 9435028
25307399 13269399
25334335 165820725
25353249 549634176
25355828 12195225
25368045 73310021
25371905 50867841
25397807 99051760
25408769 467304888
25428550 64751148
25445060 264804600
25459521 78848901
25489739 699659623
25516198 60871016
25548344 787452911
25565823 541716316
25583666 214488211
25612256 20713866
25634923 749394368
25645832 347614054
25662114 164117354
25673209 1008389022
25695417 337548036
25712973 394955760
25721933 401528860
25743282 50788452
25747858 430588377
25776774 422090207
25779961 130378780
25795483 11500047
25800972 206100792
25803053 350919588
25822489 50937822
25827263 190576375
25840709 286128245
25849230 26666536
25859768 377583340
25888985 224440920
25910424 146342680
25915751 328518407
25928628 651116389
25956889 561679328
25982367 393651702
26008981 359961372
26037835 323850833
26057853 254149619
26059524 363263970
26063060 172575656
26071281 118406708
26074294 131402089
26082598 36029364
26093199 109637394
26110594 594950016
26136228 396282240
26154893 14935227
26170556 66743817
26184629 773328310
26185045 112040565
26209323 1041523020
26238928 287791693
26243313 108281580
26246823 375270945
26261107 409868528
26289083 170624240
26321759 177689118
26335587 69715340
26345779 751339500
26362099 82896576
26389590 32289512
26418426 344039689
26442320 20341875
26447002 343931130
26449436 306441930
26452430 364098909
26472262 512455197
26473130 93863850
26485996 730233762
26507525 26258245
26518907 14453835
26536245 530512710
26542932 133590298
26567411 602161560
26579297 555781776
26583985 603908918
26602715 367433472
26620686 98466930
26623849 250975932
26625370 60797178
26653186 146621816
26675319 237883136
26677706 55748196
26698144 83963328
26722442 891359857
26726928 188846775
26756620 279697572
26782118 201867028
26782485 819706708
26813735 100907874
26838390 38207616
26850771 510006140
26868490 67725651
26869156 216838050
26874677 37874980
26897004 597130704
26929109 271297200
26939098 43722162
26966888 677669565
26969671 606442974
26992239 42115398
27024344 405669824
27031022 318120760
27032202 21500544
27038779 235061844
27057745 54763722
27066382 338039689
27081337 675620224
27111473 416004506
27136788 99018855
27164641 43073734
27181649 750064352
27190613 451169366
27218706 632872710
27235489 28938880
27239490 474429947
27240843 304700831
27258871 321487391
27264690 495169680
27294307 324523008
27296680 8696415
27302735 9438630
27335307 24282342
27339974 339752504
27343843 1075896
27373373 802782838
27384165 941877648
27396756 119301538
27429261 410764438
27459523 137657160
27472577 93763019
27477313 528262740
27502878 102077635
27519896 71360214
27535801 61831248
27552967 712493091
27563409 28750852
27587473 307420300
27595046 229109182
27597814 235744665
27619339 105877648
27635605 349712193
27666829 176032891
27694035 347024001
27717849 491104950
27723815 84754537
27739113 762751450
27759879 217807070
27790523 208720512
27798393 23253150
27810873 244742526
27842141 694882818
27871612 250283451
27903256 108900736
27913957 780941432
27920212 257570370
27921634 233240865
27922208 89961976
27925491 135445800
27942332 63417600
27951335 50762040
27976708 44346841
27982598 142318440
27999588 369323224
28014656 216188736
28018660 119752380
28037938 515068386
28055770 414883200
28085821 211662906
28110963 208571912
28129697 263589828
28129850 376334712
28151026 108576952
28172914 665550715
28174852 314920984
28193550 146108750
28210355 42911996
28232627 1925682
28244951 944236100
28262971 107709423
28266462 437765200
28266675 392044926
28272502 199788798
28282626 254361600
28298742 179834528
28316863 82879577
28319227 393461490
28321806 551075670
28340496 28446320
28365740 100031904
28395254 347990538
28427667 108531940
28436617 549518454
28439579 69227763
28444395 73484310
28466556 254367312
28476438 149626224
28494164 267810882
28508585 98062720
28518572 484099575
28539423 667729162
28560303 293650180
28580719 228480252
28592205 128600000
28609639 578462963
28614275 382533815
28625879 96085629
28658220 214497046
28665350 137980585
28691123 301713893
28714400 39145357
28728106 148774425
28728761 492901423
28746946 19515100
28771902 78040480
28772030 679056000
28776316 626290144
28796290 124335924
28815426 354729776
28832384 43490150
28856431 312219756
28871740 186794490
28894082 99636437
28906694 237574080
28930072 1010457384
28946820 310292710
28956198 7878360
28964184 802441590
28985834 352102038
29000076 510865493
29016442 104254380
29038384 850636962
29051427 136127697
29074697 411501050
29099404 725318638
29112898 432058220
29137140 144547396
29159340 236134164
29177506 548055536
29209696 204139656
29232893 447332608
29244200 114226308
29276030 109111296
29306921 80344472
29337113 91395414
29353419 97537697
29381486 25040150
29405446 278603130
29417848 76565514
29424546 381455524
29432627 415875424
29444923 325624068
29456395 133685232
29466932 843721897
29497265 268707186
29527814 151036143
29547583 71102700
29550276 840852936
29570419 261884896
29570507 125458552
29592581 436944137
29604651 74000388
29629436 5153897
29634645 163125732
29647919 297584760
29672766 174352080
29684717 369788500
29705510 24890200
29721119 6930834
29752009 629078775
29781754 119996084
29785559 529724224
29789884 382570660
29809679 121505008
29832356 34671912
29864576 265665216
29892029 310976292
29903589 224154495
29927125 449535944
29954625 310006461
29957195 409405653
29983834 4233394
29999424 12881334
30021578 104399400
30022117 25364076
30036972 261009092
30058132 11864232
30075132 326061915
30082717 221464126
30091088 209688710
30097023 541520532
30126234 181446984
30134692 1890653
30161351 204157384
30185341 127930455
30216450 844711686
30221091 88469719
30252551 354332660
30281604 210414360
30301955 429295788
30325865 58435236
30342580 162955000
30348911 34101522
30368697 79650712
30398820 146928243
30405985 302499288
30420292 211714490
30438523 714298856
30457450 501734145
30475308 38110240
30479687 121045696
30490588 154063299
30502234 200062851
30512613 450543381
30536158 70771932
30555833 416060689
30559490 357698775
30588610 317307456
30601282 184359861
30623832 114536200
30629338 616602710
30658473 821532
30660611 555263300
30660759 605391978
30664466 189128338
30669315 516047454
30685017 52547034
30713641 434222278
30725865 181847526
30755367 224301528
30781002 54744692
30785259 147424123
30794077 20142888
30822224 755067960
30845853 547476805
30856251 41795072
30881825 40190909
30890018 1766988
30916251 362602116
30943599 426653064
30967532 202294440
30980805 8764744
30994593 327668448
31023179 365353212
31043345 193494101
31043464 652225296
31058313 421522500
31074204 223202928
31100269 306716850
31118618 7539315
31125973 4224640
31146955 347849553
31155616 112936329
31163728 754926336
31176119 94175180
31195537 793379528
31219094 413283530
31240573 404574048
31259620 381185091
31273401 1116584
31278183 193299100
31296857 121802370
31314740 41723125
31317225 694954890
31338366 168761240
31350647 59987560
31361559 96439356
31387271 13078260
31410454 360370095
31415885 437179192
31429338 66003652
31434147 251653500
31456003 272449801
31461577 38369625
31475637 347454165
31501048 79217844
31518928 334175420
31537531 390479184
31543729 336122784
31570684 227222476
31570984 272965820
31581004 578416398
31606111 280768000
31613695 538936392
31635089 3520784
31635137 68421816
31643729 448800225
31645782 73366656
31656821 432591698
31674068 386435808
31679094 83416402
31703199 208195053
31729027 175799376
31741022 280868260
31764025 56400916
31781391 16201332
31787605 15078558
31799052 383576164
31812215 143589754
31818447 407210240
31850348 64608125
31877858 240725520
31908155 203624176
31940203 256089276
31957883 274095012
31990105 245324926
32007770 461368260
32008275 64018449
32012034 185052069
32015617 508022916
32030929 166021200
32039531 364159670
32055100 490469469
32083641 7115724
32088567 316018696
32120483 157904
32144979 105075000
32152440 312522850
32181637 368810456
32213682 562239184
32214004 121816764
32242083 193514368
32269667 476983200
32289993 525516320
32319778 134075682
32322802 320305203
32349263 376043364
32372840 38888325
32373349 321159840
32405480 372357319
32432717 164874490
32444988 171573444
32449349 453121564
32467421 41556144
32468464 176731314
32500240 752119350
32509460 200752761
32538768 262593870
32560485 923425560
32567752 19168353
32586505 221930800
32590931 23225776
32619098 161981832
32639090 192242288
32661931 349505446
32691645 193916371
32693171 441793344
32694374 199345320
32702349 301209280
32715765 247039400
32731145 12468330
32733044 139022620
32751449 159256324
32772745 696067071
32799744 139703005
32817187 433874735
32830249 68345580
32861649 17539110
32876392 273598896
32877312 740522422
32877876 381838765
32890090 309673884
32891954 30759432
32919294 240020650
32920008 638162853
32952379 33054750
32967216 230366554
32997346 63423532
33017238 117230652
33045389 623018669
33053355 827383640
33075652 303035994
33090379 687087350
33108656 955530196
33140419 389759480
33167520 241585263
33198972 22441408
33230773 479009184
33252263 498624312
33260275 69645963
33264100 564598659
33278389 123069696
33286035 55819375
33291881 292503275
33311466 226034718
33338148 271573305
33364645 185256669
33383838 79764452
33397888 338863890
33416892 486135696
33425023 254289186
33457641 3009348
33486153 616065984
33503729 578771628
33505212 290921352
33528899 45689460
33553692 521709426
33561596 79670916
33592370 144635270
33617966 640099620
33618376 22221415
33642606 305068400
33650948 68566312
33661880 248007666
33680176 633856600
33703000 21349008
33717125 21350620
33718151 102433457
33728952 171592410
33746180 15471024
33769454 315146826
33772030 303514250
33792513 86681664
33812281 148405959
33827036 13917078
33839203 542708748
33855728 106237208
33861141 120661764
33862313 42900000
33880360 69015646
33895182 144782924
33927282 49254120
33955210 114262239
33965618 828839952
33966638 61004925
33979358 214174920
33988996 249040239
34016829 129794267
34040939 252545583
34067489 524519920
34076462 831954734
34098246 50309910
34123633 823747166
34133587 644367802
34140230 93095502
34165777 113701644
34198301 109724571
34207368 408113568
34237203 710459262
34253489 377671533
34274913 729705510
34305794 235030144
34321304 530696460
34343470 486467980
34353542 107084646
34373627 328461987
34387350 432358152
34414378 187001946
34429100 292677729
34442996 379964304
34452062 282528675
34480043 17072940
34486709 138489624
34505901 234756809
34536827 867402666
34564580 59794746
34588770 142983360
34613386 564065706
34640667 451798686
34662932 658936800
34683860 114673247
34703523 556372656
34712407 226476954
34739829 477265824
34771031 806606021
34778458 594976700
34782537 16655096
34791487 8797152
34795644 119066895
34809730 85909184
34813160 625573540
34834610 29250560
34852996 20813965
34869269 11128458
34893507 136277570
34920761 145516250
34952991 38773782
34971774 618026725
34987133 798963456
35016085 464794398
35028589 212321655
35035754 354903875
35063075 370453545
35082014 917732020
35104867 372450195
35112499 139472256
35120208 95026707
35139605 175964592
35139955 253714180
35151577 23932544
35158813 92850824
35169788 237033828
35183748 196265025
35213957 677851032
35239399 29526081
35262988 176995430
35275584 1638618
35278497 402338683
35297762 612413472
35321520 52975000
35341745 47214066
35364481 171758000
35388792 72462836
35391765 47532649
35406884 14595980
35419031 558632672
35446401 156843156
35478985 506509220
35503726 1172835
35536445 17993920
35567938 343155813
35569514 50711192
35570544 26220732
35573258 408767424
35590981 147292776
35606119 11217360
35613686 625437640
35619001 26687310
35634421 214540305
35657929 86388984
35679198 471573864
35706529 40303998
35724568 975583353
35744028 68400000
35755161 229589525
35771326 704335728
35793165 53090626
35822418 335885322
35845102 712216932
35857473 32842848
35880161 85596924
35903179 45759000
35916315 55466880
35916734 87259213
35935794 295951886
35953761 93734504
35971647 8192544
35993056 580506834
36013282 274036100
36022151 57209137
36022293 286659625
36048818 277824792
36058265 403567944
36090231 145997146
36120060 515419328
36135028 203029230
36160027 894112569
36189556 8419050
36202070 71628447
36202752 274168040
36216677 980045118
36234516 291720640
36242223 245963094
36266182 132092775
36280744 134805620
36309927 603689801
36339519 762854560
36353874 215048122
36381701 645698284
36384667 256397652
36393771 213538347
36409694 693659538
36411940 368091478
36425990 701723334
36448809 62189694
36472958 793843700
36486549 238293364
36516909 548758100
36542693 407261428
36553814 565809968
36569348 250739199
36583208 47570920
36596161 187180011
36607074 231325668
36635709 434403776
36651406 22941755
36661594 588732672
36684104 251491174
36697085 840123360
36728117 759339940
36728424 836349976
36756677 61697720
36786325 64504890
36804354 214681190
36808681 274854756
36824867 62626851
36826720 226767450
36837064 144844271
36867224 35404686
36876603 594582849
36885249 21103880
36891954 630198504
36902586 89619180
36925969 436466324
36954747 22120996
36980426 4898340
36980540 971806386
37000955 605297475
37003026 24822634
37012227 188143143
37042968 12367530
37053780 246536930
37064442 232143186
37092951 364550890
37121556 98308724
37131463 68213151
37137122 252069820
37154427 285572276
37164495 24805890
37165349 532402680
37193794 14604282
37203866 168293016
37212183 4027331
37216971 585560716
37241470 313157160
37253541 18678016
37269398 822913894
37285017 533483548
37287385 3218979
37307568 30444869
37323214 5721584
37355130 262544607
37383995 346294191
37393256 646998391
37419365 305193873
37428093 93778912
37454785 534255535
37464712 529411850
37468092 401644415
37495413 307365051
37507872 316534281
37534833 207239760
37552349 503767635
37566519 298336665
37586905 99021654
37609410 263622126
37631157 549342066
37659231 19877680
37681213 24553610
37689356 205148016
37714080 526777020
37734822 442942282
37739325 118668000
37750669 169899873
37768259 87274300
37792458 9810983
37819409 231570162
37845252 182720926
37852343 550067005
37883139 590341400
37906342 101976581
37912715 605618748
37943557 134766579
37971213 515563520
37994215 178031672
38011529 51411141
38025968 242426800
38034365 157872030
38037705 101770335
38043566 526256142
38045455 175963140
38076201 599886783
38084406 380773278
38114567 48376382
38143804 196598950
38155615 5854392
38166969 267776208
38186776 107609745
38195786 285392055
38213546 357907675
38242565 365187993
38272783 185674566
38282260 396662570
38301036 37955768
38323783 15067674
38326527 265090644
38344917 167135845
38374786 93702492
38375750 377176565
38400561 720257736
38401748 210297976
38403391 589508496
38426718 117832853
38430343 272831520
38461794 254585266
38482927 445308444
38507833 124106810
38517730 69330104
38543391 73584
38566383 167030100
38582633 1733931
38591143 250340880
38598042 267774864
38627926 692951605
38647242 17473806
38650449 603403977
38654010 620979116
38678057 268773558
38678448 232497069
38678791 279561288
38695034 67771968
38705189 538422860
38717169 250036886
38749523 567534771
38760306 22840493
38787092 222289782
38805429 207422831
38811870 38667139
38822068 25563048
38833332 768076696
38843159 462506674
38855486 94085280
38869623 358627014
38898480 42749548
38910362 26943000
38912982 78276510
38928143 8059840
38945571 129121664
38949484 226139798
38953412 88490020
38957756 265476192
38975027 138247488
38984313 11677050
38985957 378139732
38992068 453826800
38996537 87523204
39007825 1058360364
39008990 288338855
39011038 141190232
39013619 30198618
39035346 19971003
39066428 678205910
39079401 233777845
39096397 249017120
39119029 539190102
39120292 704977334
39122685 380406552
39130681 169784532
39140058 535605462
39140628 37067872
39142338 134265447
39146264 367935703
39165810 137422581
39195439 55030352
39217437 253111200
39230891 102191187
39246313 102376516
39261853 491647072
39283499 135447360
39285664 300160375
39314352 3091947
39335802 599436149
39354761 454036704
39373221 121726920
39382478 33676076
39405780 381922560
39434996 103642012
39448082 310357542
39464259 2584704
39482941 98978330
39496494 90063805
39523612 900850450
39552312 208159551
39556199 100114014
39566912 18777420
39597474 10098985
39612937 13235347
39640019 568196321
39656446 852291108
39677310 715594488
39708690 149129332
39726229 220968399
39737066 16966295
39761010 113874750
39790932 17046365
39815707 93471642
39842132 232856039
39859349 45982962
39871718 510934125
39882257 579906847
39883744 453135060
39890791 106478208
39895868 34082422
39919952 260866800
39952459 19786250
39970400 905209344
39998009 73034260
39999965 49480618
40016777 482539356
40046104 16541406
40047631 617095665
40070390 247466752
40090155 45156930
40100605 176534424
40125425 185276280
40154159 391261418
40184350 12359556
40208029 2308808
40219550 108850859
40228008 343121226
40240311 815163346
40262780 416232932
40268972 84383306
40281929 315777839
40313868 333578520
40316282 463525023
40325294 350188224
40341771 848407230
40363678 195661279
40364234 291028093
40395559 163703831
40405600 140372628
40418391 160275944
40429947 20923790
40433741 280256735
40445085 100803646
40445905 30533979
40449932 555947850
40477595 737094792
40496250 3167162
40513269 480555751
40520596 196346712
40522038 271185136
40540321 363025836
40568292 63073668
40594429 83489968
40625438 141827736
40633165 775019621
40636211 586111130
40651460 549447176
40651570 744323030
40664570 210544114
40672372 106812108
40704726 5581236
40708868 195105234
40738338 506795238
40741396 30370200
40756211 5269644
40780410 5570046
40808975 49924368
40837507 135386667
40856616 582615040
40876608 33009139
40901812 280853100
40926384 284888160
40934866 10604940
40965903 330135600
40986532 569427787
40990165 2037235
41017658 521018842
41040574 61329765
41052684 38895696
41074322 137575152
41087162 156459876
41105444 1308030
41120706 52350986
41126230 316310400
41139825 27298260
41159883 130282620
41188198 146686176
41189405 168407008
41194126 21023024
41198452 281679627
41213583 522242730
41227126 318345725
41228582 822660888
41243245 41390708
41243406 157928310
41245925 211990590
41264793 167668380
41277611 85836116
41302068 702522228
41328519 530267715
41355660 257563384
41364680 455310478
41387838 361668761
41402900 939198975
41406830 492436659
41435326 94760448
41464250 418748752
41479460 221893350
41484433 2927325
41495935 133638034
41504008 262012770
41535693 46276888
41562317 13807300
41584980 288329492
41613805 80124660
41624717 743021792
41632188 165484704
41647122 138101631
41649963 118139590
41657476 278615445
41662331 116554176
41677853 807527204
41705016 6757344
41705219 120204008
41713930 668668518
41725755 358166970
41736438 179254098
41756003 241166148
41774377 16320639
41785912 153673294
41791368 295089355
41812785 48634338
41821397 486749634
41835093 333341025
41860396 103010312
41864874 651179272
41882190 7721680
41886608 22600152
41904939 786797026
41907588 81873117
41921453 372808842
41930420 55332382
41951453 165329886
41976076 120464088
41986060 102291462
42005053 77800336
42018736 23572578
42048654 46595640
42055228 206435472
42078475 120472046
42107469 541699776
42121490 147261400
42130445 144752015
42156517 61191279
42157509 262952830
42187110 233175118
42218789 43016747
42238667 544773960
42243025 341052569
42262907 32972896
42293350 249710207
42318619 285780664
42329374 18642960
42341387 127841084
42351332 495910260
42352512 46674880
42361517 13502775
42383769 7548518
42399601 46278001
42400444 103214480
42409289 160186840
42433468 340241272
42463662 149274450
42479155 121417656
42500600 590877664
42520501 88227945
42523573 39785049
42536277 193600996
42564249 184841360
42572640 17808816
42579280 26052072
42583756 14632250
42613113 282881577
42635115 368493730
42658752 182491920
42688129 20560036
42712836 125990008
42738147 283177585
42750226 552106920
42765167 70580747
42776712 260902146
42787854 127774200
42807817 326609982
42835013 97407576
42854142 43116540
42876566 771983100
42885524 711111570
42907100 269843168
42913006 484983708
42921733 209729176
42934482 6574655
42962548 661441480
42988123 714275940
43020686 521340208
43047598 668900625
43063504 161424608
43064773 434830868
43078187 183704576
43104771 60315936
43115024 2759086
43118900 179016068
43134982 278746150
43135315 79856240
43136360 273109617
43149914 634712176
43159091 560560833
43162383 94714389
43182245 160223238
43209920 34320386
43211965 405761880
43231597 107561300
43254906 73268076
43273478 318248832
43283712 156473995
43314384 465048782
43338667 117544416
43353141 105276240
43357271 314347008
43370432 77501557
43381756 229674315
43385370 181092500
43397138 99709552
43399023 149954046
43430896 104826750
43431347 59963051
43437505 135891916
43444172 37570695
43456609 75819672
43463347 201100615
43473622 191013952
43489845 89798075
43508963 72455751
43518735 276496850
43536006 516969024
43546019 587882672
43553269 385848150
43565982 342856916
43594000 532251728
43607929 13773195
43633670 653447496
43643591 643737996
43643708 204641514
43666390 29638364
43689542 137556928
43690046 835005753
43700540 412551689
43721852 67508802
43746376 123093561
43764950 115658928
43797464 50007705
43824459 426146484
43847035 32271345
43858274 20949428
43881192 8502962
43904326 188114837
43928933 127379952
43930525 152671152
43944988 265203758
43946790 330304235
43971516 556152939
43978799 321551520
44003610 97359077
44022921 363374172
44037958 855327510
44058809 465810975
44060649 438822664
44082848 394003416
44084875 40974615
44098806 357069531
44107946 305174185
44111742 378158088
44122462 206911749
44131817 5147977
44151717 35916295
44170986 749517769
44181031 1255996
44200475 561710600
44214948 141827091
44244425 513525
44248591 206691576
44274157 851460200
44286109 171480516
44305169 547138080
44331757 892918170
44358388 694174362
44368558 714906304
44399959 318727311
44419595 41754188
44423529 44988464
44445029 25837026
44453852 119885046
44478137 262550769
44504745 274349460
44519776 65593705
44550718 142678404
44558254 581383895
44575680 108466148
44593715 405108176
44614056 889161525
44628544 31478250
44654351 455437752
44677798 216212328
44710555 12613986
44715616 399267070
44719091 1027147576
44740927 14223296
44745288 943702377
44775028 990077928
44802957 149618286
44804129 96097953
44811894 467190696
44817912 136118600
44819849 161444040
44823342 40419847
44843762 593570336
44855786 371204136
44859391 1042204944
44875658 649293690
44903327 440811955
44934680 182981800
44954982 143422400
44971875 252269154
44993035 120989700
44993068 694255185
45004685 905714940
45018380 126082084
45045137 29709680
45052306 696284352
45070001 294412921
45078633 146827525
45096214 168133680
45121831 719767512
45134740 465716790
45154728 21769540
45164876 732019916
45172162 243033480
45179827 237166140
45204560 65820430
45207182 204862680
45221507 57891552
45254272 78168720
45278614 473344
45299007 54998505
45307381 740575710
45324981 596839029
45353230 14086080
45379528 23907960
45397252 328560
45413038 22263861
45440672 205483806
45466908 394822280
45476544 107205488
45479647 244298688
45495514 1033824
45524688 287421420
45548524 437753033
45577547 53083758
45607557 1669370
45636032 247841100
45661543 70208115
45673756 4017950
45681300 46277583
45705292 33240060
45706331 327488088
45733177 267468000
45755740 564756566
45778196 81717012
45795133 4553385
45804792 19281876
45812255 9729018
45815130 218202192
45826730 197937383
45856228 922618872
45872108 397589500
45885924 61403951
45909247 745850118
45925760 502646991
45927619 97460216
45956467 24719688
45958099 145720421
45985328 521669225
45992471 215724501
46014411 690616500
46018105 91730420
46026274 736719303
46052752 86810175
46072905 540103056
46094031 486511168
46097232 240396114
46114096 12997643
46119690 161959002
46129315 44603823
46158732 78189573
46167479 791833140
46181284 149397844
46203372 600060474
46213029 196823484
46244448 325266075
46250091 282388243
46251907 751287130
46254222 363950067
46261487 235880020
46285128 598608573
46306365 476780568
46308772 127049195
46323974 81956405
46337314 61590774
46368523 129808144
46381817 162449280
46411221 208791324
46428369 94403812
46433006 514219084
46456500 219848564
46481685 143780240
46504620 441341254
46535611 153375701
46566528 455150496
46583373 468438901
46594453 51415796
46594730 206147370
46605834 887980301
46607733 555136299
46614189 125560680
46620094 522421350
46624659 10263510
46656475 242265672
46680193 69650280
46703862 100378734
46727052 45363645
46750305 196147692
46757588 344635092
46786638 352079073
46803014 93601480
46824457 569963709
46839289 194821442
46866837 243332775
46889650 143002304
46895053 208720288
46919864 144979650
46933264 453722532
46960943 2103125
46973131 22520228
46983106 637113760
47002603 207357933
47014248 45626322
47044544 206391528
47062459 389025123
47074171 147945176
47080517 78849060
47093974 288355296
47109843 310351575
47129685 155640210
47149800 15603266
47171768 373307296
47198951 414844535
47227949 376029528
47237053 136755378
47260676 96221840
47282493 806731170
47306124 243299504
47325850 57115750
47342595 317010357
47365324 769297382
47368275 324587329
47390446 953118642
47397812 492251337
47419404 936784828
47451657 142950915
47471356 463174088
47482919 696008000
47484773 76594880
47502598 313238080
47521584 222192324
47529770 705314220
47552803 722190600
47576417 694703700
47596668 182693280
47609666 548307060
47618554 203541689
47649457 233965797
47655105 371043200
47657970 20939765
47670560 527193810
47695269 15102464
47714391 608453070
47739233 370008288
47750902 689088200
47779942 213929198
47801240 63172960
47823418 119994820
47829306 143371149
47853766 732008110
47859582 262567478
47866604 771458281
47894480 342045190
47919943 13086792
47947858 64476780
47961396 22293462
47981853 479082368
48003565 136450212
48012654 411412708
48015097 134683120
48024806 375826411
48052704 9884901
48069897 628704888
48072567 56618388
48075984 107522940
48087778 332640165
48088857 69956352
48094649 111334016
48105825 549605966
48116622 37951323
48123453 17019808
48153443 554763356
48162455 271527921
48172397 559126020
48190914 172762074
48191185 501320448
48206612 30232657
48229339 262499475
48253871 192389130
48279421 207431076
48282830 546366554
48296116 604741834
48305632 20099200
48336828 665666592
48348762 72878582
48351708 277884120
48365884 6482448
48381642 670059920
48399300 11418687
48431762 107583378
48460274 48638610
48481829 192724284
48510453 369239472
48538514 18948358
48563142 18625828
48569655 696521028
48595880 932782542
48624903 53270104
48650608 235484516
48668241 216976732
48688882 40537693
48694605 1091349
48720397 68219180
48721909 37460317
48731740 33465798
48752522 803298150
48769951 266821760
48782710 10276650
48791686 55039935
48819465 32800004
48826773 296653615
48851419 15792026
48857439 59919816
