987 1997
1 73 812
2 73 812
1 578 567
2 578 567
1 273 925
1 943 814
2 943 814
1 986 906
1 752 463
1 620 458
2 620 458
1 915 832
2 273 925
2 752 463
1 777 895
1 238 543
1 336 506
2 915 832
1 330 432
1 361 758
1 875 389
2 330 432
2 238 543
2 336 506
2 777 895
1 415 570
2 875 389
2 361 758
1 406 733
1 89 752
2 986 906
1 645 343
1 869 243
1 700 731
2 869 243
2 700 731
1 220 504
1 212 304
2 645 343
2 406 733
2 415 570
1 414 354
1 18 210
1 424 87
2 424 87
2 414 354
1 280 11
1 932 654
2 932 654
1 656 771
2 656 771
2 212 304
2 280 11
2 89 752
1 399 934
2 220 504
1 525 628
2 525 628
1 262 569
1 154 723
2 399 934
2 154 723
1 867 809
1 541 601
2 867 809
1 677 587
2 677 587
2 541 601
1 56 391
1 825 42
2 262 569
2 825 42
1 851 710
2 851 710
1 849 477
1 460 320
1 531 642
2 460 320
1 702 159
1 141 859
2 849 477
1 154 930
2 702 159
2 141 859
2 154 930
2 531 642
1 480 333
2 18 210
1 711 162
2 480 333
1 364 98
2 711 162
1 877 487
1 267 131
2 267 131
2 877 487
1 170 667
1 287 261
1 3 620
2 56 391
1 508 494
2 287 261
1 760 635
1 604 47
1 301 822
1 917 131
2 508 494
1 453 77
2 364 98
1 571 751
1 903 438
1 946 782
2 946 782
1 966 254
1 648 671
1 794 246
2 571 751
2 794 246
1 318 844
1 767 983
1 745 835
2 745 835
1 932 609
1 222 756
1 158 839
2 903 438
1 49 684
2 453 77
2 604 47
1 195 158
2 158 839
1 934 589
2 917 131
1 139 581
1 398 207
1 614 494
1 317 709
2 398 207
2 614 494
2 301 822
1 381 433
2 381 433
2 932 609
2 49 684
2 317 709
2 139 581
2 222 756
1 453 904
2 934 589
1 642 159
1 62 553
2 318 844
1 211 476
2 966 254
2 760 635
2 767 983
1 395 914
2 648 671
2 642 159
2 453 904
2 395 914
2 211 476
2 170 667
1 426 814
1 94 142
2 426 814
2 195 158
1 167 918
2 167 918
1 682 455
1 436 333
2 682 455
1 827 399
2 827 399
1 27 679
2 436 333
1 147 518
1 597 429
2 597 429
1 15 109
2 147 518
1 127 489
1 7 587
1 407 337
2 407 337
1 977 369
2 977 369
1 535 300
2 535 300
2 127 489
1 325 78
1 549 75
2 549 75
1 87 140
1 463 61
2 463 61
1 775 166
1 347 634
2 325 78
1 946 491
1 315 740
1 818 84
1 482 858
1 424 818
2 424 818
1 917 911
2 315 740
1 591 617
1 117 627
2 775 166
1 764 807
1 473 976
2 917 911
1 383 792
2 764 807
2 818 84
1 285 642
2 117 627
1 850 87
1 496 315
1 439 331
1 660 79
2 62 553
2 591 617
1 693 363
2 946 491
2 850 87
2 693 363
1 580 811
2 580 811
2 285 642
1 898 941
2 660 79
1 649 93
2 347 634
1 363 788
2 363 788
2 87 140
2 383 792
2 649 93
1 657 632
1 556 444
2 657 632
1 420 689
1 570 525
2 27 679
1 429 902
1 931 429
1 33 293
1 922 364
2 898 941
2 439 331
2 33 293
1 544 943
2 544 943
1 199 262
2 420 689
2 922 364
1 569 333
2 429 902
2 931 429
2 556 444
2 473 976
1 351 241
2 199 262
2 569 333
2 351 241
1 834 492
1 79 838
1 867 330
1 894 926
1 9 838
1 385 468
1 457 157
1 971 475
1 43 926
1 696 391
1 331 163
2 834 492
2 696 391
1 294 792
1 4 143
2 457 157
2 867 330
2 294 792
2 482 858
1 721 844
2 894 926
1 844 977
2 971 475
2 721 844
1 612 140
2 331 163
1 299 799
1 434 581
2 434 581
2 496 315
2 385 468
2 299 799
1 79 132
1 179 811
2 9 838
1 730 767
1 351 271
2 844 977
1 33 749
2 612 140
1 409 238
2 730 767
2 409 238
2 570 525
2 351 271
1 428 596
1 718 580
1 77 639
1 343 814
1 334 760
1 794 808
1 340 946
2 718 580
1 701 662
2 794 808
1 633 593
2 334 760
2 340 946
1 809 263
1 144 84
2 701 662
1 735 878
1 339 424
2 633 593
1 498 612
1 55 636
1 419 661
1 924 24
2 924 24
1 520 355
2 809 263
1 198 516
2 735 878
2 419 661
1 143 393
1 791 21
2 791 21
1 863 902
1 66 310
2 863 902
2 520 355
1 303 187
1 414 953
1 726 813
1 735 405
1 75 717
1 730 361
2 414 953
2 726 813
2 730 361
1 578 524
1 768 165
1 236 19
2 43 926
1 383 76
1 339 854
1 40 186
1 808 797
1 120 958
1 554 778
2 198 516
2 808 797
2 120 958
2 79 132
1 794 281
1 671 453
2 179 811
1 818 670
2 818 670
2 554 778
2 794 281
1 109 139
1 955 70
1 394 633
2 498 612
1 515 708
1 600 117
2 955 70
2 303 187
1 201 776
2 394 633
2 768 165
2 339 424
1 670 824
2 201 776
2 339 854
1 764 691
1 317 792
1 181 847
1 266 935
2 55 636
1 536 332
2 317 792
2 66 310
1 877 965
2 735 405
1 639 644
2 383 76
1 621 522
2 877 965
2 343 814
2 181 847
1 161 537
2 428 596
2 515 708
2 764 691
1 829 965
2 829 965
1 418 807
2 671 453
1 208 298
2 670 824
1 150 318
1 485 430
2 639 644
1 446 401
2 621 522
2 600 117
1 455 679
1 124 486
2 418 807
1 249 987
2 578 524
1 148 771
2 124 486
1 7 837
1 774 986
1 54 575
2 536 332
1 65 693
2 774 986
2 485 430
2 455 679
2 446 401
2 266 935
1 30 152
2 249 987
2 236 19
1 44 194
1 882 592
1 44 780
1 301 185
2 33 749
2 882 592
2 301 185
2 208 298
1 649 258
2 649 258
1 579 118
1 2 404
1 559 236
1 251 838
1 293 665
2 54 575
2 65 693
1 667 825
2 667 825
2 579 118
2 559 236
2 293 665
2 251 838
1 907 28
1 512 579
1 919 385
1 794 467
1 965 658
1 706 14
2 794 467
2 75 717
2 512 579
1 572 93
2 907 28
2 150 318
1 232 456
2 572 93
1 389 758
2 232 456
1 463 814
2 148 771
1 500 243
1 103 749
2 965 658
2 919 385
2 389 758
1 357 854
1 422 539
1 61 943
2 706 14
1 772 259
1 629 797
2 422 539
2 772 259
2 357 854
1 665 27
2 463 814
1 230 800
2 665 27
2 143 393
1 886 591
1 53 291
2 500 243
2 886 591
1 25 215
2 629 797
2 230 800
2 161 537
2 144 84
1 874 341
1 272 117
2 272 117
1 306 165
2 874 341
1 652 160
1 235 342
2 306 165
2 235 342
2 652 160
1 194 380
1 154 774
2 194 380
1 550 812
1 601 144
1 54 936
1 196 953
2 196 953
2 550 812
1 303 118
1 984 917
1 564 901
2 984 917
1 226 263
2 564 901
2 94 142
1 832 721
1 982 481
1 192 618
1 460 370
1 88 926
1 928 300
2 832 721
1 73 733
2 928 300
2 460 370
2 192 618
1 688 874
1 137 348
2 303 118
2 44 194
2 601 144
1 878 622
1 225 734
2 878 622
2 982 481
1 912 59
1 607 357
1 238 236
2 607 357
1 212 262
1 943 918
1 26 196
2 688 874
2 912 59
1 215 832
2 137 348
1 124 846
1 195 609
2 943 918
2 109 139
2 238 236
2 15 109
1 113 701
2 226 263
2 225 734
1 985 683
1 277 564
1 850 773
1 268 278
1 820 454
1 606 279
2 268 278
2 606 279
1 828 881
2 215 832
2 820 454
1 732 926
2 985 683
2 277 564
2 732 926
1 879 581
1 936 32
1 281 864
2 936 32
1 497 784
2 879 581
2 828 881
1 30 179
1 818 405
1 387 224
1 833 52
1 243 274
1 936 408
2 936 408
2 850 773
1 208 780
1 448 385
2 818 405
1 337 733
1 815 819
2 815 819
2 448 385
1 947 12
1 721 285
2 243 274
1 576 159
2 947 12
1 459 545
1 260 732
1 155 33
1 882 329
2 833 52
1 608 764
1 237 521
1 825 869
1 771 406
1 968 726
1 559 951
1 959 825
2 721 285
2 825 869
2 771 406
1 71 760
2 195 609
1 779 913
2 559 951
2 959 825
1 90 293
1 47 718
2 576 159
1 881 11
2 337 733
2 779 913
1 198 784
1 453 324
1 892 71
2 881 11
2 608 764
1 175 936
1 819 953
2 260 732
2 819 953
1 77 469
2 882 329
1 252 217
2 892 71
2 175 936
2 968 726
1 822 964
1 831 326
1 590 357
2 822 964
2 831 326
1 769 251
2 497 784
1 654 612
2 387 224
1 131 674
1 405 617
1 128 891
2 769 251
2 405 617
1 697 354
2 697 354
1 885 909
1 390 337
2 885 909
2 590 357
1 855 7
2 198 784
2 390 337
2 208 780
2 855 7
2 654 612
1 910 407
1 682 748
1 827 721
2 453 324
1 848 308
1 152 747
2 459 545
1 500 258
2 281 864
2 682 748
2 827 721
1 922 184
1 250 798
2 922 184
2 500 258
2 103 749
1 693 688
2 693 688
2 848 308
1 463 764
1 579 458
1 600 386
2 152 747
1 130 428
1 754 636
2 600 386
2 579 458
2 910 407
2 754 636
2 463 764
1 396 388
1 352 626
1 335 837
1 48 464
1 837 965
2 335 837
2 250 798
1 268 524
1 151 670
1 222 200
2 837 965
1 481 622
1 69 484
2 481 622
2 237 521
1 124 107
2 396 388
2 352 626
2 268 524
2 252 217
1 853 84
2 53 291
1 484 211
1 303 338
1 860 601
1 861 441
2 151 670
1 440 551
1 253 614
1 286 421
2 853 84
2 860 601
1 722 858
1 7 970
1 37 845
1 674 661
2 861 441
2 722 858
2 674 661
1 515 62
1 769 677
1 692 772
1 826 975
1 329 583
1 445 976
1 827 731
2 692 772
2 212 262
2 440 551
2 515 62
2 826 975
2 827 731
2 769 677
2 484 211
2 445 976
2 329 583
2 286 421
2 303 338
1 891 633
2 891 633
2 253 614
2 222 200
1 392 605
2 392 605
2 88 926
1 876 215
2 876 215
1 623 19
2 623 19
2 2 404
1 553 439
1 464 138
1 175 474
1 596 761
1 143 508
2 596 761
2 553 439
1 5 90
2 464 138
2 175 474
2 155 33
1 903 930
1 137 858
2 903 930
2 7 587
2 154 774
2 143 508
1 835 119
2 835 119
2 137 858
1 481 410
2 481 410
1 219 90
2 219 90
1 140 203
1 677 682
2 677 682
2 140 203
1 573 907
1 427 338
1 34 651
1 270 569
2 573 907
2 427 338
2 270 569
2 90 293
2 131 674
2 130 428
2 128 891
1 919 476
2 919 476
1 580 976
2 580 976
2 124 846
1 382 473
2 382 473
1 15 521
2 124 107
1 898 362
2 898 362
2 113 701
1 47 1
1 209 760
1 646 48
2 646 48
1 453 202
2 453 202
2 209 760
2 79 838
1 934 946
1 357 620
1 170 737
2 934 946
2 357 620
2 170 737
2 77 639
1 98 634
2 98 634
1 783 898
2 783 898
2 77 469
2 73 733
1 862 558
1 748 10
1 717 369
1 81 713
2 717 369
2 748 10
1 592 672
1 358 982
1 544 243
2 862 558
1 188 410
2 544 243
1 67 367
1 159 846
2 592 672
2 25 215
1 142 388
1 263 182
2 358 982
2 263 182
2 188 410
1 652 101
1 284 458
1 604 924
2 604 924
2 652 101
1 803 399
1 467 235
2 26 196
2 284 458
2 803 399
2 142 388
1 365 330
1 560 324
1 794 637
2 30 152
2 794 637
2 365 330
1 213 411
2 560 324
2 15 521
2 467 235
1 173 77
1 727 193
1 239 404
1 30 794
1 243 412
2 727 193
2 243 412
1 952 239
1 545 798
2 545 798
1 65 525
2 30 179
2 952 239
2 239 404
1 742 174
1 863 926
1 495 101
2 863 926
1 603 856
2 213 411
1 245 781
2 67 367
1 299 213
2 299 213
1 944 405
1 660 668
1 83 800
1 862 453
2 245 781
2 862 453
1 385 546
2 385 546
1 656 478
2 944 405
1 318 218
1 486 636
1 551 965
2 81 713
2 742 174
2 660 668
2 486 636
2 656 478
1 441 724
2 603 856
2 551 965
1 698 344
1 244 170
2 318 218
2 698 344
1 976 502
2 976 502
2 495 101
2 441 724
2 244 170
1 399 821
1 208 495
1 583 730
1 269 193
2 159 846
1 941 549
2 941 549
1 953 836
1 931 160
2 931 160
2 269 193
1 980 220
2 47 1
2 953 836
1 35 275
2 583 730
1 57 762
1 651 265
2 208 495
2 980 220
2 651 265
2 399 821
2 173 77
1 448 76
1 435 5
2 435 5
1 513 575
2 7 837
1 237 721
2 513 575
1 907 823
2 237 721
1 682 713
2 5 90
1 851 694
2 682 713
2 448 76
1 41 3
1 110 282
1 427 734
1 848 179
1 822 777
1 980 727
2 822 777
1 643 984
1 847 879
2 30 794
2 643 984
1 157 429
1 797 665
1 844 247
2 797 665
2 844 247
2 427 734
1 518 500
1 569 794
1 479 975
2 479 975
2 34 651
1 655 710
1 144 842
2 847 879
2 518 500
1 552 152
1 780 611
2 552 152
2 780 611
1 542 886
1 762 962
2 907 823
2 57 762
2 542 886
1 809 966
2 569 794
2 144 842
1 367 349
2 367 349
1 949 847
2 655 710
2 762 962
2 71 760
1 954 252
1 547 766
2 547 766
2 809 966
1 446 617
2 110 282
2 446 617
1 385 814
2 848 179
1 76 548
1 947 477
2 851 694
1 937 931
1 585 959
2 385 814
2 937 931
2 157 429
1 409 108
2 409 108
1 983 8
1 639 941
2 585 959
2 639 941
1 433 707
2 947 477
2 76 548
1 544 372
1 281 175
1 807 316
2 281 175
2 807 316
1 358 454
2 949 847
2 980 727
2 358 454
2 544 372
1 737 370
1 382 134
1 444 459
1 488 648
1 435 889
1 296 204
2 737 370
2 382 134
1 117 297
2 954 252
1 728 433
2 433 707
1 731 801
1 402 150
1 94 471
2 983 8
1 290 805
1 460 569
1 728 922
1 613 818
2 290 805
1 801 452
2 296 204
1 457 508
2 801 452
2 402 150
2 613 818
1 563 212
1 600 261
2 435 889
2 94 471
2 731 801
1 381 926
2 728 922
2 728 433
1 68 564
1 399 828
1 859 549
1 331 34
2 331 34
1 724 623
1 376 249
1 199 219
1 268 494
2 724 623
1 966 622
1 837 612
1 984 938
2 837 612
2 268 494
1 546 608
2 859 549
2 117 297
1 445 244
1 125 938
2 966 622
1 603 525
1 584 980
1 225 66
1 876 612
2 376 249
1 775 88
2 876 612
1 828 456
2 41 3
1 232 975
2 35 275
2 546 608
2 444 459
1 422 389
1 856 337
2 422 389
2 445 244
2 775 88
2 199 219
2 984 938
2 856 337
1 480 190
2 828 456
2 381 926
1 644 141
2 644 141
2 603 525
1 438 352
1 268 772
2 600 261
1 198 379
2 584 980
1 128 23
2 563 212
2 488 648
1 905 626
2 399 828
1 120 516
2 268 772
2 905 626
2 480 190
2 460 569
2 457 508
1 658 176
1 699 173
1 1 830
2 699 173
2 125 938
1 226 740
2 658 176
1 350 986
1 524 129
2 524 129
1 196 538
1 913 718
1 89 215
1 739 849
1 6 222
1 865 794
2 739 849
1 322 316
1 869 355
2 226 740
1 582 136
2 322 316
1 460 23
1 868 127
1 234 124
2 582 136
2 54 936
1 766 328
1 898 158
2 865 794
1 885 500
2 766 328
2 868 127
1 601 424
2 601 424
2 869 355
1 84 268
1 212 262
2 913 718
2 885 500
2 898 158
2 438 352
2 350 986
2 460 23
1 617 917
1 89 535
2 617 917
2 234 124
1 381 600
1 714 751
2 196 538
2 714 751
2 381 600
1 747 429
1 131 874
1 705 581
2 705 581
1 930 89
2 212 262
1 813 287
2 128 23
2 747 429
1 373 386
1 423 549
1 759 493
2 373 386
2 930 89
2 423 549
1 7 563
1 142 957
1 701 709
2 701 709
2 198 379
1 35 411
1 236 410
2 813 287
2 759 493
2 236 410
1 464 514
1 805 742
2 805 742
1 482 492
1 594 35
2 594 35
2 482 492
1 771 268
1 797 253
2 464 514
2 771 268
2 797 253
2 232 975
2 225 66
2 35 411
1 942 350
1 906 803
1 680 655
1 853 406
2 942 350
1 658 27
1 35 223
1 42 302
2 61 943
1 11 749
2 658 27
2 853 406
1 725 901
2 680 655
1 794 802
1 196 289
1 24 544
1 918 731
2 725 901
2 794 802
2 918 731
1 394 364
2 89 215
1 826 503
1 93 581
1 377 631
2 377 631
1 720 293
2 720 293
1 486 729
2 394 364
1 719 90
1 627 401
2 196 289
2 142 957
2 35 223
2 826 503
1 544 715
1 386 725
1 617 121
2 906 803
2 719 90
1 76 226
2 627 401
1 670 615
2 386 725
1 472 249
2 120 516
1 99 308
1 281 364
1 744 641
1 845 919
1 631 581
1 45 220
1 398 674
1 2 274
2 281 364
2 398 674
1 414 746
2 544 715
2 845 919
2 744 641
1 497 587
1 295 151
1 100 844
2 472 249
1 211 405
2 670 615
2 76 226
1 57 773
1 56 627
1 669 211
2 295 151
1 888 947
2 888 947
2 414 746
1 800 309
2 24 544
2 617 121
1 329 7
2 211 405
1 498 791
1 207 656
1 618 489
1 759 949
1 624 640
1 227 648
2 759 949
1 949 421
1 471 315
2 227 648
1 1 592
2 329 7
1 400 580
1 757 724
2 400 580
2 471 315
1 958 773
2 949 421
2 486 729
1 378 252
2 958 773
1 875 344
2 497 587
1 392 791
1 870 726
1 197 767
2 378 252
1 902 287
2 624 640
2 757 724
1 371 284
1 293 793
2 870 726
1 387 367
1 826 834
1 470 424
2 669 211
1 353 799
1 889 822
1 681 277
2 47 718
1 987 906
1 147 956
1 931 415
2 618 489
2 800 309
1 797 445
1 213 139
2 131 874
2 889 822
2 875 344
2 826 834
2 631 581
1 829 173
2 470 424
2 387 367
2 987 906
1 576 323
2 207 656
1 571 46
1 690 814
2 681 277
2 931 415
2 902 287
1 169 868
1 956 862
2 37 845
1 353 217
1 27 111
1 628 772
2 293 793
2 829 173
2 353 217
1 55 476
2 956 862
1 668 730
2 65 525
1 880 50
1 247 259
1 599 442
2 353 799
1 944 548
2 197 767
2 83 800
1 360 764
1 727 296
1 868 955
2 571 46
1 833 411
2 880 50
1 450 454
2 450 454
2 498 791
2 668 730
1 802 94
2 360 764
2 944 548
2 576 323
2 147 956
2 868 955
2 247 259
1 767 377
1 681 132
1 845 583
1 969 866
1 602 855
2 833 411
2 969 866
2 213 139
2 599 442
2 48 464
2 797 445
2 371 284
2 602 855
1 696 920
2 392 791
1 217 349
1 612 938
2 169 868
2 845 583
1 171 487
1 480 60
2 480 60
2 727 296
1 285 122
1 85 79
2 217 349
1 932 472
1 915 384
2 84 268
1 163 166
1 803 456
1 901 362
1 192 884
1 488 765
2 85 79
2 488 765
1 575 383
2 767 377
1 18 189
2 575 383
2 192 884
2 901 362
1 222 177
2 285 122
1 70 538
2 612 938
1 292 341
1 112 666
1 666 76
1 233 824
1 685 216
2 292 341
2 932 472
1 401 32
1 405 656
1 884 940
1 107 875
1 247 7
1 856 848
2 628 772
1 802 98
1 764 415
1 432 868
1 716 618
1 676 55
1 906 807
1 926 762
2 856 848
1 233 871
2 666 76
1 846 198
1 160 736
1 140 771
1 250 752
2 250 752
2 401 32
2 676 55
1 451 577
2 846 198
1 149 473
1 30 660
2 681 132
2 906 807
1 98 598
2 685 216
2 222 177
2 140 771
2 233 824
1 903 273
1 632 603
2 171 487
2 926 762
1 579 462
2 915 384
1 213 304
1 374 608
2 160 736
1 540 126
1 810 11
1 690 212
1 961 822
2 432 868
2 632 603
2 405 656
2 716 618
2 884 940
2 55 476
2 163 166
1 237 75
2 696 920
1 48 505
1 430 271
2 149 473
2 764 415
2 802 94
1 949 86
2 540 126
1 559 885
1 490 552
1 381 172
1 779 144
2 961 822
1 585 924
1 158 830
2 903 273
2 374 608
2 213 304
2 233 871
2 802 98
1 926 279
1 923 697
2 70 538
1 102 595
1 81 651
2 779 144
1 200 108
1 685 265
1 298 97
1 136 125
1 205 424
2 56 627
1 558 677
1 189 628
2 803 456
2 949 86
2 381 172
1 166 778
2 237 75
2 810 11
1 275 885
1 916 222
1 455 915
2 916 222
2 926 279
2 430 271
1 921 904
2 247 7
1 583 219
1 751 173
1 667 264
2 921 904
2 685 265
1 442 508
1 631 98
1 271 75
1 920 275
2 920 275
1 475 24
1 341 858
2 923 697
2 751 173
1 514 64
2 667 264
1 549 850
1 445 643
1 742 147
2 271 75
2 189 628
2 112 666
1 888 209
1 97 570
1 266 760
1 458 525
2 888 209
2 549 850
2 442 508
1 899 27
1 225 745
1 49 192
1 882 716
1 352 78
2 445 643
1 20 284
2 882 716
1 718 824
1 633 815
1 512 102
2 48 505
2 899 27
1 398 676
2 298 97
2 158 830
2 742 147
2 341 858
2 166 778
2 475 24
2 451 577
2 718 824
1 472 541
2 455 915
2 200 108
1 272 491
1 862 102
1 608 97
1 548 661
1 486 110
2 862 102
2 398 676
2 266 760
1 412 750
2 136 125
2 690 814
1 440 122
1 485 323
1 449 791
1 560 879
2 690 212
1 409 297
2 225 745
1 181 556
1 364 144
1 296 86
1 348 71
1 417 694
1 428 840
2 348 71
2 49 192
2 272 491
1 147 110
1 238 585
1 672 670
2 672 670
2 485 323
2 558 677
1 698 68
1 838 567
1 87 171
2 512 102
2 409 297
2 838 567
2 93 581
2 579 462
1 66 519
2 698 68
1 403 175
1 876 427
2 81 651
1 981 494
2 238 585
1 193 72
2 583 219
1 913 332
2 352 78
2 486 110
2 296 86
2 364 144
2 87 171
2 193 72
1 166 209
2 981 494
1 819 371
1 764 719
2 205 424
2 57 773
1 911 457
2 876 427
1 700 247
1 821 440
2 913 332
2 89 535
1 898 566
1 44 273
1 84 844
1 769 678
1 169 385
2 608 97
2 911 457
1 273 78
2 403 175
1 984 765
2 273 78
2 700 247
1 900 460
2 898 566
2 585 924
1 193 842
2 412 750
2 900 460
1 853 476
2 764 719
1 386 370
2 166 209
1 347 872
1 122 812
1 743 633
2 853 476
1 580 248
2 559 885
2 984 765
2 347 872
2 821 440
2 490 552
1 699 484
2 147 110
1 67 553
2 440 122
1 980 827
1 852 353
1 288 849
1 841 155
1 312 106
2 169 385
2 449 791
1 745 305
1 534 435
2 417 694
2 275 885
2 841 155
1 210 484
2 769 678
1 151 3
2 743 633
2 288 849
1 863 787
2 699 484
2 745 305
1 765 94
2 428 840
1 172 839
1 619 531
1 867 799
1 591 550
2 514 64
1 127 426
1 324 930
1 343 926
2 765 94
2 458 525
1 110 392
1 805 566
1 619 373
2 805 566
2 66 519
2 534 435
2 18 189
2 980 827
2 819 371
1 515 144
1 462 698
1 398 427
1 932 465
2 560 879
2 852 353
2 67 553
2 462 698
1 288 91
1 498 509
1 690 290
2 863 787
2 210 484
1 360 476
2 324 930
1 805 147
1 51 526
1 543 282
1 465 820
2 84 844
2 805 147
1 964 349
2 27 111
1 917 554
2 288 91
1 341 242
1 846 866
1 537 390
1 259 595
2 172 839
2 548 661
2 312 106
1 893 16
2 498 509
1 386 542
2 341 242
2 537 390
1 499 748
1 868 486
1 688 32
2 181 556
2 343 926
2 964 349
1 47 727
2 688 32
2 40 186
1 635 487
1 334 699
2 259 595
2 398 427
2 465 820
1 41 501
1 808 756
2 932 465
1 41 958
2 193 842
1 361 849
2 917 554
2 334 699
2 360 476
1 501 785
2 690 290
2 515 144
1 26 412
2 472 541
2 361 849
1 509 885
2 386 370
2 808 756
1 494 409
2 846 866
1 778 140
1 957 161
2 867 799
1 853 615
2 386 542
2 494 409
2 499 748
2 501 785
1 422 429
2 778 140
2 26 412
2 853 615
1 172 494
2 868 486
2 422 429
1 42 465
1 133 208
2 591 550
1 263 802
2 580 248
2 41 501
1 492 754
1 762 398
2 102 595
1 389 272
2 543 282
1 571 243
2 389 272
2 762 398
2 893 16
1 105 937
1 736 153
1 438 790
2 736 153
2 957 161
1 35 569
1 152 307
1 604 909
2 571 243
1 760 821
2 760 821
1 829 228
2 97 570
1 275 182
2 829 228
1 515 939
1 579 363
2 492 754
2 438 790
1 431 394
1 931 891
2 35 569
1 105 879
1 50 794
2 275 182
1 751 319
1 686 981
1 471 206
2 631 98
1 759 194
1 334 156
2 931 891
2 759 194
1 699 733
1 282 659
2 263 802
1 806 822
1 42 183
2 282 659
2 471 206
1 906 735
2 906 735
2 334 156
1 117 676
1 458 837
1 879 294
1 729 906
2 879 294
2 431 394
1 422 831
2 422 831
1 551 32
2 458 837
2 509 885
1 472 240
1 978 599
2 978 599
1 589 254
1 659 47
1 680 805
1 77 571
2 515 939
1 761 744
2 551 32
1 830 495
1 226 240
2 11 749
1 799 475
2 172 494
2 579 363
1 126 437
1 491 257
2 830 495
1 611 493
2 806 822
1 850 506
2 20 284
1 358 138
2 850 506
2 226 240
2 358 138
1 648 504
1 386 799
2 386 799
1 686 532
1 769 213
2 799 475
2 98 598
1 309 396
1 758 202
1 741 941
