1000 100 2690000
194 320
320 473
473 985
194 755
194 922
320 857
852 922
473 987
473 647
194 563
340 987
664 985
857 921
44 664
30 987
306 340
394 664
394 522
306 550
286 340
533 647
204 563
409 647
51 394
550 806
652 921
557 563
469 563
477 806
97 522
30 582
51 565
913 921
44 907
208 907
9 469
678 806
13 557
409 465
913 942
9 670
97 858
469 751
294 465
24 907
670 692
614 942
24 142
443 751
231 858
335 678
465 742
684 942
208 656
443 712
670 787
13 974
440 942
24 281
358 656
415 684
480 787
518 974
595 656
48 692
404 595
855 974
753 974
435 440
125 404
823 855
396 415
115 684
263 712
89 281
358 738
396 831
440 456
45 125
358 674
518 967
276 823
213 823
173 967
823 938
173 211
256 938
276 426
881 938
396 669
89 298
173 849
115 662
256 927
276 458
613 669
613 961
458 866
298 851
458 729
252 669
353 927
479 851
479 616
252 423
338 866
612 729
338 680
489 680
257 851
848 851
537 849
478 662
537 819
198 478
124 848
135 537
266 479
124 549
537 717
679 819
160 489
93 680
612 976
198 218
16 612
615 848
257 531
124 300
510 549
134 976
499 510
300 447
105 124
135 386
317 510
117 499
447 939
447 527
16 634
300 363
55 939
134 322
99 218
5 527
253 322
69 117
322 459
447 741
134 764
55 299
499 642
217 299
299 763
18 363
77 527
217 365
77 476
18 888
232 459
232 776
207 776
5 249
249 714
77 984
233 764
18 37
763 807
364 888
207 954
476 552
280 888
119 807
207 940
37 438
280 555
365 708
265 714
708 944
343 807
984 992
314 364
150 555
768 984
150 523
757 944
271 364
891 992
265 799
758 944
150 189
91 271
704 940
91 887
343 587
704 945
497 758
327 758
182 891
697 891
91 739
768 774
282 704
793 799
295 774
271 484
695 758
587 644
177 295
295 405
556 739
133 282
64 704
282 946
739 889
695 997
96 774
182 600
76 644
592 695
601 946
602 695
601 801
401 592
96 203
11 644
20 695
50 997
20 370
133 288
64 876
76 960
203 333
932 960
783 960
721 997
325 721
288 812
50 567
214 960
92 370
50 470
341 876
20 530
50 436
58 567
92 804
701 932
370 792
785 932
470 619
273 341
287 792
721 723
341 446
792 820
58 272
92 826
436 859
214 226
390 619
81 723
530 916
174 859
316 390
272 302
543 723
272 649
313 390
375 723
223 826
603 916
603 924
167 603
482 924
174 315
272 558
315 914
309 315
475 543
223 228
73 558
475 507
80 228
475 702
159 543
166 603
649 749
223 995
603 903
482 583
73 661
507 919
618 914
309 838
26 80
378 702
148 618
583 834
507 637
148 534
705 838
41 148
57 148
148 899
131 899
147 618
148 373
393 583
32 834
640 705
378 999
152 637
899 929
393 548
41 301
417 929
548 898
301 833
107 534
131 431
373 737
107 981
57 377
114 899
548 728
151 393
920 929
122 981
32 786
377 611
384 898
152 183
383 431
383 442
760 981
112 384
377 508
151 864
122 842
381 611
577 864
154 377
186 760
186 495
291 611
112 900
237 864
442 709
186 255
186 402
62 291
255 352
352 590
237 245
842 845
865 900
33 352
154 356
224 255
791 865
490 590
845 896
33 596
351 845
164 791
351 893
346 709
346 949
346 699
33 441
590 624
893 965
202 893
60 791
184 596
162 346
56 699
624 811
224 941
509 624
56 769
449 893
432 965
346 794
694 893
449 909
610 699
121 965
121 665
178 811
169 811
153 449
660 941
795 811
184 734
410 769
520 660
432 779
185 410
19 432
153 278
19 700
169 450
278 572
354 520
153 227
520 529
665 868
467 795
308 795
278 463
529 948
948 951
572 959
19 46
278 536
308 336
455 948
22 450
84 948
354 408
750 959
176 868
227 434
455 504
434 483
285 959
176 538
21 46
434 743
538 780
472 780
743 870
483 824
750 839
176 933
84 427
116 434
538 681
372 839
296 681
538 863
235 427
116 342
21 597
181 427
597 873
181 368
524 839
43 824
235 991
100 933
464 681
513 597
326 368
43 926
181 605
296 337
181 561
235 261
52 337
526 597
451 526
284 597
464 593
157 873
539 991
120 926
52 802
157 886
100 672
421 605
157 339
605 963
526 911
79 261
539 676
329 337
258 911
329 906
578 593
444 672
421 947
672 727
319 886
120 528
578 805
319 400
292 911
506 963
79 934
201 911
158 934
54 963
589 676
589 829
102 444
568 829
201 688
102 671
589 817
145 727
292 957
102 847
568 977
158 305
161 847
102 541
305 641
102 635
161 310
102 196
766 847
445 589
589 813
102 736
500 813
500 655
161 667
106 813
225 635
242 655
242 380
445 581
977 978
111 500
225 880
581 781
106 861
106 279
380 720
691 766
248 445
242 547
395 691
930 978
380 862
225 746
323 720
168 746
323 648
283 930
238 781
781 988
87 248
860 880
279 430
239 430
706 930
188 746
547 747
691 877
746 798
132 860
188 376
29 862
682 877
304 988
376 419
853 877
747 816
747 840
29 632
687 988
304 562
132 623
29 808
570 687
132 953
544 877
856 877
149 623
516 853
419 626
146 544
359 626
146 471
332 471
551 808
359 827
6 808
332 633
544 604
425 471
246 856
425 871
195 856
65 633
149 659
544 625
47 633
149 221
359 744
389 659
659 879
388 871
827 872
625 713
744 822
47 535
389 486
389 420
744 830
246 251
362 830
221 825
172 659
47 498
389 762
731 822
75 486
221 638
498 519
362 707
367 535
27 762
627 825
437 825
210 825
137 210
437 956
75 698
437 970
1 707
698 846
98 210
27 586
262 638
367 666
502 956
197 586
27 205
367 980
197 832
205 748
1 686
205 789
901 980
761 832
586 972
586 937
841 972
690 846
321 761
846 983
972 975
429 690
220 321
574 983
344 429
952 983
599 690
835 983
139 748
711 761
686 735
460 574
171 321
675 972
936 937
85 711
429 784
690 790
357 835
85 493
357 950
460 553
190 493
391 835
141 835
357 982
553 775
357 654
391 418
361 493
240 950
357 576
68 171
361 369
347 553
772 784
269 369
141 350
259 269
493 525
361 488
141 303
104 141
193 576
775 966
710 772
143 576
347 928
63 576
240 726
725 772
525 650
347 348
260 348
94 348
156 259
94 646
726 814
215 348
200 303
928 931
260 897
118 814
83 143
290 710
156 514
521 725
156 277
514 636
215 771
156 905
4 646
782 931
277 607
113 782
108 782
607 745
165 897
113 935
267 897
108 136
136 448
254 935
511 745
387 448
187 277
165 598
254 546
165 733
113 917
598 989
607 756
491 989
645 733
884 935
267 882
448 943
598 973
267 575
307 989
546 767
254 594
49 973
243 882
144 575
591 943
411 733
462 756
453 733
591 892
2 594
163 892
462 730
163 732
591 693
575 609
138 609
10 243
53 144
126 462
163 247
163 719
86 609
374 609
138 867
809 867
462 573
606 693
651 732
212 573
609 968
126 492
212 318
14 86
53 703
199 492
126 777
199 765
241 606
492 657
35 703
192 241
492 979
703 969
28 606
35 468
818 969
468 554
349 765
155 349
501 657
501 584
349 696
241 653
452 777
579 765
155 334
42 501
241 560
560 923
35 209
532 923
422 969
155 312
414 923
78 414
66 452
88 334
334 564
457 560
42 617
564 837
312 371
234 564
414 996
78 270
234 275
236 996
275 366
366 797
571 996
270 885
885 908
234 894
407 571
3 837
360 564
236 311
617 715
778 885
72 885
268 837
366 740
236 474
461 908
17 407
311 330
311 915
331 908
461 620
740 902
17 875
621 894
101 620
101 844
428 902
230 915
902 971
101 689
71 428
328 844
128 268
621 910
38 620
230 382
328 962
12 844
12 643
878 971
31 621
250 382
39 643
191 971
71 412
433 962
428 890
955 971
689 874
128 630
12 569
274 890
274 424
663 962
39 850
392 874
773 874
566 773
250 416
505 566
229 569
25 566
821 850
90 566
179 424
324 392
25 70
206 392
25 677
109 392
74 179
127 416
622 850
7 416
206 222
566 770
70 129
7 466
90 673
74 293
90 512
206 912
759 770
179 216
264 677
206 836
7 385
379 622
466 722
385 716
293 724
129 1000
110 129
180 912
170 512
413 512
129 219
466 895
379 685
413 585
36 895
716 958
110 854
722 993
345 958
494 895
170 998
724 990
608 724
494 815
403 895
140 685
454 998
59 180
754 958
15 59
545 854
398 608
403 481
454 803
796 993
796 964
803 918
588 918
23 345
59 658
140 439
67 403
8 59
15 718
399 403
82 481
439 994
15 580
628 658
631 964
406 439
439 517
297 918
297 355
8 639
496 639
580 683
683 925
439 843
82 103
439 828
399 986
580 668
103 123
244 994
297 800
485 925
34 828
559 986
485 810
406 904
629 800
175 925
752 986
542 639
515 668
540 752
61 904
95 843
40 810
397 810
123 503
542 883
61 289
487 752
289 869
130 542
487 788
