30 30 26459675 146914502 26373875 820794341
338811365 137481459 745915685 315656241 719503326 726682574 873511440 460181041 323176811 157291041 239472938 228654715 626961106 603098470 160631015 54675093 444672153 880991135 920248259 505197243 349924338 358943853 244025647 393741048 59424248 79050193 53780099 58825116 899824541 163861836 
627317915 91152258 153859647 373233601 406808499 873362973 99916175 132836292 333544014 275609339 290127333 425533304 504264054 917088439 28631774 664895069 824279884 473303927 398402556 597044495 978501171 748326894 808504700 75043170 142067943 867928948 154093363 48364394 779270417 906434257 
212226230 406588332 997586515 366085878 632338285 256911367 239448851 584770813 389747659 425509218 860380152 679874992 851042522 217160558 449479783 879674297 882055627 126276019 205494576 132974535 575836867 36512099 881301429 384341567 111555270 23369372 104786868 118164985 71733767 884057285 
24599242 136476349 143161969 874702110 502562227 775500255 984129829 742011079 212787420 226393840 20036649 73167572 906268832 871079171 290328130 208264967 603269820 24900109 187057338 808764397 157874644 762894205 697792848 39176073 147235773 661864470 915061798 104538993 780029456 839311917 
841112630 657145050 975788266 984274599 384363512 330866846 612291206 221009693 72877925 825078626 447403533 92914574 750762550 206188717 816510097 41090680 414453684 419779918 918507141 601511023 81060667 76381785 216921580 778853515 968074211 216673705 293234338 735652361 321212698 73263794 
427480630 14841680 582925196 255785248 999116280 819805061 586652094 463923838 40814754 512046371 141518817 488218288 457477297 892281367 694407005 126503747 785888400 961377042 546283665 556911893 415404417 479860684 485810031 632325997 111230551 306400594 848999703 404464889 42052955 22728753 
330245035 322049937 37570434 913170232 430351537 36686714 585491645 17003632 353126904 626306399 381566355 347162073 967041039 691560005 91959793 513964397 818063752 877848193 475341439 216863769 287276438 890745856 696724453 773086469 375588205 807955004 79487063 224587908 212419894 974056370 
247316662 542664929 148622659 284887096 308351513 578974197 174090162 893843158 448494181 379733418 372665910 830060536 726895492 192223301 374136893 818855285 706187698 192200645 549219830 34045489 409064414 836496268 924791345 105788867 609582738 152895903 766260224 541586153 377483811 978680118 
515642524 477316825 373861399 664265183 762203921 534729265 95755732 788810435 281088775 544249913 168543854 653754685 226826802 895439346 845977987 600963695 566810983 404682037 793164341 116030813 438727527 54745107 952527081 216035224 13050327 414626171 368931127 779310551 956212325 746414939 
610507021 324371201 76248116 836884772 841152736 838452038 371614037 936908469 479778825 652702813 481158382 648322679 158973850 707985184 396278377 857468189 161465232 963089360 262150227 954629573 931636525 700877754 861891032 736679959 916912978 874941359 3822482 138360458 506768262 960034807 
884775397 969791635 136922360 961023513 806676408 978075097 651991903 30806797 767499918 131770729 536025962 101174652 632609760 694999813 809159837 881404490 404984354 970625069 697010202 667134581 777770994 628646728 220528687 492178378 217843039 989958018 219636090 221665521 128318476 726404352 
34216681 865610225 548712340 171139041 679150090 207905100 1730490 183658346 238711897 769230408 167945427 774737860 870405061 800555187 322254025 532081250 534476029 727238379 355222671 231486232 246889313 985510017 712649312 319934352 477688395 930492351 309892370 697324485 152157872 290727198 
276245190 186374553 156337423 824957530 210029947 835487514 32862630 211760437 19145860 124090879 833507198 39607639 751345091 556428611 840162826 73599116 88509861 227155208 653353848 296248884 458641440 752759513 134275253 23807104 72693865 611963648 954299455 235102588 161804486 106457327 
525829786 290566028 145348233 682167210 115523558 355378180 370171076 902540 419654969 241833288 977509771 253162167 281440927 728854863 809590778 974120105 654970331 750616991 201275313 160840531 899382227 512433105 913600044 33657480 536240209 838810262 498137481 490539664 73912850 659941967 
449513344 599742636 950507995 447377929 134426198 918547905 802756109 357113626 771966797 74927430 598946914 601992920 328089598 732904193 183364135 990196728 707024299 838334467 593330072 760815964 851691350 492712299 273249070 617807747 378886132 809489279 456618009 877023613 152545296 383047211 
389481932 454574992 982789847 192506279 901952921 969732398 111054184 557225382 326846024 735537333 632152812 778309291 190046605 960242410 511213484 373410741 802955491 70754135 64261560 396285563 831570100 915952910 741514214 957335522 533760657 120400346 619341153 842895018 997423959 771886449 
225942229 239422243 78977793 61248429 431928522 980930714 30980827 395499058 538156096 210343203 131036391 22825261 988652494 173599349 983067671 352382331 547010090 638539514 275652818 611271650 34825077 107222918 527224560 628855644 917074792 913501570 749255990 536415946 756396588 599196302 
160818747 834855170 838618545 239796541 896103599 123063420 73243607 779600778 518562478 611399704 842460333 502115222 634224965 683629180 675714571 469808988 36011511 222724661 108348503 164180681 833996311 995689932 123919952 213737223 477061928 40994744 127238793 78834271 429927042 736151734 
678030573 590745790 423523256 369165470 683058683 172143207 492228890 756302290 951743985 10791369 220218346 646720670 365422943 854443311 330349850 41137514 176768652 218877713 116378527 137633507 383058395 950374838 985839791 506978347 16628413 462901720 400489443 996383559 541735991 830416486 
585051645 72282916 273678628 8574901 293964738 956737311 180718108 786193629 713039601 984978445 649501350 933257948 631699115 14924293 640217611 814565318 908578159 669502615 33443031 24956686 807136122 269017778 827847876 645492266 628512477 844476289 108393986 29001921 693376200 502646329 
859418407 278427845 427445597 133097035 139519098 721410335 942350698 320237206 360120316 507906651 157732003 9621666 293680951 789431119 877062311 933898563 456512789 638156822 455917530 342472172 663113508 115570005 611489951 343477736 761062271 92518780 40470378 721972609 121520701 733846578 
77135290 833455460 12274424 504580887 819068847 4309874 225991222 761419545 324547081 586111539 121842549 482279084 448249557 415523500 124226555 177828221 201938415 580739344 815985043 657855946 923211517 331614904 773425951 387217820 675092640 534488222 479736600 715563018 108977183 453773654 
301925949 186112473 287229114 166716725 690693360 106297962 171026599 916684582 720233859 495573680 355312473 842076408 830369117 656078383 110116261 954595672 833906604 312054676 387851369 502407999 969910622 163579238 686539255 743336573 403313410 214148248 130341147 883050010 929711266 239318330 
189340016 84153567 425430803 476569131 250870292 116124163 435383445 421896892 885325098 8133656 917470572 93153923 702726417 600356041 749232306 812842678 407468066 435655262 124897354 795319435 790579614 94807977 811415025 477118869 690660902 214728435 691267117 673518402 950294797 473494736 
912836732 139634814 557648303 190783888 468720297 808518596 159424403 904103742 82931840 897265853 764753750 402412 990419777 467480167 453274806 592168435 132839197 860742872 880340050 257736552 508578659 670919664 205060881 319993684 554885 748238135 387238471 544338355 421756537 337533268 
17833091 187109622 329684434 427997746 230409862 798404731 89032694 389834265 555024825 171964534 139616471 319778576 24883299 130036248 639775095 478158105 574721035 772614293 191417329 307577437 30350845 699995988 978497101 87928078 19989672 831568339 836166213 259744495 375906694 110439103 
597277763 246256137 150065077 926962198 526770235 380474939 577883281 615802930 770309204 132908107 640283816 909925675 305203035 665167115 892478275 944978130 995841572 319715663 717592423 187258901 627293100 600459620 887254889 458306554 540904050 759760913 142391245 229586616 19505408 518297939 
340025719 469299524 617070428 490090796 248778074 143840663 870565735 826661355 612159945 493391291 812085814 252443762 255833319 117288849 770127229 827946 62266980 765968802 173059961 632375755 805744055 800353062 85351728 545515297 111175968 626255778 157792562 253567213 855842394 29814323 
624381504 48384465 499113847 241451932 390991613 600408273 237808947 114073700 279585980 849968893 607464992 91671795 102412655 715814663 61476996 725056236 716642609 123743976 343541390 889702571 608636084 149285446 542571985 546504164 694800743 506264305 25276294 852593305 759831518 881118689 
882407628 236729374 782019506 234037827 478181306 173011120 834446100 715990253 287084820 114032081 418475498 747066164 58220228 373404505 462880827 119697224 98460742 32039789 95957553 442002132 774258712 557109989 443803930 169347049 103614153 138604673 675611354 128890447 843714331 287959224 
