11
238 -180 -587 468 710 148 174 -266 552 730 -500 
203 202 -170 231 -179 -21 957 -269 -792 864 630 
-770 -232 -658 -350 771 -563 -832 -294 -611 -603 523 
930 984 460 -351 266 366 -442 840 -181 -35 273 
548 -1 421 -481 -163 -426 822 -375 666 -984 519 
746 -598 659 50 882 879 -448 176 935 339 868 
-937 -23 263 324 813 520 -376 -734 -490 -716 -878 
-359 -782 84 -343 -663 574 883 -73 -999 -657 676 
-697 -149 -405 -245 -408 -718 587 -692 133 210 -420 
233 -369 -759 749 439 535 322 -834 -603 552 121 
502 759 547 31 -441 -841 -495 526 -415 -69 -243 
