17
-768 -443 -523 -850 110 -240 475 155 489 629 359 -33 583 975 -612 -559 117 
418 -238 663 -294 -707 757 186 196 173 -869 901 286 464 -849 -967 405 -986 
341 681 -242 -785 939 625 166 -69 -384 -175 226 -949 351 421 -990 -88 -745 
-346 846 366 482 989 478 62 -719 -912 566 18 465 -744 -536 164 -291 338 
332 992 694 -843 -729 413 -833 -81 875 696 -920 173 963 -115 -848 -771 -847 
374 123 401 -120 -679 519 41 -549 112 867 -613 622 -463 -562 720 -66 639 
-1000 421 -234 763 -549 -526 -922 947 -613 -998 359 -776 -73 -19 -589 -19 -389 
-88 921 -757 -35 -949 611 -125 -835 -839 -963 -114 -109 -866 -172 -666 -707 -565 
296 -477 -293 -979 10 818 606 -38 270 293 666 -147 425 780 257 -138 -355 
-265 -731 -552 727 -276 -716 590 -847 -745 422 -731 84 -668 545 966 422 549 
854 -274 -851 -292 -244 932 836 -673 -948 -104 -605 63 268 -740 950 -223 -460 
-454 737 -566 699 -451 -553 -792 -217 221 47 -352 695 -386 -761 -828 486 -911 
-409 583 353 642 538 -95 709 267 982 -452 -90 701 518 451 190 -297 -217 
-397 -294 165 -161 -277 -958 -696 543 996 -367 865 -604 -269 -367 83 -828 845 
208 644 961 -619 154 -546 153 19 -927 475 890 706 1 220 -650 -640 765 
-918 894 642 -231 -124 419 975 -718 -256 194 -243 -441 404 218 -948 708 397 
-472 29 -607 468 988 751 892 -2 969 661 90 499 -489 -672 -692 -177 -798 
