33
257 -62 502 -905 -776 425 -327 -136 926 649 -387 -885 126 333 549 797 -519 92 433 -520 -577 998 -86 -937 3 368 180 -612 601 -432 885 -646 -467 
-804 424 -489 -339 -975 -310 126 -186 393 -128 53 330 -569 -94 -999 -642 842 -197 -136 -196 652 401 -820 963 -334 -909 -200 -943 -834 983 -979 -706 -760 
-530 -128 386 -232 -248 -64 646 -372 856 -172 340 525 -219 326 -12 -517 361 -267 -115 -223 933 644 65 512 587 409 70 -939 126 904 -730 370 756 
527 -517 614 728 -407 964 94 293 167 817 343 751 -771 357 -261 849 -673 -228 195 -233 -130 -211 747 108 -247 -709 558 -527 -630 -850 686 58 443 
644 -934 931 -764 668 25 804 -391 -243 -662 -967 -33 -562 894 76 -597 -665 -977 283 116 630 -417 -795 636 756 497 969 609 939 -840 530 -114 -967 
170 902 -582 -499 -655 -807 20 -968 -355 -427 -155 157 760 -121 -571 -344 -719 98 467 -989 -580 -792 738 -187 384 -747 359 223 -280 -372 123 663 -342 
522 47 -620 996 -607 -860 515 478 -472 -546 335 -730 -58 804 -74 172 644 -106 537 -54 524 8 -537 681 704 -703 -434 126 976 -903 -455 -646 -985 
-742 543 -735 780 -796 -610 324 -83 41 -149 699 167 -866 -366 410 -644 -251 -17 944 419 803 -595 31 -844 886 621 -808 567 410 565 974 -42 84 
-901 -547 -766 38 -476 420 -834 -693 270 933 554 150 -544 16 728 336 128 329 -924 635 -127 -409 -741 -105 982 -538 761 -33 501 271 -841 547 180 
-933 934 -193 2 -712 -83 -754 234 -981 -359 680 -754 468 248 -943 -271 -913 132 956 -87 878 -173 615 -302 92 -299 210 413 646 -74 -470 152 -550 
-177 -110 -552 -815 -1000 -822 715 -653 -377 65 922 832 679 341 373 -806 -776 504 284 -742 -127 -584 -858 -235 480 -95 81 87 -227 -281 -699 -840 -383 
-181 -732 -950 -866 -81 150 -28 -307 411 -49 839 -306 256 586 859 -819 -325 342 99 -879 622 496 -38 774 572 328 -480 -910 19 522 154 -298 -581 
134 -848 -860 -731 -500 -229 598 476 -901 941 -382 995 217 243 -8 -846 503 -535 543 -98 -414 -696 508 318 -818 908 -908 102 -431 -330 860 -962 -558 
-796 -141 -523 -601 256 -390 -206 -522 -96 395 -935 924 -645 -129 -216 -482 168 595 -868 -910 -994 388 887 693 29 561 985 -918 -648 616 424 -565 101 
-973 735 -783 561 307 -462 810 -467 836 235 -771 180 126 -864 576 -230 -314 -120 72 338 819 68 -672 -689 -367 -950 186 904 423 693 -112 237 -577 
-903 37 -718 -731 174 -701 -909 476 -895 368 354 -255 -170 -659 -173 -764 -264 6 -37 -147 830 764 -296 -978 -281 679 517 -371 371 -94 335 309 -731 
961 434 670 -26 382 -53 202 85 -350 -885 289 822 489 -623 136 495 -811 -585 -882 -604 -623 -313 371 -777 -691 -823 607 53 800 584 719 413 -697 
700 -989 223 340 -816 625 122 253 -985 588 645 404 704 688 -33 494 344 -727 -783 -793 -468 190 112 225 683 516 -582 -938 -423 783 390 880 449 
300 362 -830 891 111 844 -481 -149 -545 296 -397 487 -866 -145 301 40 516 -75 924 -746 -349 -370 -116 206 631 213 913 -897 267 213 -16 241 -36 
-258 662 -994 -593 221 264 -750 -621 613 -353 0 -932 -259 -538 -170 506 -534 122 -560 -271 805 -589 120 -898 122 -622 -250 407 502 700 -519 481 -64 
-650 -698 -94 -837 127 -273 -69 -655 900 -245 -795 -251 -489 -701 -893 953 78 -153 533 -927 -327 -64 286 -88 -314 181 -460 293 582 609 -138 707 -902 
770 -921 -475 -586 -335 -949 -437 136 -61 431 -234 419 -868 -785 154 -505 -501 -309 673 -206 838 -120 -107 -274 -542 -593 -789 -1000 259 611 160 26 541 
-327 301 -912 68 104 669 -724 -463 -367 -328 -599 -841 -690 -15 -42 741 -149 283 -872 -163 216 -734 -732 -946 138 -847 550 -327 68 -645 -278 860 -118 
-559 -874 345 553 -719 -965 -764 -318 220 988 -798 -960 856 519 -45 -238 -6 -15 892 119 -232 -655 877 606 -842 715 338 -462 602 289 -998 941 18 
-735 -213 -210 628 132 -528 -982 21 389 61 -934 -522 -691 820 -213 277 438 802 316 893 313 877 480 372 -947 -100 -476 -482 -831 -488 830 -682 -945 
-605 292 399 608 -590 -863 337 -775 69 -58 798 233 623 49 710 -477 -636 -502 -64 0 -578 -997 52 42 402 -54 371 485 -731 -989 -600 -445 925 
960 -436 -332 -513 -620 -790 -377 -143 81 -409 508 -482 269 -651 6 350 563 -306 181 914 -73 152 585 262 500 923 500 -193 -175 173 -800 -528 691 
-639 -342 362 -946 -246 -190 -886 870 -388 903 520 -807 -330 907 659 -381 -158 -540 -519 -725 -705 964 -295 -398 584 -646 -450 -796 748 638 -680 -84 -122 
48 799 -95 -68 -93 -273 -427 863 650 -214 -783 -528 -440 -819 737 -839 581 -939 -521 -116 -750 485 -626 -940 -40 410 -497 933 -837 -150 -382 -738 -6 
-20 -62 831 -906 -370 -43 -806 -844 -597 844 -276 972 -943 105 697 -737 -328 543 -993 855 -359 -51 -362 -761 235 -870 -975 -319 -574 978 917 678 -895 
-784 49 629 -916 -263 -265 618 318 -393 -708 589 -516 -933 -662 -57 522 -132 859 360 440 -742 27 897 -226 327 -381 -286 173 710 519 80 988 -683 
973 309 356 -808 -791 419 63 -21 353 31 -216 -741 888 847 -723 -720 -261 -797 460 -692 379 -339 547 577 358 -806 -38 -689 -747 490 -754 -163 619 
-323 -636 710 505 -147 -409 -332 -332 721 -64 -677 325 280 66 -784 785 -454 811 124 212 -58 -997 -768 -218 770 277 94 -304 681 -198 436 261 783 
