4
1000 1000
10 35 21 30 0 69 4 50 68 4 19 57 54 89 80 15 19 51 82 28 21 68 60 81 55 99 83 83 60 66 77 5 19 19 19 14 63 22 60 37 47 16 17 14 66 28 83 30 23 51 57 19 4 39 43 15 34 57 45 35 37 37 71 63 51 83 78 78 71 63 63 96 5 4 35 57 66 52 4 43 28 63 96 83 77 35 38 52 60 88 30 99 48 55 26 30 66 88 23 39 61 61 10 24 21 89 99 35 10 80 30 83 34 28 89 14 66 28 97 19 21 19 50 73 15 20 5 89 62 92 40 62 62 83 20 97 82 16 61 21 83 28 83 16 43 52 66 97 52 60 30 58 89 20 82 45 5 37 19 21 87 19 26 26 57 78 0 89 61 37 38 15 45 51 4 89 22 5 45 77 10 24 63 48 58 4 78 49 14 57 50 45 88 40 57 63 50 77 96 88 37 63 30 78 37 43 83 81 28 19 54 98 54 68 23 17 77 43 19 83 57 28 51 35 63 52 68 61 83 39 66 83 62 78 19 55 89 30 16 73 99 55 4 28 5 82 73 50 61 23 19 43 77 80 55 61 21 55 51 28 37 24 68 81 0 62 73 28 5 52 88 21 60 10 4 92 55 73 78 78 83 82 81 82 84 60 45 43 15 52 16 48 66 35 66 71 98 54 21 84 16 22 60 83 37 30 91 21 61 66 45 71 92 69 62 98 45 73 89 48 15 24 38 50 60 4 11 66 62 21 35 23 7 63 71 60 73 28 82 69 73 24 14 50 34 81 58 80 15 48 49 28 35 35 82 54 37 88 54 77 7 63 98 96 63 63 30 24 52 57 58 5 61 50 34 35 19 5 47 35 58 38 0 77 91 28 63 37 39 48 16 17 63 39 35 77 5 69 21 66 43 0 71 60 55 96 30 61 73 61 60 45 61 57 19 37 0 96 40 63 71 16 50 4 82 28 28 34 19 57 49 55 73 52 69 4 66 52 66 84 66 82 19 0 34 0 10 56 50 83 55 96 54 30 51 23 15 45 28 35 45 0 19 63 78 52 82 91 43 56 16 78 69 92 57 99 60 35 19 35 52 10 99 23 58 83 69 23 96 97 80 19 58 21 88 73 99 22 16 34 45 80 24 23 66 50 78 58 19 58 60 28 60 97 38 22 66 80 4 91 98 19 88 96 37 16 68 61 35 54 96 37 99 19 82 82 91 83 24 11 23 62 5 61 50 47 19 89 81 16 55 68 28 38 49 73 43 30 96 45 73 5 69 71 87 35 61 45 16 63 77 14 55 16 77 19 35 47 61 47 60 34 45 19 21 11 61 14 26 14 80 14 58 66 14 28 26 96 61 49 84 69 60 96 16 52 35 21 50 37 78 83 4 82 21 61 0 63 43 26 54 28 55 24 61 88 54 23 63 43 91 30 34 87 66 98 84 0 91 73 49 84 84 15 50 40 58 61 37 69 58 78 4 89 11 96 49 47 89 71 16 30 49 55 24 57 54 73 63 16 83 78 96 69 60 16 28 35 47 89 84 80 37 50 56 63 82 11 73 77 66 89 83 23 78 28 5 17 77 11 4 82 97 82 55 99 88 30 43 43 37 5 60 28 50 60 21 21 19 0 81 20 35 39 35 37 16 0 35 88 56 61 43 61 49 4 82 48 38 55 0 96 23 7 98 43 10 45 71 16 39 62 35 78 68 66 89 82 0 10 22 35 84 87 63 52 37 4 19 66 71 91 62 63 26 14 37 35 84 62 61 35 24 80 39 10 28 19 5 40 50 82 5 45 20 80 63 30 16 89 96 68 49 14 14 20 17 5 39 58 21 35 40 88 60 81 49 61 15 99 66 34 19 0 4 24 17 38 30 28 39 82 82 14 0 19 43 14 82 73 16 19 35 11 63 48 60 34 96 60 83 51 35 81 63 99 96 55 66 55 19 24 48 21 58 52 96 82 52 82 35 84 34 38 49 23 48 4 82 92 80 34 0 87 21 99 91 88 0 16 4 24 30 78 62 89 19 0 14 23 77 16 51 45 51 28 84 30 99 37 48 73 43 77 63 45 26 37 96 73 89 5 15 96 21 60 82 4 71 89 55 19 19 78 49 43 15 20 80 63 73 97 23 62 73 39 0 63 28 73 73 35 68 57 50 68 60 99 96 50 0 5 97 5 37 63 37 89 54 57 69 91 62 63 19 26 0 77 84 97 87 60 60 99 78 57 19 19 19 35 38 14 35 61 7 28 97 98 14 89 
525 596 1
34 539 0
63 98 0
577 882 1
310 873 1
249 909 1
1 963 1
151 765 0
357 835 0
208 507 1
452 691 1
669 853 0
551 954 1
84 512 0
373 569 1
79 850 0
10 236 0
607 663 1
45 208 1
105 791 1
248 845 1
357 705 0
116 591 0
608 859 0
738 836 1
552 571 0
359 627 1
412 588 0
146 690 0
163 511 1
748 838 0
13 413 0
364 766 0
324 732 1
60 660 1
418 922 1
309 446 1
136 308 1
272 595 1
395 649 0
176 987 0
357 868 0
3 40 0
105 794 1
85 579 0
230 623 1
237 354 1
119 532 1
349 720 0
697 980 0
634 983 1
588 830 1
373 557 0
164 257 1
634 957 0
312 370 0
316 422 0
243 478 0
187 258 1
476 911 0
111 631 1
324 763 1
88 867 0
182 479 1
133 678 0
480 609 1
439 749 1
230 647 0
226 737 0
412 830 0
233 977 1
963 996 0
393 811 1
414 589 0
396 973 1
560 781 1
485 882 0
64 602 1
236 473 0
341 357 1
747 914 0
92 696 0
882 984 0
40 133 0
513 672 0
296 630 0
241 516 0
631 852 0
771 799 0
245 524 0
242 295 0
805 966 1
20 314 0
581 803 0
27 45 0
114 755 0
130 644 0
198 530 1
872 926 0
794 987 0
7 671 1
561 897 1
107 502 1
645 822 1
60 229 0
21 393 1
577 808 0
225 796 1
68 730 0
53 350 1
858 917 1
224 583 0
297 885 0
549 635 0
395 453 1
385 910 0
314 329 0
420 763 1
14 955 0
479 791 0
709 796 0
510 822 0
322 991 0
296 421 0
196 338 0
180 954 1
413 740 0
462 909 1
77 628 1
120 526 0
552 750 0
2 315 1
324 991 0
897 936 1
50 342 1
126 851 1
196 815 0
219 897 0
655 781 1
3 340 1
395 815 0
219 422 1
334 838 0
91 207 0
255 641 1
549 654 0
373 689 0
256 553 1
659 917 0
306 815 1
252 467 0
50 705 0
474 913 1
9 448 0
419 687 1
133 222 1
323 665 1
479 962 1
544 847 0
443 699 0
385 853 0
165 302 1
55 725 1
69 392 0
682 907 0
535 938 1
314 950 1
284 979 0
529 609 0
292 986 0
179 637 0
598 839 1
285 938 0
230 566 0
441 909 1
84 422 1
204 208 1
815 951 0
504 649 1
279 731 0
595 734 1
251 321 1
525 983 0
270 682 1
192 307 1
196 862 0
524 658 1
734 743 0
89 617 0
300 652 1
3 382 0
150 321 0
451 577 0
250 285 0
615 714 1
737 771 1
128 521 0
137 961 1
224 414 1
223 249 1
123 868 0
286 843 1
52 666 1
454 880 1
581 725 0
543 613 1
67 720 0
154 701 1
56 960 1
727 904 0
123 360 0
619 921 1
59 794 1
271 680 0
351 850 0
582 794 1
472 737 1
362 723 0
78 229 0
207 956 1
122 950 1
129 499 1
127 401 0
445 568 1
20 903 0
145 408 1
551 892 0
452 543 0
530 950 1
16 596 0
4 602 0
301 638 0
436 709 0
457 751 0
230 481 0
570 922 1
752 757 1
494 858 1
108 786 1
479 516 1
40 62 0
79 792 0
99 968 1
445 503 0
597 807 1
544 810 0
98 413 1
808 962 0
291 696 1
42 513 0
195 769 0
292 536 1
681 971 1
756 928 1
146 656 0
273 401 1
393 794 1
348 909 0
255 645 0
139 751 1
174 204 0
155 531 0
320 526 0
287 903 1
161 599 0
165 492 0
194 823 1
19 770 0
741 762 1
324 974 0
276 552 0
172 792 0
135 565 1
447 485 0
434 983 1
32 525 0
28 762 1
737 902 1
87 653 1
800 997 1
373 566 0
202 649 0
417 572 1
248 992 1
570 813 1
63 394 0
296 512 0
426 946 1
712 868 1
290 391 1
103 844 1
447 665 1
251 757 1
595 918 0
744 909 1
620 920 1
96 572 0
520 980 1
136 734 1
21 388 1
444 939 1
663 736 0
451 468 1
65 90 0
197 751 1
107 566 0
420 632 1
219 258 1
79 740 0
210 434 0
162 176 0
597 988 0
597 626 0
428 706 0
319 410 0
73 176 0
56 281 0
164 319 1
9 969 0
500 839 1
534 745 1
52 411 0
311 833 0
29 745 1
522 878 1
157 863 1
476 553 1
124 640 0
396 633 1
10 560 0
848 974 1
221 292 0
701 794 0
248 600 0
101 528 0
80 671 1
514 787 1
181 975 0
491 788 1
805 967 1
379 833 1
894 948 0
465 535 0
189 978 1
712 889 0
355 936 1
181 466 1
242 347 1
247 292 1
132 822 1
93 724 0
608 680 1
1 193 0
137 938 1
21 334 1
99 616 1
267 562 0
536 824 1
818 892 0
406 975 1
458 522 1
278 949 1
10 485 1
20 937 1
297 301 0
24 888 1
571 588 0
217 839 0
136 863 0
643 923 0
154 957 0
322 601 1
405 521 1
166 403 0
273 917 1
669 874 1
495 721 1
246 677 0
164 355 1
291 313 1
185 379 0
7 77 0
360 891 1
316 750 0
45 202 1
698 844 0
877 943 1
291 605 1
362 874 1
167 694 1
359 950 0
885 978 0
556 739 1
439 823 1
149 717 0
609 779 1
37 207 1
141 302 0
71 463 1
55 234 0
708 750 0
473 814 0
547 746 0
753 857 0
449 556 1
601 903 0
476 864 1
128 465 0
981 999 1
594 596 1
118 427 1
68 540 1
357 870 0
137 660 0
189 685 1
193 338 1
219 673 1
255 577 1
292 431 1
461 543 1
322 916 0
58 392 1
82 756 1
37 358 1
476 611 0
118 533 1
461 611 0
173 474 0
826 1000 0
234 329 1
473 552 0
343 959 0
328 975 0
24 454 0
181 404 1
104 905 0
623 703 1
444 563 1
84 159 0
362 681 1
380 849 1
892 943 1
614 744 1
317 345 0
517 909 1
94 890 1
1 364 0
241 384 0
70 534 1
447 914 1
411 982 1
210 943 1
376 530 0
474 846 0
822 825 0
242 415 1
252 441 1
162 635 1
86 506 1
261 913 0
307 604 0
282 405 1
30 73 0
145 847 0
2 442 0
376 459 0
787 913 1
60 283 1
415 708 0
512 927 0
445 565 1
6 690 0
592 732 1
102 876 1
97 971 1
627 774 1
324 980 1
388 574 1
588 744 0
376 972 1
344 827 0
403 837 1
35 954 1
764 944 0
440 555 0
537 949 1
157 314 0
151 298 0
20 708 1
35 92 0
462 466 1
183 705 0
274 304 1
42 463 0
41 562 0
384 920 0
614 877 0
183 792 1
349 840 0
678 782 1
256 579 0
348 548 1
94 482 0
460 898 1
407 520 0
210 363 1
601 964 0
672 679 0
658 716 1
303 623 0
677 978 1
5 433 0
4 921 0
114 907 0
150 240 0
40 184 1
396 410 1
465 708 0
229 938 1
38 316 1
380 804 1
563 987 0
269 927 1
237 922 0
223 957 1
895 903 0
11 607 1
866 996 0
438 709 1
871 987 0
690 802 0
51 111 0
131 835 0
89 448 0
327 456 1
294 569 1
330 501 0
359 475 0
110 299 1
777 960 1
284 341 0
6 163 0
200 966 1
75 442 1
647 680 0
69 149 0
552 599 1
48 451 0
709 823 0
61 888 0
683 757 0
369 548 0
297 372 0
126 144 0
401 522 1
698 750 1
398 721 1
133 331 1
289 476 1
142 460 0
663 781 0
725 799 1
797 819 0
153 630 1
384 965 0
413 951 0
818 971 1
353 871 0
100 168 0
22 908 0
207 670 0
330 860 1
742 983 0
17 863 1
270 308 0
822 867 0
8 843 0
10 867 1
48 589 0
512 966 1
215 919 1
574 839 0
37 612 1
274 599 1
420 900 1
559 850 1
179 888 0
150 591 1
581 907 1
867 877 0
552 565 1
175 516 0
302 415 1
267 530 0
336 580 0
545 778 1
501 704 1
233 685 0
63 678 0
103 379 0
28 203 1
54 975 0
793 923 0
172 971 1
272 543 1
401 778 1
176 585 1
594 969 1
210 669 0
329 605 0
406 851 0
590 986 1
210 345 1
924 963 0
293 525 0
146 701 1
235 883 0
117 330 0
253 936 1
147 459 0
300 651 0
118 477 1
491 654 0
256 891 0
382 642 0
77 207 1
676 785 1
355 629 0
62 980 0
230 700 0
251 280 0
232 575 0
14 785 0
738 768 1
313 468 1
565 615 0
222 420 0
74 440 1
381 792 0
567 820 1
448 516 1
34 796 0
98 552 1
463 835 0
131 592 1
323 374 0
227 761 1
180 307 0
353 938 0
144 783 1
122 751 0
283 343 1
147 316 1
305 539 0
268 612 0
463 888 1
101 760 0
119 594 1
254 807 0
350 862 0
79 818 1
171 227 1
74 753 1
515 684 0
396 849 0
683 878 1
247 602 1
358 894 0
290 736 1
302 345 0
695 709 1
29 355 1
378 730 0
579 970 0
85 110 1
514 978 0
632 902 0
92 622 1
217 579 1
461 931 0
106 219 1
7 363 0
14 626 1
547 920 0
446 495 1
578 775 0
620 863 0
195 686 0
615 859 1
324 857 0
692 958 1
850 900 0
671 733 1
35 279 0
143 451 0
573 809 0
514 741 1
360 771 1
555 756 0
152 336 1
300 557 1
268 308 1
343 489 0
4 831 0
133 878 0
32 451 0
86 235 0
271 487 0
324 817 0
63 478 1
327 687 0
617 738 0
515 720 1
212 612 0
611 613 0
454 824 1
23 588 1
361 833 0
832 939 0
376 720 1
424 609 0
638 706 0
346 419 0
144 577 0
259 367 0
243 388 1
126 923 1
450 638 1
322 451 0
2 751 0
194 796 0
2 934 1
210 487 0
245 722 0
363 653 1
76 559 0
150 854 0
519 824 0
592 838 0
233 861 0
228 778 1
239 962 0
54 441 1
474 766 0
79 232 1
946 998 0
264 275 1
413 920 1
115 884 1
561 711 0
273 958 0
272 494 0
309 635 0
811 870 0
586 724 0
488 836 0
85 981 1
4 801 1
126 435 1
230 973 0
889 993 1
311 473 0
307 540 1
639 651 0
568 718 0
495 594 1
485 703 0
173 396 0
373 554 0
68 677 0
261 436 1
718 752 1
488 635 1
586 731 0
704 865 0
393 764 0
62 122 0
286 477 1
244 620 0
707 862 1
493 517 0
604 743 1
390 914 0
204 605 0
648 817 0
142 660 1
502 640 0
341 546 1
752 950 0
614 950 1
338 743 0
253 827 1
34 809 0
906 936 0
889 947 1
733 876 0
136 381 0
213 427 1
948 984 1
424 662 0
9 544 0
216 267 0
394 920 0
321 493 1
86 891 0
388 902 0
717 806 0
386 563 1
658 964 0
217 559 1
135 951 1
276 794 0
596 793 0
927 947 0
331 754 1
427 615 1
324 398 1
420 804 1
630 631 0
68 196 0
103 591 0
739 776 1
48 177 1
116 795 0
362 808 0
228 763 0
406 595 1
215 533 1
249 664 1
483 545 1
618 838 0
299 948 0
442 676 0
22 117 0
106 791 1
576 591 0
400 493 1
513 966 0
582 671 1
267 611 1
263 282 0
730 902 1
508 948 1
294 971 0
264 919 0
369 614 1
444 481 1
178 270 1
183 543 0
130 291 1
265 511 1
745 857 0
653 994 0
328 682 0
314 958 1
561 701 1
385 669 0
512 526 1
484 677 1
441 705 1
108 936 1
218 651 0
282 735 0
176 926 1
120 404 1
517 669 1
499 931 1
704 910 1
118 796 0
234 619 1
147 923 1
135 314 1
568 889 0
88 787 0
154 856 0
504 519 1
457 704 0
313 398 1
660 949 1
18 986 1
545 969 0
814 995 0
265 634 1
95 685 1
98 363 1
517 933 1
243 342 1
374 699 0
393 518 1
386 799 0
1 563 0
704 803 0
250 980 0
260 341 1
499 827 1
158 301 1
474 976 0
888 990 0
226 807 1
254 679 0
57 226 0
898 906 0
667 814 1
414 904 1
318 921 0
515 773 0
13 963 0
583 649 1
517 996 1
168 972 0
45 997 0
315 762 1
53 938 1
505 858 0
60 543 0
366 767 1
88 566 0
97 474 0
127 929 0
361 619 1
30 454 0
439 726 1
449 551 1
13 524 1
341 972 1
408 986 0
297 550 0
617 844 0
230 540 0
4 22 0
415 715 1
586 993 0
33 862 0
493 655 0
453 862 0
52 488 1
382 988 1
285 980 1
106 949 1
375 526 0
33 63 0
129 677 1
283 508 0
283 617 1
603 867 0
24 453 1
99 607 0
165 480 0
179 262 1
664 718 0
115 726 0
556 813 0
259 789 1
388 992 1
389 945 0
63 258 1
761 880 0
290 311 1
225 730 0
226 347 0
208 587 0
621 992 1
55 459 1
138 528 1
107 787 1
292 295 1
153 180 0
423 733 0
385 544 0
73 778 0
401 456 1
183 935 1
349 617 1
33 219 1
694 929 1
69 340 0
491 986 1
191 846 0
126 257 1
258 418 0
587 781 1
258 453 1
310 428 0
2 558 1
717 843 0
251 347 1
473 494 1
437 745 1
900 933 0
191 404 1
758 990 1
46 172 0
654 935 0
858 900 0
315 389 1
537 847 1
761 799 0
321 595 1
650 798 0
112 206 0
