113
106
17
103
30
0
127
24
99
17
85
96
46
80
64
68
98
76
27
125
19
61
25
67
87
54
21
39
120
89
26
39
39
6
53
120
112
94
93
68
121
86
63
7
93
49
9
113
115
50
64
114
91
36
53
86
53
111
56
71
127
13
31
13
18
120
68
80
81
65
38
61
61
45
9
100
2
103
11
35
4
104
52
23
105
119
83
66
1
27
112
50
65
103
121
49
53
112
76
13
98
82
102
8
15
22
121
125
65
7
70
2
85
112
98
19
88
14
42
80
35
58
59
89
36
38
90
21
113
76
75
77
5
45
4
47
16
97
64
97
63
7
81
21
13
62
117
60
10
55
40
8
53
71
43
106
85
76
52
118
38
96
29
32
43
79
10
23
98
34
34
11
68
40
12
121
0
81
20
56
100
44
97
92
97
126
105
12
126
113
46
10
108
76
106
126
34
25
111
16
3
100
62
59
70
79
35
52
56
63
83
7
58
13
97
120
107
98
74
28
54
17
121
110
46
109
74
37
38
15
80
97
85
57
67
86
0
116
66
66
10
59
52
75
85
57
33
47
34
82
65
23
7
32
21
60
12
93
81
32
18
62
82
102
44
117
54
39
41
33
49
100
28
54
58
37
95
37
39
38
50
54
40
29
101
32
45
74
11
93
15
14
79
114
57
117
109
81
43
63
75
92
45
13
105
123
91
98
16
48
79
64
51
14
48
126
94
9
14
16
46
52
33
17
106
75
0
59
48
18
60
88
16
70
106
106
127
97
21
23
8
77
48
31
50
101
12
100
90
38
114
113
39
31
20
11
92
126
66
24
41
89
114
112
5
117
41
39
27
47
114
46
24
17
5
110
57
11
79
66
46
56
37
52
22
93
30
56
55
90
120
64
1
2
92
111
53
70
35
91
51
20
7
42
60
42
106
73
17
0
32
83
48
88
99
16
126
102
34
2
50
66
109
17
85
14
74
44
98
58
51
8
51
0
78
91
74
93
114
74
94
74
76
46
51
108
59
35
65
23
38
89
69
38
53
2
97
41
70
10
74
119
50
53
31
48
116
64
58
65
93
21
4
50
100
39
37
40
46
47
51
98
91
38
103
108
126
57
19
10
0
35
117
54
93
69
126
60
56
43
56
93
93
71
16
93
114
87
18
107
127
50
39
50
5
94
61
47
91
60
2
19
61
105
14
3
83
1
98
111
10
67
104
62
73
93
32
84
0
9
50
28
118
95
1
77
80
123
123
49
99
50
50
66
91
97
80
78
6
10
0
17
72
12
45
106
86
119
53
111
41
19
36
6
115
86
10
99
10
43
95
118
123
47
23
127
99
118
82
49
73
31
87
112
93
65
49
118
49
32
94
69
65
98
98
22
73
113
39
59
123
15
71
27
66
86
121
72
29
105
94
62
35
45
31
119
80
69
20
125
13
91
21
41
30
34
92
75
75
48
93
20
56
120
24
126
29
103
11
110
84
117
83
3
118
97
89
74
18
54
101
12
126
103
41
96
127
118
48
114
82
113
60
82
49
86
50
85
85
22
62
60
64
7
74
16
58
101
35
89
96
42
115
91
103
39
7
114
71
40
4
125
39
86
76
126
89
119
30
30
106
60
28
25
25
7
106
107
82
70
17
16
17
111
11
34
66
37
38
31
27
22
16
98
55
14
81
76
61
115
13
91
37
55
43
26
0
22
39
61
2
85
75
107
80
115
126
125
10
83
4
0
31
107
17
36
119
76
8
68
65
33
88
5
8
118
78
0
97
113
41
4
118
106
3
20
94
53
23
91
2
7
78
58
41
73
66
113
36
85
9
104
124
37
5
86
68
58
100
33
73
116
66
48
3
104
71
97
112
102
119
45
16
26
71
91
112
76
58
23
4
62
112
74
104
68
115
66
6
13
19
99
70
56
115
37
124
59
124
44
10
10
33
35
52
102
121
0
41
78
35
72
113
12
58
67
72
119
6
62
31
3
8
18
76
68
33
22
35
38
7
8
117
22
73
104
48
81
25
28
14
30
60
53
105
92
59
43
58
113
19
117
103
19
82
36
49
1
25
43
1
57
54
108
127
40
33
37
123
34
57
20
11
112
8
50
115
52
92
8
121
99
115
107
104
94
31
81
33
11
69
48
113
24
111
107
31
70
113
116
106
116
67
20
88
51
25
5
26
42
124
126
111
87
61
66
127
51
18
5
123
52
70
98
38
36
44
13
126
106
86
33
124
53
120
77
59
121
9
37
101
79
48
56
85
25
76
31
64
72
