15 0
6 0
11 0
11 0
12 0
14 0
14 0
12 0
13 0
13 0
10 0
17 0
11 0
15 0
12 0
15 0
6 0
14 0
15 0
5 0
9 0
19 0
11 0
8 0
17 0
9 0
16 0
10 0
17 0
16 0
15 0
10 0
11 0
12 0
14 0
11 0
14 0
12 0
12 0
17 0
15 0
5 0
12 0
12 0
13 0
12 0
10 0
8 0
11 1
15 0
16 0
8 0
10 0
13 0
10 0
10 0
8 1
14 0
16 0
4 0
9 0
9 0
10 0
10 0
19 0
14 0
18 0
14 0
10 0
13 0
14 0
9 0
13 0
12 0
14 1
15 0
11 0
9 0
12 0
8 0
15 0
15 0
11 1
9 0
10 0
5 0
14 0
11 0
12 0
17 1
10 0
15 0
12 0
9 0
14 0
15 0
13 0
12 0
13 0
9 0
13 0
14 2
7 0
18 0
12 0
15 1
14 0
10 0
16 1
12 0
12 1
13 0
4 1
15 0
16 0
13 0
12 2
13 0
8 0
19 0
9 0
15 0
9 0
11 0
12 0
14 0
6 0
14 2
10 0
17 2
14 0
8 0
15 0
11 0
12 0
15 0
13 0
17 0
16 0
8 0
8 0
10 0
10 0
17 0
10 0
16 0
17 0
16 0
16 0
17 2
7 0
11 2
7 0
10 1
13 2
13 0
16 0
13 2
12 0
14 0
9 0
7 0
9 0
13 1
11 1
16 0
12 0
12 1
17 2
14 0
9 1
15 0
10 0
10 1
14 0
10 0
14 0
7 0
14 0
8 0
10 2
14 0
14 3
6 0
14 0
13 2
8 0
10 2
14 0
16 1
10 2
10 0
14 0
10 1
12 3
11 2
20 1
19 3
20 2
5 2
7 0
8 1
8 2
13 1
9 0
16 2
6 0
17 2
4 0
13 1
12 0
10 5
12 1
8 0
9 0
12 0
16 3
11 1
15 3
14 0
15 2
8 1
11 0
7 4
8 0
9 0
7 2
12 3
13 1
15 2
6 0
14 1
16 3
16 1
13 4
11 0
8 0
16 2
7 4
11 1
10 1
8 0
16 1
11 1
14 3
13 2
12 2
16 2
4 0
13 3
12 2
14 2
14 2
10 1
9 1
12 3
8 2
15 0
13 3
14 0
8 0
12 1
10 1
7 1
13 2
4 0
4 0
11 1
12 3
16 1
14 3
15 2
14 1
11 4
14 2
15 3
7 0
10 2
13 3
12 1
6 0
14 2
14 3
14 0
10 0
10 1
12 0
9 0
14 0
10 2
16 3
13 1
9 1
14 3
9 2
15 3
10 1
11 0
7 3
13 1
14 1
13 1
12 2
10 2
6 0
10 3
14 2
12 3
13 2
11 0
9 0
8 0
13 0
13 2
13 2
11 2
12 1
9 2
16 3
10 0
12 3
15 3
9 1
8 2
12 3
11 2
19 3
12 2
13 2
8 0
8 0
9 2
15 4
11 3
10 2
12 1
7 2
9 1
11 2
11 0
8 0
11 1
17 1
18 5
8 1
21 3
14 3
17 1
8 2
19 4
17 1
10 3
10 2
16 4
10 1
10 1
15 3
16 2
10 0
10 0
5 0
14 2
15 2
10 0
12 4
11 2
14 2
12 2
15 3
14 3
16 3
10 3
17 1
10 1
14 2
10 2
15 1
7 2
10 1
16 3
12 1
5 2
14 4
15 1
14 3
11 3
10 1
8 0
12 1
15 2
8 1
15 0
14 5
14 3
16 4
9 1
14 3
10 1
10 0
10 5
10 1
13 3
11 3
12 2
18 5
10 1
19 3
14 2
7 0
14 2
12 2
15 5
7 0
3 0
10 2
10 2
10 3
15 5
12 3
5 2
12 3
15 1
15 4
13 1
9 1
12 5
12 3
14 0
12 4
14 4
12 3
11 3
11 3
9 0
17 6
17 5
12 3
11 4
12 2
11 3
16 3
10 3
14 2
12 4
19 4
14 1
16 4
4 0
15 2
12 2
8 0
12 2
16 6
16 2
15 5
15 5
10 4
10 4
8 1
11 6
7 1
14 6
14 6
16 2
16 3
8 4
16 4
14 4
5 1
13 3
16 1
9 5
14 5
11 5
11 7
9 1
14 5
11 1
14 2
8 1
10 1
12 4
21 7
13 1
11 5
14 5
11 3
11 4
12 3
8 1
8 4
14 4
11 2
13 5
6 4
12 4
14 6
15 4
14 6
18 3
14 5
13 8
13 5
7 5
8 3
17 10
10 3
12 5
11 4
15 6
14 2
15 4
8 3
10 3
7 2
9 3
12 4
11 4
15 8
10 3
14 4
16 7
13 2
8 2
14 4
12 5
11 4
9 4
10 4
10 1
11 4
12 6
14 5
12 3
13 6
17 5
11 2
13 4
9 5
13 5
8 5
11 3
11 4
11 4
14 5
15 6
11 6
17 6
14 5
10 6
6 2
12 4
14 9
14 6
6 3
13 4
15 6
10 4
10 4
9 4
12 5
16 7
10 4
15 5
14 3
9 4
14 5
10 7
14 8
11 4
10 2
7 1
16 5
15 5
14 5
17 7
14 6
11 4
17 6
10 4
11 4
10 3
10 5
19 9
14 4
7 1
13 2
9 6
15 3
13 9
9 4
13 3
11 6
14 5
16 8
11 4
5 1
11 1
12 6
12 5
11 8
9 2
6 3
10 4
11 5
17 6
11 6
10 4
17 5
9 4
9 5
9 5
16 8
11 6
11 3
12 6
12 6
13 4
13 6
16 6
10 4
14 4
8 3
14 6
10 2
6 2
13 6
14 9
15 3
15 7
10 5
18 9
12 7
8 1
7 3
12 4
13 5
10 3
13 5
9 4
13 7
12 5
14 5
10 3
5 3
13 5
11 2
19 8
7 1
14 7
13 8
11 7
12 5
9 6
11 3
12 3
18 6
15 7
13 8
4 1
16 5
6 1
12 4
11 4
7 2
10 4
15 5
10 3
11 7
13 5
10 5
11 5
14 7
14 8
15 8
14 6
11 7
10 5
14 5
13 5
9 4
13 3
11 5
15 6
14 5
10 5
13 6
10 5
14 9
10 5
9 4
12 3
11 4
16 6
11 4
11 8
14 6
11 4
13 6
16 7
8 3
16 5
18 11
12 5
8 4
12 4
14 6
11 4
12 6
16 7
13 5
14 9
13 10
11 8
11 5
11 5
7 3
17 8
10 2
8 4
7 2
12 3
8 7
17 7
9 6
15 7
3 1
9 6
11 7
11 3
11 6
11 5
9 5
9 5
13 5
12 5
15 3
13 5
10 5
15 10
15 5
13 8
13 6
13 7
9 5
13 7
14 5
10 6
11 8
17 9
17 8
9 2
8 4
11 4
11 4
11 3
10 5
10 7
12 8
11 7
16 7
8 4
11 7
7 3
14 9
17 11
12 8
16 8
17 11
13 7
17 8
12 8
17 9
12 8
9 5
7 4
13 4
10 4
16 12
16 9
13 10
14 3
11 7
10 3
16 7
7 4
10 4
10 4
8 2
12 6
15 11
10 3
10 7
15 8
14 5
16 8
13 5
12 7
15 7
11 7
11 5
15 8
10 6
15 9
10 5
16 8
9 5
12 5
13 8
4 2
12 6
9 6
13 6
10 4
16 5
7 3
11 7
9 6
14 3
9 6
9 7
11 6
13 8
10 5
12 6
6 3
13 10
11 6
12 8
13 5
17 12
8 3
15 7
12 9
9 4
12 7
6 2
12 6
11 7
14 8
12 6
11 6
15 3
11 6
14 7
11 7
13 7
2 1
13 8
11 6
8 4
10 9
16 7
13 5
14 5
17 11
17 12
9 3
12 7
12 8
16 8
10 4
15 8
8 2
15 7
15 10
12 9
15 7
10 4
9 5
15 8
14 9
15 10
13 6
8 4
14 7
18 13
15 10
13 6
11 5
15 11
11 7
10 6
13 9
11 5
12 8
11 4
14 9
12 8
10 7
17 7
16 10
8 6
10 6
12 6
13 7
17 6
6 5
11 8
10 5
12 8
17 6
16 11
16 8
14 8
16 8
15 9
10 6
11 6
14 8
16 5
14 6
9 3
12 10
13 5
13 7
6 4
17 8
11 7
11 4
12 5
11 6
11 5
11 5
8 5
8 4
15 10
11 3
11 8
12 8
8 5
11 6
21 10
16 10
12 5
10 2
13 8
13 6
13 5
19 11
15 8
16 7
9 4
13 10
17 11
11 5
14 6
12 6
11 6
8 2
10 6
8 5
9 5
15 9
10 5
14 6
14 9
14 10
10 6
9 6
12 6
13 6
8 7
18 9
10 8
12 6
9 2
11 6
14 7
10 6
9 6
8 2
16 8
10 7
12 8
14 9
11 7
14 10
13 7
12 6
18 11
9 7
14 7
15 11
15 9
7 4
8 6
15 9
16 10
11 8
11 9
