23 77 1000 88
13 19 12 7 12 20 11 14 9 7 8 20 6 12 21 4 23 10 13 17 23 22 17 7 14 6 6 18 8 15 16 6 8 23 23 18 13 23 6 15 16 2 4 20 18 3 21 1 20 22 7 6 4 7 16 6 11 23 16 2 1 3 16 2 19 6 13 22 8 15 17 3 7 12 2 5 4 15 2 3 22 8 5 21 21 2 18 17 10 18 18 9 12 5 1 8 9 19 1 6 5 13 23 15 5 20 1 2 20 9 2 1 3 13 13 9 12 16 5 13 4 20 11 21 10 4 4 2 20 13 7 20 17 19 18 18 9 9 3 1 10 5 3 1 5 4 14 15 6 2 5 13 8 6 22 9 7 23 13 15 21 4 9 3 21 2 21 22 9 22 14 22 16 11 6 10 9 20 19 2 18 19 14 16 11 8 1 8 8 19 12 22 14 1 22 2 17 9 16 3 10 8 13 8 13 23 1 8 7 6 4 15 11 20 18 5 14 15 2 17 3 12 15 12 23 12 20 22 22 15 15 21 15 13 22 22 21 8 4 14 12 15 3 16 6 14 8 23 10 11 12 16 6 4 3 17 21 17 3 4 7 5 11 9 17 2 20 23 1 6 11 3 23 8 18 11 1 13 2 8 3 14 19 10 16 11 13 20 6 20 11 11 2 17 14 11 12 16 14 1 21 5 9 4 16 8 2 2 7 2 2 17 22 12 1 8 12 20 16 15 11 22 3 7 12 13 23 11 12 11 21 22 5 2 1 15 9 20 4 7 18 5 8 22 10 1 16 20 10 12 6 11 10 11 10 17 15 8 6 16 20 13 15 5 14 14 20 8 20 17 8 2 13 11 14 7 6 23 2 12 4 1 19 20 15 14 16 21 21 10 6 23 13 5 8 7 12 20 7 1 3 16 17 13 10 3 7 16 5 11 12 16 20 5 6 21 4 6 19 1 2 15 22 22 16 15 4 1 18 20 5 13 8 12 18 18 9 6 16 16 23 8 20 4 12 4 6 20 23 14 4 22 23 22 20 16 7 23 2 14 17 22 1 17 7 19 2 5 23 9 4 16 10 5 23 10 6 17 10 6 10 1 18 8 23 16 7 21 22 7 4 9 16 12 11 17 8 20 19 9 17 3 22 6 20 22 8 12 10 19 20 21 13 14 5 11 22 2 3 5 8 15 5 6 23 15 2 3 6 5 6 16 3 16 13 8 20 3 8 1 11 11 20 4 21 5 12 15 6 7 8 2 3 20 19 23 7 21 5 4 10 11 5 9 8 9 5 7 12 19 16 8 4 1 14 18 4 18 13 17 23 10 3 4 4 15 13 12 22 10 2 12 9 4 18 5 13 22 21 23 18 22 16 20 2 23 23 15 12 21 9 16 16 1 15 23 16 17 11 19 4 21 9 14 3 8 7 10 12 11 22 20 11 20 21 18 12 7 3 20 21 23 14 21 4 5 21 18 7 5 12 21 18 6 15 4 10 2 8 4 23 17 16 16 8 8 2 6 1 5 15 18 9 18 6 18 15 13 18 5 16 8 11 16 6 9 1 8 8 10 23 7 10 19 19 13 1 7 1 20 9 5 17 13 19 9 13 11 16 10 14 12 23 9 6 12 16 19 5 5 10 21 21 12 16 14 23 1 19 12 16 14 8 9 13 23 9 17 14 15 5 11 21 20 13 20 15 17 7 9 17 9 6 7 17 3 13 10 3 3 13 5 16 19 23 9 17 4 21 8 19 22 18 17 19 15 17 1 22 21 7 5 15 11 1 12 18 23 2 21 9 18 23 3 1 16 9 14 16 4 22 11 18 6 4 8 10 9 5 19 5 11 15 16 7 3 10 5 20 18 5 19 13 21 10 14 17 6 22 19 23 5 14 13 7 2 11 4 14 16 18 6 15 14 7 19 12 12 1 6 19 6 17 21 2 13 5 15 8 3 8 16 7 15 12 16 15 14 17 15 4 9 12 21 19 1 3 13 17 6 2 17 21 6 13 17 7 12 18 6 23 13 18 15 15 23 9 21 14 11 14 8 2 22 6 22 21 9 10 20 6 19 20 22 6 15 6 15 14 15 13 4 3 2 10 3 2 16 19 20 10 22 20 4 22 1 9 23 17 23 21 10 1 22 18 1 23 16 19 21 17 16 6 15 4 5 14 18 22 9 3 17 6 7 12 18 15 11 1 18 17 19 4 20 1 4 8 5 1 10 17 23 7 4 23 18 8 1 11 23 12 8 1 16 17 18 2 1 11 10 
14 23
8 11
20 16
4 3
16 17
16 21
6 11
11 1
4 5
6 21
16 22
14 15
15 1
14 10
16 1
14 20
5 18
17 16
18 12
4 13
8 14
8 18
11 7
7 8
11 13
19 11
10 15
8 4
11 1
20 7
9 3
23 3
13 16
8 9
8 16
13 6
17 20
11 2
18 17
4 14
2 21
7 13
7 8
22 5
14 9
19 13
10 9
14 23
23 3
22 12
1 8
15 22
8 21
9 4
1 23
15 12
14 6
23 22
10 20
20 11
10 21
21 1
16 13
12 13
5 7
10 11
17 9
3 16
3 5
12 23
3 23
17 10
3 14
19 6
14 2
11 10
17 21
