30 8
0 1 1 1 1 1 1 1 1 1 1 1 1 1 1 1 0 1 1 1 1 1 1 1 1 1 1 1 1 1 
0 0 1 1 0 1 1 1 1 1 1 0 1 1 1 1 0 1 0 1 0 1 1 0 1 0 0 1 1 1 
0 0 0 1 0 0 1 1 1 0 1 0 0 0 0 1 0 0 0 0 0 1 1 0 1 0 0 0 1 1 
0 0 0 0 1 0 0 0 1 0 0 1 0 0 0 0 0 0 1 0 1 0 1 1 0 1 1 0 1 0 
0 1 1 0 0 0 1 0 1 0 1 1 0 0 0 0 0 0 1 0 1 1 1 1 0 0 1 0 1 0 
0 0 1 1 1 0 1 1 1 1 1 1 0 1 0 1 0 1 1 0 1 1 1 1 1 1 1 1 1 1 
0 0 0 1 0 0 0 0 1 0 0 0 0 0 0 1 0 0 0 0 1 0 1 0 0 0 0 0 1 1 
0 0 0 1 1 0 1 0 1 0 0 1 0 0 0 1 0 0 1 0 1 1 1 1 1 1 1 0 1 1 
0 0 0 0 0 0 0 0 0 0 0 0 0 0 0 0 0 0 0 0 0 0 0 0 0 0 0 0 1 0 
0 0 1 1 1 0 1 1 1 0 1 1 0 0 0 1 0 1 1 0 1 1 1 1 1 1 1 0 1 1 
0 0 0 1 0 0 1 1 1 0 0 1 0 0 0 1 0 0 1 0 1 1 1 1 1 0 1 0 1 1 
0 1 1 0 0 0 1 0 1 0 0 0 0 0 0 0 0 0 1 0 1 1 0 0 0 0 0 0 1 0 
0 0 1 1 1 1 1 1 1 1 1 1 0 1 0 1 0 1 1 0 1 1 1 1 1 1 1 1 1 1 
0 0 1 1 1 0 1 1 1 1 1 1 0 0 0 1 0 1 1 0 1 1 1 1 1 1 1 0 1 1 
0 0 1 1 1 1 1 1 1 1 1 1 1 1 0 1 0 1 1 0 1 1 1 1 1 1 1 1 1 1 
0 0 0 1 1 0 0 0 1 0 0 1 0 0 0 0 0 0 1 0 1 0 1 1 0 1 1 0 1 1 
1 1 1 1 1 1 1 1 1 1 1 1 1 1 1 1 0 1 1 1 1 1 1 1 1 1 1 1 1 1 
0 0 1 1 1 0 1 1 1 0 1 1 0 0 0 1 0 0 1 0 1 1 1 1 1 1 1 0 1 1 
0 1 1 0 0 0 1 0 1 0 0 0 0 0 0 0 0 0 0 0 1 1 0 0 0 0 0 0 1 0 
0 0 1 1 1 1 1 1 1 1 1 1 1 1 1 1 0 1 1 0 1 1 1 1 1 1 1 1 1 1 
0 1 1 0 0 0 0 0 1 0 0 0 0 0 0 0 0 0 0 0 0 0 0 0 0 0 0 0 0 0 
0 0 0 1 0 0 1 0 1 0 0 0 0 0 0 1 0 0 0 0 1 0 1 0 0 0 0 0 0 1 
0 0 0 0 0 0 0 0 1 0 0 1 0 0 0 0 0 0 1 0 1 0 0 0 0 0 1 0 1 0 
0 1 1 0 0 0 1 0 1 0 0 1 0 0 0 0 0 0 1 0 1 1 1 0 0 0 1 0 1 0 
0 0 0 1 1 0 1 0 1 0 0 1 0 0 0 1 0 0 1 0 1 1 1 1 0 1 1 0 1 1 
0 1 1 0 1 0 1 0 1 0 1 1 0 0 0 0 0 0 1 0 1 1 1 1 0 0 1 0 1 0 
0 1 1 0 0 0 1 0 1 0 0 1 0 0 0 0 0 0 1 0 1 1 0 0 0 0 0 0 1 0 
0 0 1 1 1 0 1 1 1 1 1 1 0 1 0 1 0 1 1 0 1 1 1 1 1 1 1 0 1 1 
0 0 0 0 0 0 0 0 0 0 0 0 0 0 0 0 0 0 0 0 1 1 0 0 0 0 0 0 0 0 
0 0 0 1 1 0 0 0 1 0 0 1 0 0 0 0 0 0 1 0 1 0 1 1 0 1 1 0 1 0 
26 5 24 27 12 19 29 21 
