182514020
68308139
92027951
98610397
270922857
94096833
481541147
9340870
140240155
148767299
35971291
464388165
90893818
149817432
452048295
468603909
174091683
94436169
247970989
100844465
146781385
33513027
416467139
328753448
370264345
308888733
58573180
2106260
295913662
481211386
404598162
435157454
89300410
202671157
248424483
388719564
259845631
73173717
103047851
76544472
214940458
382937404
128209381
167789643
45592053
11479359
16912702
236722061
146156826
194192277
32284047
363580990
182384983
222714359
313280010
65664998
375814127
51923271
451400893
277543677
70687802
255641461
136247958
102314767
197221945
118134378
353901441
164831855
34470013
312718611
88167230
141003479
497770094
87101831
190957497
347068438
138308018
457425881
239548651
392099951
103516250
28182176
14483836
291034296
166054057
365997122
166073730
311292884
264174137
117724787
479571123
291102761
455837162
460676132
162558622
23465922
255794827
344285146
106008973
362065916
125345382
26355279
351353533
222701122
126553581
453387699
157441964
72550919
302887326
473776133
15646164
4110638
381310678
51953874
146720091
391808242
66343401
223847046
385256278
196554977
292350177
474424835
308924284
119014623
435856145
2188435
372478447
251069816
137810986
16490736
426493566
184913366
20341697
314248580
144153276
205239755
438488252
211677419
447822479
240618340
328759844
61125373
11967020
387461919
194379690
352440754
259263763
399522933
102566761
255717105
192432102
393877123
289527126
117043683
338889082
437736517
285118133
491710898
147297211
282646762
163626372
34206809
137016101
48386473
364007088
434841325
494274882
408705611
168606561
418751007
84110775
378076983
96459994
259310407
322021320
343969212
16391189
333513675
263182443
365464623
436060
92091403
21304434
439700505
384587469
314065253
104447022
309501752
421678294
66462165
72706266
360860560
392220770
100077238
147627986
255048057
370331251
489055738
127016254
29467191
244551110
44649869
128993785
34418534
116500839
219337685
407783959
39398528
143637182
55435051
24971743
454819009
177801683
145073037
132973698
1745579
199421655
309649347
69665200
320606930
46844366
453522573
485416173
290942020
59133603
165909619
243828697
279310296
81736394
105928069
419329633
72382780
344976137
31696576
338896913
131579558
355898991
339682882
397656863
422390447
77879826
221435750
274216008
35015331
170564296
283872435
151985241
316057656
33261141
206729505
379501055
296045308
481232131
180700377
409819978
16751328
323791495
162810037
232774010
194782207
27912985
495765088
472222590
144111758
24398611
333631450
194782207
285235862
274070785
76624869
144283708
370594552
102563673
18012249
252534210
9964881
366273167
398481813
363063555
461409109
330950511
163271295
68256432
375482046
107692967
142236895
300312967
281490788
158807634
42368132
151476120
413440672
366302018
193216260
80999497
254517004
139089619
227458325
164308922
290844041
9411969
418343755
73203526
262298784
56195278
477709302
134722899
92301362
9535973
205056950
94756834
259591141
213700383
219476897
7478602
91479509
172414210
355431697
117633820
97588216
338896913
37324640
29629765
354587226
478417883
418025234
65426880
28056182
169031908
241075995
355464143
301165925
86918156
388672918
44263148
322337238
192572017
70287540
274654331
127929307
70697726
28446746
28049135
433592562
226781126
333850081
420127834
114982983
214377606
432248898
159185118
304253201
151938538
20255657
110970740
322409686
198693523
478480305
25918124
307906150
174817506
176933827
437966757
96400553
155852270
38961369
210121996
79362716
329610512
65859225
158148240
182617741
74529572
292263647
266052836
475396636
486838070
92536145
197598767
247778372
30078557
4649972
304808613
215422695
186860989
45569700
274890412
498600996
497923105
120599985
230440358
227277170
178418321
177800114
285523281
319137946
227962483
179478786
57480593
220953500
401248276
15256652
414717984
244869343
490559632
102724251
418941408
452571046
245927093
308648624
180923301
59674526
384038805
174017167
339986228
92651224
471517298
92971423
117808471
376955969
271271441
468756233
416979804
80701421
50083766
143888721
93401315
379767263
371443882
418041623
131512765
450772895
52896115
280020467
313267830
110970973
25368915
435105127
443463009
17276279
121844361
274150160
83875939
44590319
280838780
125889751
392348665
105385966
144826494
45351629
457885443
380461173
438929040
433529064
14848835
72792022
39507258
83358594
163347927
134506473
409119326
262668484
423931020
429405547
66232661
78914763
358466221
374968130
308828358
429353670
455154352
338809650
137505866
323154799
332047080
79264407
323529425
477952039
2834384
358109196
49568567
405913700
322033015
391963397
416080205
496234575
74146462
131524748
167106880
415908111
345738230
28251798
131294095
92398373
294624434
344094355
246182691
104296929
103045241
426790742
494418539
133074162
21621779
373790677
43702085
151959397
95588180
205830565
338140930
32902915
205853148
308548186
50200394
96773608
192517569
45965408
352416044
218663254
52376564
244179200
386606287
379487167
497886093
334442824
325733877
56776488
166929130
3637750
56207481
401098158
490484833
248720468
40144908
468858506
12778331
6357470
497154185
312845772
188024676
137569617
68698789
245197703
27328719
308610134
480746102
333176668
140237908
112144949
289059765
56682802
148764546
67470184
300443175
309306862
447442644
285661406
127155297
66524843
252050615
238351325
40355655
338925128
398607713
231599697
93639468
235993442
334179659
52738382
421554365
394033732
119049791
489927293
291346157
407701866
9054811
17775879
487982296
16205877
144807904
94926822
43687778
238981587
178970500
43644227
19472876
248255836
442265443
419595541
356635536
53071368
5470604
432266911
92626237
232936722
224223523
101208345
500009538
21726585
67871390
115638393
277076257
237991943
88776388
423570348
407567840
334507434
478800150
115455744
363090362
30431210
413469800
256856505
114542647
311155303
166853663
229781986
467738429
294163939
115981736
378072340
99307289
73335132
52235923
387576099
141055750
295645337
55634780
399885270
190627050
76118646
328366244
491912420
209770892
391719249
451214706
139057058
154289296
385288217
158052461
48903824
42650941
305856371
155273333
331919730
87885634
142953660
254795389
38407669
295102223
261194008
461143639
39987944
78605178
399020155
201514248
117187781
34975213
456366900
264156303
289224436
412945066
51140256
61017529
253461268
368730758
235872164
280816848
95442804
392331662
477439622
342184373
387615623
240878678
475809929
338749857
364480315
301040905
470379250
238018198
68155995
358770427
241040945
481556167
261252075
399934142
354522620
251304513
338757660
297011037
342533867
366832909
142119217
26747810
406854893
497242200
179030557
31777829
356643462
471559625
121904629
401447269
500423356
387696438
104660446
356089538
253368476
337314643
387697717
325832839
74346807
357248509
250376577
248780445
476128832
385637398
232084717
54126080
150853569
448238392
454070589
261636672
368336756
218059779
257375306
172752050
255464982
330820483
1982304
38384711
344376471
270097114
413365677
382823640
391096382
425925058
138132549
163728747
83558558
398282634
486396765
40216097
387581651
314843946
145223450
387581651
108941418
27937394
75192982
344085375
141319097
85607830
115880221
484845256
259365638
269926696
233381086
99456146
400017188
20575432
359363639
219013309
192385437
441721017
472726766
259373504
359154389
481773647
139122613
401986847
173337358
181273400
32449461
56978439
296476402
148552220
173008458
393935383
59534337
116065480
371071029
42006346
374967766
447693576
137475423
311956236
311956236
76079817
331744381
59894944
63217759
280769260
184682544
492558607
332495220
168807523
452455088
29193538
220971906
43480838
263839532
225889417
420338501
455647396
418730381
100554143
173116208
145180241
48667106
297011369
344345238
326559164
317670091
304061214
254646356
16399829
203834428
121463525
407071841
338950168
22056319
414319807
246433832
11962437
21814623
324876094
137952017
387832344
56753369
53067520
98662974
53488007
485628931
280583586
385786021
269904806
470575603
304139453
292665808
119146338
178190988
398272755
293409090
271351805
295515319
1497562
54773317
448651173
132416138
217421867
360428799
313012206
169468616
170684996
28272063
131962570
441833949
20944737
402914058
306487906
46816738
327862292
24692769
206243616
418612438
147824021
129224210
326703389
309035902
5725956
442197622
92961529
385666953
434803133
118438423
399303994
250376626
80485303
288072706
265309255
475158202
317731407
286174062
49599292
294396327
338957872
213678672
496412308
98092680
374070437
240165030
449827191
296949587
227845400
116683222
259080734
152985330
2051537
338957872
111294340
292765655
490132349
17867311
237090606
328985815
354077027
44681436
485737546
435832937
342190150
436981989
372117931
139459194
131442583
340941683
379941398
266498308
434236306
217059230
455752534
275781230
281699893
398209528
258256273
472046879
94435535
242195098
309860242
123810979
135969278
447862415
85720752
95272251
498893951
19302733
210635461
66131992
210876677
337457152
302009217
38881615
433649443
320331148
128031580
53856768
380631433
73173760
273740503
460291045
295301546
431876526
256437394
338965939
35146777
31199286
360016688
270346217
257264572
300460456
152903329
423197412
172164841
486083330
19383005
76070161
175885966
334185972
15881557
464407844
259677838
99108093
95779912
491293237
65963148
236923592
84185038
27653616
189077069
26692817
99832158
474588772
20308237
224678226
332362716
444414993
269178633
352900394
201455531
137490555
99841405
360047008
195981491
115884520
339582930
218426696
303146011
89369816
56820544
212182846
120955583
76446292
93256542
125788450
495806221
151252255
52718532
199136655
30216682
84478569
418878406
314988671
123893365
405233344
437710658
161267404
334652903
254162944
270666753
360536215
392788122
57320433
366381537
79345327
116909726
424660537
321710308
98050730
128277012
101319932
332358509
495818971
221664650
488013426
265615134
361966890
476207053
364633817
263437090
23006825
83925735
159231671
240075439
401615216
286882502
30421476
192551991
259376222
399144783
376101433
55839069
35514732
135735553
56479588
338974827
292417929
229898329
266990830
154918397
125851215
269957321
241559877
114202471
175377562
433081915
27834869
398729435
107433190
367668708
21093208
339144297
247837003
483393254
189659156
353149369
335122104
364294005
398034419
322842245
422821001
56500412
413520032
308339397
155047041
16046171
485114724
451430141
338974827
445529004
354014092
129850936
357156404
441768151
8758408
423581410
246832311
307765846
373671806
125651347
402838071
208320497
360057818
199854239
137679960
390220180
175524071
28372736
101528113
440238393
62025470
243756830
154024314
352209458
79038875
10669176
478377773
292084623
39485919
179787853
217538694
130483350
492460182
367290177
26940847
402073812
126541843
224848713
356452522
22330308
382251226
356272934
167747189
111269470
477052203
382013330
180397677
164180580
16462781
164047282
408867284
262868354
371801189
341603050
119571794
439395140
235128031
436686272
1902051
59130405
201659732
476207740
43644333
157847429
12235499
5350460
118559516
201975815
79694295
49203298
47177376
496741134
167497175
410854322
470851358
139334600
333612401
479561608
330567776
105341569
392443592
116514464
390784139
246986934
342049509
441060429
128037485
241970294
376506883
395178071
145334377
108568142
76650607
191986144
126623078
256851667
482236955
42975517
225399977
250030165
36841017
347185717
466886225
392371291
402959146
121776899
134259545
379525928
34332300
111359467
440996075
27015049
41767225
223797945
164011972
387624363
60643819
45070280
234349744
92683904
432644763
484390221
464428924
341713298
379175198
355701782
480020081
314867215
61337450
90427102
46081447
43637527
185189003
453763218
262675274
14409878
328928757
48105412
259410849
183894378
103797312
138225749
467560041
108982376
369934367
323664240
26642459
461548825
74766624
273460238
434035008
176003976
99747115
249056304
41400972
306642607
465635404
238106319
350295119
159262207
122902133
449171941
186325897
192057458
444122622
318351331
424971844
45999003
209691095
181298590
445756827
79300484
121815205
196341474
214393753
261544673
369492731
313107622
45453822
52905886
69305261
10282294
241602121
409223067
195898916
104031233
494609541
381567777
430415821
483380125
460319842
184049640
499486816
92583287
61410595
485253635
451523643
390462417
277782407
500738612
94132453
248219173
22340019
12095317
128645331
218121477
290866677
187150041
36684192
271086449
48932318
225787297
287538786
362124247
94561658
442200836
495867294
131925597
117616190
202476352
378269956
125910701
2494998
175651179
261262710
377353105
74366727
67029735
375804620
149635009
56230771
377453502
86810425
471633792
458490556
329158620
90535449
465939846
301170712
42318574
275955113
37596665
116203588
394485209
225481840
74871685
223627759
122195760
415290990
57319478
288594160
392627232
338993068
95406433
108221789
290855632
156670592
84123867
150348906
288192460
311022849
235478472
160640727
327927608
408766443
90664717
18375975
289930957
392038293
183414526
467814101
366450637
320120825
366842975
424602682
315052768
460354395
479180739
279482480
97093045
84852307
98754108
123105952
60733730
375786528
364473688
122533800
26817520
417779750
2202668
31787804
249930885
241390484
120537044
53761588
2452639
344383670
221008788
33463265
163774506
353686732
338993068
281270086
195703581
297973225
424017400
51259328
483810877
415423853
415768144
424239230
18543732
457737291
447100558
264874554
136687058
67350863
116797186
146986397
216148035
412445925
204908762
213055801
401307299
241026525
210723180
38483557
348192571
241435042
23648530
15308500
117488535
183891148
123754697
202929809
63644824
93812507
29607255
6697351
464784789
26857664
87577270
173726426
275838695
360965464
292099648
71806690
149120625
294638806
321214219
483598795
382335204
272559672
203268586
419033656
347698309
39422704
400693145
26499859
460643501
58092725
415476033
488552493
378792589
104971248
17391556
183793538
354050462
379946399
198845650
406845977
301860966
377190650
80164778
402957035
402172323
91192229
334215256
194310897
84828487
378820648
2736685
60403095
370325233
382804218
170271946
446017209
498669260
128781609
85184551
116711250
354845995
11265676
322508505
387638206
25534325
474310546
486855142
133531199
280472670
356665995
210020622
500124807
8011320
360791526
161471187
24355491
16248641
471488724
211270771
411816572
283568426
382949120
249304419
256603378
357371791
215943399
17296322
394126339
113359340
374815107
201949194
127114407
426944041
229667531
461543183
430336461
46967110
7343566
81910918
122693637
17061816
274477728
164665427
254166609
269356673
332921028
130817630
394051743
111133691
498799967
230149404
197109445
174134992
324411147
45588450
483034441
490927932
274808786
384808864
173903514
326951228
86933248
296720836
144376646
152073595
116690840
380143827
26520543
74182976
486620236
141848618
18064920
71883011
122843664
267669683
334156850
292399481
284212743
423167197
427008205
12782122
2650730
438442721
328760005
112672321
30130173
51446538
52207392
80342752
107513367
387801275
102285735
167276367
333467789
287595626
249080995
107869506
3132086
275636510
116859527
258675220
453889936
340652439
9786015
445389644
334395688
343994406
52527480
490739262
358171963
94078878
4492757
458404057
139340741
436854825
344979039
229004576
214501013
371156863
124730608
405789380
205319959
25742900
284379117
49056666
445738152
112469826
348406765
276384962
45259842
385134186
435053131
415628679
4978576
73038233
37244875
480439530
54438661
25650593
52813555
403583647
477893495
293693007
298457113
82641810
312223123
242760321
377970530
472399101
3652028
246542016
312223123
225374690
83127214
239285402
139407575
259274598
133420085
351308564
52720261
402465249
121622201
188206128
63710336
100653662
64210661
274606236
404775897
251995062
208707068
180362523
150316188
372885725
238181389
183264243
366783309
268995792
339041951
429152633
480999733
418447600
277669748
63829425
497839932
195995582
198164935
323333971
138385316
171935423
162209273
77172557
388505568
195468613
238472120
263987308
50113245
104005555
486098939
131396575
293372241
6295448
131832625
57628989
45108065
243893894
385603884
333759523
161618073
293973434
177223626
11795242
23380338
313353784
311941315
411329778
340775326
48320932
79442665
174319245
448614177
26663483
193240209
192277503
25671348
483173873
56434952
442978861
471210020
292488254
45344603
164970148
339041951
492701260
175182109
289875706
432323839
180899674
378626202
16904200
161648935
198910141
46201346
219977270
142027545
53726816
179253113
474672883
237328589
17755283
476672310
261016468
397549682
294017203
128541217
321570769
408994802
63997044
119338572
112129656
270202728
243797719
188381591
169106777
252059366
57577289
306091310
7928139
142290038
8111332
327764161
153541597
260555573
187762019
127707161
476440845
234711476
112144747
104467805
64148270
354106041
234805142
394072028
453546765
482212759
282272662
231136952
391758589
249216842
234075150
349486550
97726512
162802543
424576527
491511565
259202906
154614013
305839712
109399177
429880124
150704317
136206021
389280770
394294540
151575791
25707826
132544545
222255282
46708784
71811393
359830459
159606688
356158425
99628992
437153442
26738025
164305550
431645448
460175541
378660780
25247221
124063938
34649660
196473027
229738117
44461491
371872996
218207447
421803494
25951855
339053922
311350190
464488157
5130734
376301355
348698274
189330138
501196016
138855886
124871211
363722864
134183945
75392345
287392845
28777215
150777850
216546761
350180048
480492882
118167666
219426780
31761759
57296976
32840880
416128532
339053922
118936675
105061311
133355038
97173159
148448830
20949879
76292803
220311340
21844917
368742744
387688180
203491375
60704183
413387521
305174522
39077765
55735953
485030967
34752882
305174522
281996095
131514326
103522876
474158612
109289972
130414805
209066095
374216815
149516567
484238254
110352971
287894852
443859191
23293273
368946231
488515446
70422695
42540002
397279798
235124234
46006908
207525512
380147542
56623991
60359215
147008182
436959496
11411809
208069242
13005159
229940036
471370716
53799847
53714836
431493553
262312303
70431734
366459603
53929238
120900216
132993921
160323598
348290379
278497914
103348173
500350981
312023608
409466915
432760495
102186588
138589272
41961671
369292524
10904696
151482556
96787596
149108294
369133095
366372787
375358863
159471382
390729442
295431463
209988700
3647994
449226621
5586537
495747791
305946051
298679667
465380370
175521581
296520351
496051618
394099987
230246819
2822031
320900640
222311682
348895668
415601481
432676889
6553280
133524477
166712598
27360243
101207245
45547888
403230637
335074623
261578110
241628119
147443637
334171850
438323500
117605567
434554789
299216626
404520406
271887803
468928601
99891077
110253965
174895388
368433501
419387269
311346992
225910680
8268778
161750372
311356335
131255182
486196690
94180971
468571168
204724158
94112835
204902173
427811902
374605847
141509314
139717946
93892502
210024803
9134945
114989677
340248292
301857522
427054870
365389866
26913293
501527242
70640446
286137574
201337304
165691973
24357147
408503560
140078651
146904762
339134680
319890445
318917188
337226254
186051586
202034867
431019487
134466439
118017712
492473137
197421517
185484536
454443797
422084780
66055772
364284841
284692040
500518651
58662747
305224441
287293652
394140054
471930097
99108551
114173037
260363015
361484074
135226764
333248554
22549915
88587614
19704560
261430414
78088226
17902288
81344290
252249427
421432459
22371528
4238173
77615981
156202170
336013329
201235242
258600259
93849200
417623906
70438828
353978495
374399558
284824321
224788776
77633378
79862850
436340741
215642072
365209384
138148825
401457285
350487897
46896552
189594272
318410465
349094678
408595321
114878926
140655717
297559763
472182739
307090747
449697365
65848730
58632927
118084300
415085998
106336113
373132144
151264057
397884386
339058074
34957805
313659981
155472183
417166972
354131285
438261307
148772097
412643126
387955503
39403571
319563721
134143882
339058074
339058074
86053179
421542474
242105680
307843805
208622363
292006090
81476309
122843781
338409255
431701504
252047119
203704787
81208267
205462907
53809770
375389409
389213272
410422859
394713052
82188543
74739334
282478952
119921662
385529917
470113913
358660235
28816182
388002721
82054046
59605001
464895895
103504133
393979947
178241070
88026156
398129000
465955878
74850875
381164775
403223668
103830141
339058074
113920152
129283078
115135904
10931573
133689143
379373025
97076454
130308396
284570599
487720032
135941118
261470714
417158681
57864648
336570238
104622375
380391177
406762997
78231520
220455086
213807611
94639862
176734351
162344819
386907888
333781279
59605046
211751157
425158776
175129340
49161200
264212122
5443657
342300167
36644174
28422281
162145155
99455703
383324455
148250513
485355566
45719833
207896456
127542060
143326446
135862328
237250381
496754033
313707932
5023419
38167315
405647484
86443787
171326899
84381429
205532568
135917256
237812593
193370844
316115003
327957274
161323628
431477773
315898020
220657451
377693866
141379315
81519782
213644441
454561943
483397036
433121987
145897289
373296205
468830495
134403771
212594836
124284039
281368280
347625009
340509568
281775421
75898141
487471892
400304327
241370461
405891468
53969824
358786108
282490053
259489504
136375486
125961916
150962349
80336301
293535125
364902958
19545398
111182319
160484902
135477006
85054293
217822782
315464521
223798970
23381685
63038685
492974953
71169490
324685277
21068362
339059646
17355296
24714761
370891107
484827672
374613800
433172775
423402798
326994301
97471262
389477383
244429685
391010852
108503871
199036388
9914624
24511519
50375826
150067948
415201870
23138423
372797005
183824045
339059646
125085171
277424330
72569169
370189274
400472195
58089779
399908486
243103153
444060944
399274554
500859865
318097249
383846958
264743029
137826862
460410489
388479025
204263944
266485897
365883279
276061614
450086356
368745951
75978421
14935354
15417764
316926002
211055294
151976144
83228225
366931519
225859455
188861850
242559840
331761111
291129313
274747319
460039289
301543525
487874253
438952274
481165529
56454798
70699720
182181424
394716389
341852868
321786325
255974947
484575420
251609686
106987181
375434190
18251527
35216479
104121229
80289893
104799033
416750221
358446948
13625215
482792423
115174701
220065676
361817815
297265105
94867785
203610375
102560125
431995078
4031783
501182397
304863951
176014261
495968486
261548593
410347686
293622236
199437421
247257713
465344033
301847181
29069163
239807399
298784342
85482011
395697964
114662149
18672174
127462928
498723283
21582500
116145474
455231113
423407984
387602403
484718023
128007677
331654037
227001421
279216638
322413091
338127803
243395687
148033865
91689793
227021865
399981307
155803339
236237170
22896934
11486467
107407530
87593532
365481659
171353859
179958060
185916612
345624393
107509363
25426087
62724718
265274014
120864577
22902946
500190051
259497479
399198169
436464449
212459133
213873450
252327108
213873450
47856553
451183118
309175432
310130764
364641435
390435557
149185592
403716197
425200404
375715019
271463268
219929458
275482912
205139459
449636596
298838123
315996342
406871622
7237307
36781823
61371838
316903935
400559887
270328092
265810956
381525770
339064742
227031667
330604206
15371976
387713492
366091024
265319241
350382424
252352765
54995082
59322501
100251407
295359506
215579426
101557658
134418697
80877988
144883870
158845205
263132132
96052574
463279487
272194684
258375889
243615111
34328530
499759335
82184295
80396301
175016987
371776792
76481195
371556223
169579211
10659726
394170879
58386408
447059633
175601096
33665445
348292520
154534468
99122182
335660001
306182767
194278748
464512790
434549574
354937211
400655793
468743734
266094125
423684686
377960113
409947600
146501745
329467325
499805907
313413022
344844954
394290210
74528758
398283198
66975110
372336943
295046049
68989328
85483923
146193130
352155700
65180236
182882749
354399874
409971217
55671070
349670788
124491459
352054868
57659624
415211558
96872654
251212063
138267840
150618343
204415304
7280020
291147275
276800416
25388592
20746598
53159113
85710295
4817158
484813450
253283337
118191470
467096557
255690240
159415121
500580428
204606061
159818890
322649127
237718052
270346102
18148120
78895514
29183669
339807738
376668292
424185904
111498551
450746963
21997495
453895966
282139941
223692225
212676447
387722293
122546238
166007188
228980256
224046705
196033477
497394051
489201125
161110128
456775019
16617030
128750466
77622073
25639012
288830663
41182294
339064742
333417418
475003868
339064742
330620227
285726255
219063752
101776986
240095872
102955404
336079531
363831470
266043176
463311625
323927789
80691947
86342388
95193993
409199216
26966244
112474286
293736846
108546786
180294678
231937913
395323173
290394113
387722293
231827027
30417157
480674869
134622693
405382578
275490576
356035124
464024037
270345351
441757544
388763065
128080767
213615888
391574573
15920198
437516586
436248175
288460444
151419814
229010722
498129917
438345094
41899111
29435846
105706945
133010293
469389075
475264262
58046236
99443143
389075310
277869335
395518721
313848793
389860199
371752960
393616376
167535343
355380486
422502218
265771865
425848329
21693189
7361849
89821382
47971850
342155351
359640171
354576933
228190115
450698310
248383900
58064023
486737710
183554823
475722059
422241495
214950583
194131470
415012921
71390402
275801026
427115513
363358178
285185607
326260178
81539220
365664128
175392194
177339056
23367313
293092043
310598224
314804232
372147668
10766664
62027016
152744217
425459849
374974309
328054041
18284058
245981196
6112779
446176758
410273357
124539687
72540020
84803378
94226036
17817488
356988454
263951400
109445505
191808249
331504059
187902490
305439413
31429924
63037460
21706616
18298532
99400247
88242282
130385718
135362559
137233155
389186835
31815942
491071148
120009589
49744063
243815618
95088827
433488585
370302953
296878503
50917522
450973040
422611139
387754430
88253886
477116350
46259507
458182722
341602476
340175723
221139904
166389155
296756431
144868270
116988383
399850282
109342260
311637943
289565152
248484086
80779790
369101875
315567464
453363980
386422863
445719439
366313158
334419260
475285865
261974321
184842003
13496812
337207161
250658368
77965199
81954884
60018445
194327774
232816315
260067946
177199686
411724993
437272724
151826949
276120299
189338323
453736700
320373681
412791556
288727675
375366077
101010790
296556373
134121994
405648818
244994635
283065344
101000416
458231622
120106538
119222216
501041637
198527186
64217574
135472399
376086722
101989893
244522249
118494487
492665975
390256328
18929680
133554514
324535654
32373328
116851614
101197876
326488671
204050630
122185601
458363199
339072519
118586210
220930197
150880608
343119760
59598171
55141639
346312720
126609388
218662893
331430496
12392036
147318502
469701898
30575898
135037643
427745849
403289367
498438762
395267317
285311425
200394506
315401235
99204379
305133525
32452070
490515666
262533622
276189288
134347011
205984517
19438623
14089382
212015179
223969641
298071305
487464718
11706162
451795402
275359162
392912346
169709686
212322747
265555505
81290211
243936775
20193203
502490789
9397049
80993679
132621640
94683145
90326754
256362217
451829925
282474859
395352073
69655628
42982648
396013105
21283590
15458222
123380322
205566558
329127566
368538289
176918180
111931329
251852381
446434721
144009624
30607779
341833949
472006728
27361309
234372894
173727510
413443311
222971153
291277951
56767196
234591890
223755371
221984296
225121880
334067871
339086407
200726665
122318872
308207859
194514129
148815505
81183596
205293373
389506531
501010285
237386209
263451832
271792956
489066715
339090534
139335610
52047493
47455017
121716042
203749040
354911949
464218008
218638138
17212578
389545087
468458489
339368362
64690114
69106208
115213648
18205893
339090534
29262286
191445525
413313293
258205766
106186661
140874010
14942886
96434002
453592468
462004848
273162093
347583351
134874935
271966579
3278016
257883794
486321270
425550986
484419496
251423540
20187972
451278241
391447562
134460163
47917710
280195752
95088211
141699604
90314597
256766213
152011466
479022685
69338992
347013399
334524036
432928732
282252061
54432642
477515979
60674049
43059462
102615458
385617848
137402853
125486261
284108214
339094143
62144780
231624700
22659272
95307402
366047671
204501028
218549177
27956773
64749970
387800952
419311694
61483129
252020729
283389774
332615931
397125833
128614051
137702286
285693215
296889074
170775930
109704914
206408546
207673845
146529525
394299773
138542635
99568209
129687069
145110850
476123997
412315362
243454100
81289449
59838380
337576180
327839064
216522559
198397900
373089692
189306446
428964732
155359097
53718113
24100280
174749757
479890683
341563365
149874396
18990614
352183973
9751215
415100519
30433441
303338975
215327142
98417648
404963497
95565091
10089829
182103857
446540508
10474425
54543593
333413721
387253015
215331772
129644776
46714447
465091196
259173301
339094143
269586540
256033779
503328941
169019284
368026449
23065623
210147102
344322708
205344345
145348138
243430766
120826172
495226672
377468176
266180455
400743031
48311602
342099129
212637434
365695536
75399768
22582235
394480110
273321502
438990969
379060047
494171631
115402223
262230980
117080032
432987251
261578289
397132420
18308098
231630021
127263176
252072172
392255761
453839743
339098797
121620918
337968507
127141662
474981427
39894753
261037746
493110382
146488716
39519876
164564076
275807750
95436359
83998480
340742436
336677060
355469901
460525757
462997297
412210410
107697293
269316961
309554356
98969067
65514699
94986560
131137405
351474074
186137257
326932477
55475967
55269090
431625609
102174802
183374376
273780727
35090230
20577965
277425322
155572340
419874001
393395899
62430174
170348957
414543984
334310642
153249598
177326316
477120222
355571365
414089695
47799818
72804648
127967566
157342308
13404774
371067541
96704669
259615680
103287390
40762807
256175668
40931424
91349074
484460086
321517322
48990733
70720881
206787033
216762878
227703889
448254881
149899954
35251319
64532830
374768552
85243049
407711904
22421426
243867444
187837675
370998003
25812054
131205307
22216295
383644585
119822234
335017276
60045469
339104938
228620213
464429339
459774212
500636903
103370714
163735356
8869716
11526203
423105914
339104938
403263419
432753253
201103005
422918886
127732729
25795102
230062328
323390637
191826271
405227922
243666178
362830662
118691838
387225168
395669158
81647911
358434844
53920571
394521959
299569821
380019200
252339539
448224106
90649905
446848971
136087463
156545485
57349894
330610688
230243552
218363312
130346422
133506389
29889605
29570748
351559681
12582701
144076365
227449161
38645562
148810461
313371886
383527198
181303762
119460150
432735124
135045873
106589408
29988039
488528716
401551174
295388637
279157134
149627813
387837825
85856633
119712082
223613902
46625665
114928065
405194694
418330237
200313217
303278135
33835658
385274470
55806899
112509473
477108390
111937688
80927817
486378208
172084326
222539238
243869373
253610343
405372069
211203745
391821080
325999995
466539926
90787307
184881844
170799778
47144802
177448068
72281332
360017764
252717957
94665878
336267201
306944227
39321619
473231067
133306628
317699426
59716900
415508633
350055786
13037981
373944681
245968806
59087176
336160251
418912887
120130696
434143784
396256828
134884440
459226127
402019405
428708749
23092215
110982866
336279922
16940023
72145429
278091918
430564439
472312856
496532915
58570663
419649307
462601321
396932591
122381590
170349524
205118767
136983232
131326134
6317264
387460206
381032563
339104938
248243372
342441022
413710176
387850686
60316120
129286939
307616105
106776126
58618046
203441826
294351982
134276061
389611361
233290794
106607673
96915400
23209379
115933560
458985010
439318752
224388574
198828641
252030531
190483947
141469570
314252467
289739658
57001740
438502465
64475233
323936908
399374062
237033790
265864466
135300600
11392200
437866524
331061179
275981183
473180856
479155977
432930805
248275589
105814298
175313416
235319201
147089022
20258773
259634673
167346770
181856141
48819128
289185567
494567082
459012513
34005004
31499612
449673733
247814308
190296610
42395023
181892627
376630740
