182514020
68308139
107488500
140240742
280359223
468603693
471428847
206753575
373133922
148447090
351281170
328753377
308880397
65198560
50340010
481204795
89291569
301694176
98176609
103041260
363813589
424550406
146639601
11472768
16905441
236714800
363585479
100051710
473135046
375800066
51924508
277518131
70652456
390471934
51619309
255626022
136222009
102298419
197210986
353901335
164828213
34450349
312720247
137570908
87027559
190901963
24549704
296426975
479923361
264150814
399740696
330196189
377565188
105964370
362058700
39258791
355491927
453346795
157408942
72560852
304587545
405434052
276591766
152772525
66296801
387520351
335970158
292258614
406746519
25111493
414482101
372435755
137825703
16394650
426442488
184863678
20336585
25497118
450535390
115187551
25497118
211691229
447849482
240573602
328767947
61101869
84525913
225841697
73787764
102459459
313284371
2352025
467918798
271206347
491759459
147239744
55708313
386755289
80407355
494288432
464139282
62797282
211109583
29253178
154775171
217202032
468628089
409763985
495107622
123747294
123143566
391720700
439646298
470176120
336982511
338805905
36773274
210046801
138425041
384921378
392146881
100092410
370266286
237913524
53869329
244458751
18480762
394737293
128955111
34362375
261799439
125451684
220704511
477863866
195043248
66830756
374330241
246891420
408135779
191599974
32235093
290994582
262211797
309097022
72262307
344996206
36234356
322418881
422303430
77862194
221279162
233776711
96289353
460260279
71772166
206615014
379525996
278234359
180745280
409835756
16759577
333789650
232665896
194835285
255940635
428009275
202556148
322655837
16766588
30742933
322429525
9700273
246899348
441807191
398480804
145372512
163052268
6783726
113057633
158863046
42226426
312361190
418407351
73006485
234646151
133193993
71111852
43642974
174839293
173712075
229751316
213779177
219424575
7255408
91212842
391375611
338911927
473202698
478098842
223486196
84439499
53098750
466701558
355443668
301149125
388390363
44119929
134613164
317674318
127992760
70788580
28524962
305057517
474189217
464545517
120406655
431989842
159001105
304229212
416385714
246819646
206882049
78759166
174826822
134365696
392545742
214357252
476673627
252784251
266126509
475493501
50635404
424937362
82810493
434109992
195147606
186640923
45626164
274566533
114462335
73983137
247712701
394846366
283452907
249407006
191966480
219043885
86950196
174935680
415865888
300671852
130017166
418817968
452259462
400098693
407371854
219506609
234645984
471241369
295118307
271098869
430626543
463086937
126782874
190490677
467953243
208467465
460276028
80537931
25413737
189965831
359976056
381657849
274193981
83968173
44297556
52949329
416926678
447543301
380424414
72762645
393914798
408936277
262396280
237696926
465861575
168229623
20716038
13176773
43245278
278568794
371819911
111789140
322873340
199890358
350924496
477705752
2631281
357796001
498570538
178900926
131443077
166816065
415916149
231397184
327803827
443239765
429703063
344113227
245932811
104278112
490518913
140241420
460187666
95617709
418951103
367149761
135885228
210333831
91112277
244598826
328873860
370807526
375203983
367149761
192269783
45763337
351980136
218240321
52386977
350155642
338925525
56804840
169935827
447894039
273775478
268574179
345216350
41229119
12556757
5957762
496867274
36919055
322469222
300870364
169958604
17689620
252186380
18253256
151401540
32798667
111841391
63686865
468963540
398883138
489501919
323688786
447393918
285260999
394847639
131431595
280386177
338936650
211422196
231479412
333929476
52518274
421203849
393683216
118689154
323894013
291086899
407365959
487704011
144439098
94448409
43363823
238992774
178702767
45595199
84574526
227272418
281646845
117861160
125893431
304494183
499731770
67902053
238022356
88490974
485353986
355630808
175629351
78093635
64935379
184513704
124082860
338044354
281786142
51868265
387625234
140705309
255151238
28769235
491655250
480958992
192355178
427470530
450850317
105120825
330340769
155270057
16978891
142992056
56799677
324298397
84153053
78227490
398803983
201275055
34900810
93917757
338965512
6492627
77304812
274475703
235935403
94817042
184598583
257538353
286839371
395123834
433888293
450142238
145516863
390104152
416057426
12399217
485563137
366855173
485563137
26411945
436140565
475958692
257380816
98468021
471616652
121513934
400999593
387240278
104447841
252893270
387570881
325851461
364899762
103787668
53662227
87356309
482122750
27756702
167071404
451609655
306709069
382855016
93206011
93350188
440071325
163419457
83173692
397780459
22454360
428632097
227676396
387644605
108473209
27662354
65834897
182057231
370806741
151727737
183930813
80101861
115509389
367161328
435062970
4589454
78187059
19978931
358889836
231336970
127400923
167390323
346787897
222400043
410558508
172672738
393640346
59146794
343485508
392243847
429945799
181290438
436222446
176855068
379222558
280376465
184156798
492382845
332349268
168434920
28665768
1569885
123513793
300956318
76128463
405608146
468965918
272909228
344450065
34769757
12733848
16044720
338974703
95069550
137504946
387390541
389481696
182179818
497252726
485512845
362427551
341297996
56433086
274601677
270803557
54415161
448374788
131947743
215322746
313106430
137492498
304587556
137492498
138929704
290123107
318806766
497505388
205867201
418041087
130945189
272221243
263942279
449527512
187582585
251325998
92868052
134584388
483088363
413393139
354060943
387659810
294071623
338974703
213354055
280907744
49015306
118344668
443897644
259120700
408399430
101512000
323995076
59239529
328464493
454659232
109351505
341976803
436441741
16995762
419822167
199460722
89452597
7235412
379997177
384122024
216501521
69021111
275275417
281243494
4993682
471489853
309438164
123402686
135216772
447557199
171310088
499045333
409948894
169920702
301640660
38284759
357334952
338978682
460345879
294835001
477353360
18602131
269864389
256852703
338552438
431359341
175473824
466328264
322246412
213042195
238905819
380012310
11689834
448027188
187695682
285060562
421607914
247525481
310537795
474639352
19764607
241884827
19153894
443914921
268626800
352442557
201101999
136922988
3286623
460345879
208623775
496385884
322426113
31336427
97159520
58746686
456993433
346055865
52185777
198875475
29979511
84025595
167639983
45303552
61282949
121260864
388696060
241757499
437135041
81588884
377095945
183435685
77618786
54573562
78981891
215357094
101439987
287764456
407446040
149922089
445847796
7214269
439606434
312395991
364190437
239330388
418170743
405814595
459908702
400861595
286593389
148605721
412947258
258944528
398833471
189219914
135195457
55973381
338990271
291769801
142059123
125042701
254604281
35022015
383083020
442615154
499751142
247451977
490987732
431701867
423690909
362381133
439497759
143014808
73294221
92032809
355638363
184465969
395485999
174950800
24547955
354071891
441317553
354024432
402507700
207890292
29169131
230261782
387674038
61446739
175005663
96510900
212949218
69286704
78448974
478464548
291699695
81387466
339005599
80972262
4250153
413218756
401421858
167267018
63592257
355851814
180093126
123419184
187304748
16558258
163483415
72507649
171183123
174119210
24051061
362228844
305191466
339005599
11511322
118150244
302418939
167040580
410955392
313142146
228037327
336203136
127844988
478732649
106463495
382313929
87426702
119057071
352918292
182856725
284570913
415085820
317701425
125508835
191348058
199301978
86721896
498199698
160000657
410619460
466528801
349419755
34393542
74621859
87437076
57961644
85906997
163821635
91707422
498534868
355330309
314501018
60880821
89963786
202122306
374068211
378107712
19188913
334445445
26791485
460810943
74546419
272743353
433480967
473672932
323525736
40894294
487535590
367196002
191411670
443434802
317911263
368788971
114803403
77781758
194075458
499974525
195587089
91982571
332946461
187333064
221351125
44262298
98336049
82502474
370468165
188478835
303662140
53563158
112350084
406406262
450383519
435411758
10423239
231732881
290551084
339008760
158143011
271179506
287131789
361926559
94279551
314724046
101904612
69001555
149868046
155787461
66295662
339008760
55564943
376678634
471753501
256382200
11607758
115805361
37136959
115407382
361985591
74076380
223224213
414603957
57494754
303453340
224442057
311083059
408096206
90546049
18164913
247913061
460925973
292438264
267720609
459512187
478621909
385419477
134957082
183635054
17550837
121798371
27008019
40216272
2604684
236123918
35439494
321387654
338961532
220239557
32626733
89268711
355922953
426068912
215535363
379196104
363100944
113366184
347521304
339025384
146391497
215637080
412271949
204991108
212296078
400903880
240810773
368773096
240927985
22624417
168101735
356315235
350455946
123186216
90171882
29542199
463854127
26573259
86743051
238243317
462394551
320707097
356420083
272022344
202440031
418246253
486294099
136194317
35184325
242176689
293842950
459816343
378603989
105077160
16780680
183589700
354136104
298032182
270580300
472786291
49601261
77960032
387709863
285241469
59640562
369516165
434388859
104567661
498766074
440271969
471447694
469723446
185661237
155979346
279643189
356687893
316657611
353030127
288560900
170970231
315445188
377250679
302321816
132511456
407914174
469037292
417937310
453772302
173654034
320504987
426392122
434393383
339039479
365095421
433000767
146738541
97805290
253425974
268950657
19723666
466757292
479204095
127743995
240540024
5376429
465232921
57723503
173680759
326358317
86219936
327807413
474039389
53972141
460395629
94463295
380030686
185685379
71565267
122016235
29645483
341747980
56335062
453806275
423333285
426431804
2476168
437569534
320531168
68761729
386885954
101718507
167098933
332951382
287726012
106877572
371639639
233082837
354081000
80107676
123885895
477780217
339307913
457857426
263825203
234781666
331456303
36284216
368199086
217597882
56525574
450650842
49141175
444836218
111794573
347682286
5604622
44774076
18714015
357842370
72164551
124066328
275299978
98807289
354154154
202533345
206845132
278669889
451381549
243323482
414244989
238276733
173541750
2805719
245929682
311131246
163641876
312484959
345352424
62162943
225463411
273808624
404060600
195715375
241641301
37835727
183368232
366085808
267899549
339067019
187944502
122620633
481476969
180678110
498904367
119610756
249053714
197399623
322808667
393130797
189584498
161597399
76040936
493341683
387267373
180278246
86333985
23150948
293541824
258388015
131762607
129891629
456929138
90172262
471577383
26198662
97246496
310894558
259589998
257258882
231317962
43557474
110714699
314315264
79075471
412827466
152985072
320950409
128387688
137134680
407124034
208521937
27124857
56759698
198179330
79245632
409576624
471647345
284798436
16800796
167120409
38651291
125506877
339067019
457138810
387735318
182036276
79052991
21788200
63342227
118430093
169251469
51763087
420163738
130340743
354932162
56405675
339067019
234511530
103921330
354885509
393191339
321195639
322989326
19218624
459036364
97105223
55338345
256625242
9413196
258956691
153661845
279997300
108495860
21827433
485187659
488569581
458350868
23541890
24707842
259016429
9941567
395733060
117503868
98552001
97584248
168996107
483153828
420726460
145642628
195598503
228708370
311255048
368682579
25448748
218393602
4432063
375509445
347877166
139199857
109158769
386782447
1179439
158847335
74452926
286734236
316962001
420810878
352710736
181424471
32205541
339093240
104822293
367721554
77706496
59604682
382089102
182511925
123954426
88039098
304070335
280710093
130487996
389387191
161816547
457692198
482996051
181862228
137137003
295947340
287209517
443523411
22551392
43260962
125137483
483851895
293332652
413268504
50323138
136251029
320745998
10421381
12064534
220357886
329143597
341093364
439001818
132204245
91090852
138557930
386146784
191109133
304941522
13255091
442832748
167529248
307633503
275667363
388353941
477439695
95687814
147906817
368246787
375165617
294139408
210329546
257719231
269415158
120969713
143817002
396808257
62960718
470117521
307449903
368869960
339097881
297675046
8464207
320422756
414551479
432177241
132956281
166072308
27599219
101295018
140927428
241733608
146810388
193099871
335791514
116571188
298492310
403587441
98714133
320833583
301685287
414628201
53717107
44369503
388080766
24904748
413670955
282155025
344872260
73772274
399931351
211160102
410291288
97998624
365811159
403287645
172369219
9338687
114303431
62400320
426492871
26491006
60367705
107043455
315122145
471216486
429709323
226047597
443393781
63474873
396778774
258100278
332223627
264353983
1127006
292566363
496552187
332308046
21664574
431795347
19258552
62386294
26784701
420475176
22625232
262861355
201771102
174118223
60418327
470414002
302723945
199869148
257601848
429059454
67524097
391805922
223824245
379842589
238201343
79048709
215175751
106238608
169469207
339107072
42992881
366806449
273405513
323209721
304208653
449485743
70284079
220224135
151323339
89674870
38201856
264973482
320712607
313421713
154216233
80313649
437497776
147747530
411693978
288284657
238312685
136385316
339108217
85068644
421015983
241183843
307071372
147674559
122074914
27345691
250803858
202720186
57641913
2995109
339466635
454206038
142600084
393868739
34306154
118829017
384292207
469525999
378257030
299396044
358572218
137698602
87107570
102425314
421584126
47316373
339110715
322767130
395563546
84986418
361179532
242166951
439517556
4619081
133070847
22512871
76830912
318839581
88335333
158003797
249685444
387218960
233123296
133142951
30163362
49267594
433256381
315265344
118839903
350205399
2999133
363117396
422674316
499595959
382133460
147236835
233154875
189301100
165880019
30891132
56251212
174290729
317383711
134863403
391846897
412039291
425235188
160706936
37937998
15147204
47303778
105479701
374586639
254208939
116286535
251959717
28980616
280605846
408764630
270194231
358334522
91648350
34967431
54461339
150060827
79685881
414796347
58549370
216337445
32555405
134594081
314429561
223497451
152513105
70303566
436866615
260276849
339121926
296818826
16950941
452398459
95096463
421470344
405494369
243205236
476857508
75534959
49731562
149008339
414191003
371406082
183718300
339121926
351296423
229337411
80239509
369238527
226335039
134966401
267665354
264700733
449789426
287923041
454849871
275430432
448867138
122417507
13563533
175865761
210314561
151565524
78252107
331926632
487039578
437983246
56014646
393708985
165897940
186216758
104251141
257645394
12543213
243125568
76978081
191548572
153802796
500136839
305095898
309840291
279804355
360867637
129895948
176941223
434806729
127092750
180355877
379518486
400835185
153210895
80178980
454637863
421474261
111294308
373808613
219536282
51236800
324563967
71724732
21672935
195013664
243068177
147211067
42874926
91040607
70279979
22742871
10525781
106088076
364090940
440958660
159212445
21864636
398966795
435455458
317756488
90447269
213731976
47322757
152163733
140449800
33507192
37089815
415115005
19346294
365943774
135995540
205270413
285356772
297970080
179886417
59974085
316235962
249574795
269086800
265301770
380515007
339125843
225937407
329641681
13850661
321207566
445386284
390148186
292965320
226002129
472229493
388762143
101832302
79799763
144297233
158455238
262499352
268191889
57960029
185028522
85257008
141744411
422872698
419919192
122423608
3686339
113321194
305243744
9843429
205718554
414168064
96298842
174600080
33928529
347194445
99666651
92289684
304992035
463284932
111930691
328451508
498584509
313782299
345113705
52911920
367952625
55008663
291092009
70951615
414248691
248963987
138488953
149471644
203416184
368058518
40502065
198833930
137581396
455925442
379969357
216747604
50505737
263644219
70261737
482140597
20436876
463967444
45575059
27834633
376581519
339139424
239483800
46844883
98675432
223485349
387847370
180470095
94987430
499739700
195112042
55809030
132200124
331970766
473976095
426961129
294059308
10269642
109734278
121818364
320986306
334765366
265460902
462151916
322947503
416555344
339139424
278453363
111126690
96668136
57084271
126869571
37206592
129353636
222418027
356434871
90239046
253283163
481409177
404666035
443499106
127274950
212627803
78772460
44890788
20476776
432257009
141964320
391937715
202442271
256388005
177290833
348154911
132083202
456878241
310995507
37724384
184883876
169415953
98874428
82185507
354719255
232652825
118232530
135946497
108845692
6652274
88731557
46991829
340867528
358762049
451759112
94542692
366256938
423253779
183037980
420999775
214662272
193337090
414030493
70313698
303399613
170839723
419678301
437817787
22056851
292061024
309822903
315063697
267358614
3329534
79814452
345553803
61036365
325943411
497446234
232110689
8657804
244651413
165633849
29993172
20882535
99944727
87467075
444318426
136300508
387953127
122551653
242472339
58304153
230097856
369482672
186210317
387873000
249761408
259989075
27980902
180093099
123809330
55874370
257012729
212291085
387873000
113994297
399029031
107705302
471009806
212707206
159681650
351427585
339141987
327584154
479128781
382583054
364715406
473873794
471980346
314731639
56687840
334125238
195310008
58690870
193862953
231781062
54942460
315623761
434891818
435723941
462745924
93459275
459279666
158204785
294835593
88559190
217555651
484763001
63060239
134169890
225818114
146338140
330556533
54949519
405219614
67008625
328370840
133828617
39753368
321846387
219101986
3416432
444146997
408415145
345304042
125231397
31944359
60992368
422913284
360716218
349399559
444203091
7958774
315733500
98230652
31906083
354469433
360359563
80670732
477992934
421872751
88901697
169266747
339155660
153583752
481284237
168818164
211200559
80274591
242520152
105760867
426553484
471171313
304488500
94804880
40637710
99019023
146646434
268064793
249125217
387904220
143956931
358538069
484353706
367578625
175734056
169806470
290333212
25718191
223705741
25874004
192109935
264337583
409704424
172772047
403657933
193966817
147812167
205144996
387818993
500082672
270950478
444651069
250045606
32015147
491950604
377814194
324023107
284781259
49631755
468780834
197017746
59377856
53803072
29081031
410277034
394265862
438093080
223501276
206022755
337693859
377829503
20940447
442951114
144271184
10480533
125580856
34919700
332097534
322421108
191498447
350965411
418957094
426186185
425091260
483375306
333066916
449564073
133277018
46587823
297093974
380035146
350839098
149659874
289930593
253695118
476628141
265544675
282869137
339159269
60370646
375321890
347558414
159275115
23478831
238650025
445089938
362330894
117798042
338999014
265546545
73535790
357924793
208602307
284564139
295836714
330868703
206363389
416751693
253709677
138746953
128317052
379256916
80422475
215606991
177724534
371480044
461561221
10523861
93078516
161705170
387919698
266801570
350559022
8454481
29099392
343100488
91129266
314946097
404114251
292270968
128313904
180581772
445134569
9185979
56864981
52953018
293590780
113804248
63107635
405548209
339159269
361554363
387181377
163155127
329318761
344316403
68468877
366823776
21562359
242387957
471412795
212994896
364010384
387924555
141156860
453449170
80513022
377256919
113783647
10244052
471408439
24799512
396159515
16661535
280713486
368316713
125834261
250500487
177569421
69081238
436844948
434659189
37593052
240044778
402880055
145038590
38778594
163364952
93880674
84044530
183831460
42771793
14199009
460595772
411205148
106336480
404050095
236000917
152582956
327299725
55163722
91238826
183765093
272204602
335566413
413123305
411073962
275852097
122136951
426870781
327985974
416218321
476533393
404794357
46520336
71214046
128448467
169080949
289200957
62336497
67880815
471581275
39697852
91333708
483581639
356650312
185823993
6804586
201458726
446861255
195781692
59191142
124036656
315833428
55037416
93853529
340757776
172214621
383290927
387266224
478428933
83586846
67311429
33631793
499004569
415348526
387929996
380282515
145405961
36612921
415238318
95580627
433035301
200008233
421402825
126027543
436468451
333760078
384082982
381726359
95398579
168578738
50582494
378686391
446900122
444866821
165059200
359555997
456762021
101211001
213985007
239973707
129280180
131783425
356697319
454411748
40157537
13224567
227703711
37482984
148081380
225903332
8692283
441130424
180248377
118024347
204385886
105302181
28989433
399792798
333632507
374998006
148267693
387929996
464029229
44597445
403855959
416705655
200722784
301764434
383259612
48161622
475717303
353097564
260962270
343169437
211111978
220510344
498488925
387934866
475943182
331502023
324470263
209600155
101800252
250630257
191800425
45399231
175678405
447457101
93932806
334881770
37673320
218355468
498491972
460606083
7477935
243307640
107934583
48585851
226506288
421902144
434688053
195924659
39519968
245050217
433126534
395117125
133444652
271916524
144083198
301816946
431311223
471380910
494528559
57445316
419980954
461061175
38221795
383419901
204803804
159617051
420232729
460615797
28892720
339169580
472856605
350953782
105305139
474601924
339169580
21196415
250635657
95744922
307158888
250643341
373342996
461096496
137804404
80184589
288341622
139340997
335159254
397914616
235868912
264466363
453843713
9664387
94765389
442079938
41677020
259731113
238337167
47683014
287677423
492675584
412423466
501215983
448198327
246394143
188352182
165865968
59057403
138978524
232645642
482998349
339169580
410052480
441322413
140856639
36424055
175633713
209778906
400082525
176601421
339169580
364833596
346550293
167141060
96261061
72534123
31546500
135770511
135840271
57711718
427215218
318095332
258177757
450793871
329427743
475277481
335975478
496494189
417089693
32151906
43247067
387961792
375273472
465647396
225510431
52482003
389610462
334299836
92511310
94473614
139332773
93908616
412460626
260243057
162223149
80957272
166084393
229362028
440835588
19877104
449020803
225946094
281112644
49549198
396618325
161952809
72628784
317951185
293667431
254635956
97282396
75395117
65564732
250442160
149582426
392317812
304315227
307662432
213620627
145223736
125929836
397272599
307075539
37709494
124639592
81007489
94318592
379046405
59824347
457072707
250092612
420244768
359551059
149888964
498797474
126299852
217154374
128899897
249901891
327541777
386710425
195013118
12999917
329415952
408179514
381353606
151993490
460640897
490411060
467183575
472574643
28019319
355658269
65816412
159905601
277317711
83513748
275949423
424122716
402638282
120290500
138831448
432303595
204712465
4456259
267379077
116634505
161077285
5764168
451474828
315393582
108576326
345666026
440731267
460640897
68310078
26143036
101255206
71783395
121783398
315396418
339173189
482846233
397228885
481078526
469428522
96359669
51240478
91978239
27989987
164873578
16191268
123892739
78680035
119479642
463707462
24155758
495450235
67705580
35344163
415821900
124378917
395203950
372875062
102865279
361614769
327642331
59376765
384447479
295638039
118586996
422217079
408177477
311217186
286113234
294345912
335924819
227640207
7702635
492146445
364391042
237974089
144775305
14918016
426890312
434684199
373289487
329481385
149041928
442310708
357779692
455013558
159065939
361160975
339530376
26433090
298779669
104751220
388682090
473248783
22183539
75324038
442404590
127174020
164456305
48107415
311270071
491334762
290945832
350609715
40039604
263136479
467925403
293259163
394665170
152248185
307846215
31855516
311945530
209542331
79048351
307537027
161335115
37803707
348930217
451013395
9965842
178495030
293212507
339208406
193950598
45384711
146262025
282171513
403416824
211632254
423704107
24653172
22228825
332305458
338291068
440924295
393384746
94792020
198004604
194450139
113004338
435081878
212053783
439340006
217563184
425247366
128785843
451588999
34763143
174737573
370311490
171435977
57668544
469824893
124874900
49652387
406258750
136573211
4395512
260538106
218764031
22784464
22862315
111146730
365004091
309689589
76060542
57046821
292373770
215872657
75772398
37780541
53027010
15201441
353034167
49611529
118314601
409293760
83726005
127935466
200324302
47168830
428696560
247961406
339213106
68430554
41921455
487663542
322786441
383487930
395398245
501166265
129987687
435597758
401968679
38045153
155494930
68453454
295367793
411830778
215564620
363253027
289248041
75473204
129902878
383704109
81193121
428475819
205252077
288548960
169441883
6283951
122054333
335306064
487545096
332492593
241955582
143264818
436747444
15453479
417538588
115036645
184350339
34896143
59074694
321603416
332101045
386144592
265502663
286101054
45511900
186406716
301147510
75202970
57311134
169570865
365714018
166324386
271688252
184433344
112530752
151094437
138087505
185900120
5344584
162627283
223696505
2695036
401719581
306705363
358181404
8945255
383617037
129978861
267772748
306295240
193945894
491786066
85571880
129196011
53978382
306482901
171489480
132476608
394557091
181943934
204525761
19539960
325124452
157775016
343550866
135421962
325253041
404274636
430909553
271866149
441130059
100276087
160747761
62980746
405577485
9529228
91709412
368840098
30783578
265602501
267997655
353136460
444735710
68289944
102433579
280578712
443408619
194253792
313182394
58085237
176996531
335473062
403733730
289307350
136630534
230630198
449989778
163076642
3201300
332307655
290090542
125714851
473400410
12803040
175486144
307109853
238487334
99682459
399408871
389307180
59797102
11135114
123455998
45171854
46714393
379627060
19558929
332503484
145912748
322528667
43592324
66769570
481622146
239041038
228361576
118218186
118218186
15176768
65814956
245918595
49693651
59823224
339226952
136773976
262997584
109888658
19815583
420282967
295111796
498030993
368274414
37337186
340041866
48318788
92819031
322840573
137839256
134407277
410482310
225550964
145772230
299804825
444322029
96575078
40637135
204474281
184379391
163243572
27191803
46771402
117782966
202028350
185766856
366510972
39805658
166115929
409152964
292639608
56276770
212044681
227137663
184371887
339231773
371094425
267061645
200867588
339231773
108577928
433401885
21791599
118429176
39912547
94885867
223848843
485059453
315458600
120630480
395827672
500196327
376027127
408924145
262993987
360484685
354396198
81197174
27503418
124942554
370707502
253353161
60904540
184404014
339231773
222785310
45716523
210937291
25070069
380944825
22044569
410510681
24233752
142779111
259838926
277907011
113818872
406439357
240100676
339231773
107013671
240106629
376000350
404386609
233870785
182500816
306054745
103927107
291380462
348166866
166762485
280821289
26574503
329589356
35343680
259609557
432025356
83772526
367506351
376638609
248347753
358877956
372859181
41750820
360174563
501987198
325581750
228305578
353689332
431657352
127109884
431681804
103170242
398727238
340874505
204287095
473897506
275106942
316622718
470524015
304045449
183271738
385429678
376521694
409539371
41670187
90911241
166611805
28698137
141766632
465161265
475157466
86570088
459456919
208765646
76155855
21463512
19251412
409508274
415915638
171542455
46526989
452637736
58339556
43332075
272731134
11681090
131038334
434432199
336077860
186586697
382916095
113681904
295932834
195275387
216451416
357321301
161847206
369950265
23089195
327570840
469065127
166967982
258787259
116804089
205264662
445798790
148162939
418438901
272643020
339231773
442618468
16327715
132239540
188225620
339239294
95252161
339239294
6377423
108133028
52456928
186876810
97188503
303646340
35476755
366165925
500068687
117668729
428856876
139561414
33746968
20130774
224996673
21511530
171376961
478424892
311735374
472768601
470347559
434301540
259861926
217651983
388085790
215015864
97579857
440030196
368800124
249601146
215246106
395255329
48432053
219558603
374564496
294704250
406260790
481355009
395964418
210339567
349052874
137222571
316290697
339239294
315106423
97580660
110170813
217467575
418384684
339239294
263147226
58510954
182236215
84446830
456363146
230965041
283370589
100167248
464577506
91238118
354697636
12899749
287770957
250053538
317682069
188913235
98660693
292405493
412861507
34842724
443378968
399460930
215117546
86206873
71874541
268271169
22306184
470766499
484652689
319848619
307238849
22695411
451956301
10408560
262121187
255284858
439860707
300422572
283989627
144972022
95129864
42417115
49526929
174540412
116477678
401343139
81560754
81973557
431621246
243060166
89093241
75285501
90729620
336405133
152967361
300899853
339239294
118541541
415633461
369349440
325802151
7680968
388085790
339239294
300458113
339239294
50119735
81249371
7949018
463624659
121990411
100495589
252723714
316875959
298626709
13587632
118620739
66308325
410224426
394296140
123220351
20905394
346245738
421779379
339239294
468401523
463848945
162431269
214661164
201172153
83663406
62923889
444207445
431368944
177682340
177617497
217196092
113099743
416056297
171250212
135733097
164840496
135642955
291639960
184124842
221854154
172345789
460768011
70272371
63807013
355932844
375442805
26098738
339248732
104941424
271344419
139108692
388095228
350528620
460774282
144679168
329650134
239032881
200074439
88893880
178642867
460772877
56371810
89164991
398317352
347226549
248191247
156186572
109009053
332089847
68576390
56560488
203200684
388100094
277970252
336249645
334591290
451929618
261898527
468044532
204571754
181530982
108303130
460586296
103382795
92553944
346360927
452735059
168995857
307404680
305904390
118950610
474022366
272671805
45623568
135879392
249450791
111189857
213785898
388126042
488807747
147792955
301042429
474682510
119587062
386628096
125253201
205785127
379961792
265297054
235369132
121931565
108132635
58805080
299651270
415278124
260620095
291793150
266169872
501158797
60573204
52833584
6486941
306075192
128064082
306407471
198497787
203573975
460808800
5635217
488164294
397657553
218500979
49640704
95347196
114655340
225655596
431799540
81454377
69030883
414827611
281167799
279274083
501987918
251319674
26626611
195624881
349600110
427421709
80745180
42551545
132301240
247004937
138620747
46278166
123985371
242520016
149874971
401601741
473466779
490363749
73334251
349593869
69311186
427307334
343837026
60151014
154250196
498501916
108229115
272922389
227038284
116829995
92351472
339252786
57483739
178313286
232651903
436013193
412280186
108220182
66790555
276331145
395969672
414513067
478634689
22595471
368787537
17485360
162307204
235015500
380371001
14794985
337653302
473505573
18931502
14884186
497763585
290301792
499190260
284209633
396421995
149821744
19381097
146577275
195450033
359402614
244267165
20605516
314101816
378724638
495062048
262551431
494936783
64095434
490046622
99973664
221601136
21411295
52313637
99577356
117840810
293456981
404604404
479137996
433680937
78234672
216987488
121366874
33963330
480955972
416366221
67609576
239851466
341234913
171695300
64997075
63274898
276390386
324443689
172960187
351244274
151002931
348533366
339256007
129031535
32338384
418853577
276938485
205713799
324501721
52592406
86004745
