182514020
68308139
92027951
98610397
270922857
94096833
481541147
9340870
140240155
100649517
56189019
444253243
449286985
391944968
81399798
207545154
149810855
452041718
468602704
174090478
94436104
247964412
100840786
146781320
33506450
416467139
328753448
370260666
308888733
58566603
2106260
295907085
481211386
404598097
435153775
89299205
202670892
248417906
388712987
259841952
73167140
103047851
76544407
214940458
382930827
128202804
167789643
45592053
135530019
327816680
241909826
138289015
194204737
32287011
363583954
182399077
222718940
313292470
65676173
375822908
51926235
451414987
277548258
70692383
255653921
136260418
102327227
197234405
118139464
353912616
164843030
34472977
312721575
88176011
141008565
497781349
87106917
190962078
347077219
138313104
457438341
239553737
392112411
103528710
28194636
14496296
291039382
166058638
366002208
166086190
311297970
264185392
117729873
479583583
291107342
455841743
460680713
86868994
189806370
330194303
377564395
20488812
362078376
125359476
26367739
351367627
222706208
126566041
453390663
157456058
168469299
378251416
456046280
397370830
306391995
304619830
392177168
100592552
276638882
366573797
69958962
337903795
292142549
292360485
474434638
308926234
119029562
435866306
414564071
412178152
127117745
254912683
374795146
6817017
442437596
389543462
141311471
92131563
199851156
338889132
25479157
447833440
373073040
231019993
315558744
257971209
330161448
138078854
323695655
259303807
399532794
28240137
200494941
87854471
102567014
255737376
498496443
13076330
299912107
251211709
370852168
187568482
133335870
467879737
184815400
271251895
338897388
65626868
405525058
480974150
55698768
386828577
433943632
209772863
194057945
300386960
247613909
259340310
129232733
174842749
62818437
211057753
29200217
186533574
199042892
311589000
390956943
319631389
285983035
96485943
259329625
392226648
343973634
16413209
333525327
473391710
365479763
305456836
348175718
21320976
439714076
345673541
314069675
145299557
230901062
208139359
240011439
72740731
406400929
392234341
100106220
147648092
255062692
370339879
489070878
433685932
258841293
244565325
44664504
129013456
34409940
344849424
260113528
407812941
375322398
93394414
185944571
100946269
132993320
242572181
138189943
426126467
349051807
320628108
372742622
290942680
78025152
491812146
205610831
217403975
81785504
467925421
214282583
39440465
436885127
34594938
177218774
489850131
315705712
422428782
77901727
221471992
145972804
137296098
170583558
283901925
109828042
206779092
379569511
182736601
481274783
180736998
409839984
16819784
159084582
40638468
232836980
194818269
117336837
495812650
80479692
144171698
24444254
187899815
194818269
21738033
455687343
242568077
102181949
4345741
242318417
84816556
397078679
247067641
441825263
413216268
77165563
451307923
488522538
145522623
55175091
373067668
130933372
107716300
329414257
300352915
281531749
40303268
489236186
336797595
109465513
126868399
402633485
173321890
226331854
164342071
290900541
9455096
418380810
73243695
131366552
290622056
440652720
74191763
408509883
41834917
205100098
94807832
53843393
213733532
219541913
215228768
124881961
124354321
200000089
181002779
349301728
338909305
355641258
29672448
354633348
478467951
1535315
245362925
28103220
366428073
467007726
355442765
388711330
44296971
322391817
473160359
70341670
121721094
127953646
70732890
257514340
125729001
86249988
322424055
464693465
198721300
6604569
219874422
432294244
159230464
304308286
310542589
12464556
376357519
322424055
186635121
125430310
25969392
476127199
174856632
376919916
486734223
96458847
465541982
284831285
134559845
126295495
169943015
65904821
158206534
182657080
440409569
326611804
266085454
475440079
318751863
457343120
303855712
120612027
82879556
308133714
129942821
340383325
22541632
159766001
323072338
393172834
110055272
385242093
442898801
394837701
87074965
354332981
280603305
316193870
472390632
301489734
235072934
319197265
48734391
179555799
326536257
220982617
57318205
145750543
441222383
46644680
134110984
322293129
497742677
280443022
383505017
418973661
452621104
414103023
308567009
180995460
110550536
82159008
174071694
291176316
92706613
471588523
258784091
117863492
468824739
163741112
80755367
398202069
143958276
93462056
379811414
465642923
418101162
468163214
208707115
52932661
79429059
319672921
111026855
25397250
218583933
443528738
222420354
271231732
274173700
83919679
44653284
329804632
338918357
237958164
229279423
332806220
54152856
105425734
478283378
444320164
457951150
380533889
460230283
433576868
14895777
72822982
319425479
228661509
442098090
115497387
168559412
319359704
19323134
51223470
466075177
24742475
325888437
13501885
278532102
128029821
375028870
308863696
429407536
41436275
94762950
137533606
323199725
199515276
79393706
323557736
478017148
2898701
358145696
86711750
213504830
321136644
498545578
128691029
179208820
483564100
200973602
333161636
374636165
79837373
200413949
231728392
340241988
315594357
109567111
131304113
92417065
294675588
344118557
246203497
104340301
103074884
426648389
47513598
490980312
21642464
241701121
43754227
152013951
95598646
337263296
337503005
32960095
186489270
185343250
285615938
101090412
427137638
50240155
96837095
192536185
45968139
352463672
218692758
52416882
242176013
306123491
51300561
497927218
117669600
325751074
56779425
249177647
395620490
193398944
401141885
19929819
444751042
304743343
377901075
12828820
6406721
497183689
70951310
95300166
7798745
68749278
245202376
27353211
308665950
430161966
464863596
140294796
112167189
130412620
249061704
148761718
309421817
346936835
309304034
447450030
285707241
499531122
66569608
91804461
238407141
498625285
99301845
203464687
231665985
94023832
236028915
334239329
52792725
421604855
394084222
446167327
6185382
58450917
338792070
174513606
185920366
337183832
151974808
230261350
73455787
201644386
21060017
368236073
64216364
128846961
43739913
238996687
179003567
93636786
84562330
482509002
18535804
227756003
136438778
479028492
22923666
118362630
126339284
142041611
100923653
383042310
446849725
66527416
236034971
52828744
97196125
500059310
27446922
355850052
25981043
118023820
238008288
88822523
395982569
461147870
96228373
146992245
115479383
442717555
275092520
225560817
11649839
121488325
376100232
467793761
294210074
115999935
43303293
99366359
110070120
83509599
324533571
66321181
144163538
123392885
2975558
90396178
28544617
142773882
391787561
308111944
448582614
392302108
491947647
137056242
421791063
451189715
111262174
2089741
105496734
313596479
405895772
331911383
313646392
322385177
102748919
309817211
362152151
193080748
131136162
254813042
38425322
338927934
84040736
68530492
381541176
241885277
87626485
133011657
201547353
419544898
34927691
348655386
153359434
17208961
412978171
51167013
61005624
186574904
368743452
235834295
362379809
369687896
348105354
231539068
414182126
485502308
304476395
364505488
301072610
470386356
238028923
68187985
224718410
241094634
262505046
397900689
30573985
354514786
251265917
338798894
297048828
461149492
277175510
357278902
87330332
436279364
476103578
257751458
231247481
81873024
160019358
288742869
104702155
355025775
253412643
242345099
387734064
102750775
250431018
240566684
476311083
237272607
86900000
54141257
231589277
448303457
454086905
261708167
368398548
218124349
27369994
172794248
336284102
313006419
493668457
452242243
36339232
266614763
378691290
382819256
481173361
425990911
188585588
316060097
415195902
138191890
163799312
83627446
398329456
34749975
40286662
387573424
379535518
145199600
387573424
108963341
28007959
294233776
486930898
312990944
272102076
144299072
99566842
85616035
115919636
79685669
259357411
164623186
322522044
99359803
224447700
20614847
359398542
49032237
480904093
259364905
411544430
481812380
403717322
66147912
27233796
181320666
328483582
56924990
296524972
79653271
173069619
393981910
59580701
432337296
265994541
42049140
48329997
248348028
95901912
311978608
311978608
306407441
217842325
326234704
496874381
222458711
32761996
367078358
110171712
295778939
319066978
204568319
291340941
217943061
19834872
501008810
100110804
76596303
57190857
469266396
51813248
273638696
413598541
46074295
35264816
148269072
473030072
232260437
57082257
338940854
351821933
229764246
410253139
255050172
21867803
324867389
138013709
387842481
248736159
53104110
98707935
53532968
485686229
236374093
311245485
105204942
133244108
376228117
6868007
78748210
44631300
293462528
271394389
84119938
23562414
54821120
448705163
132457855
297532453
360485366
313032207
224536763
170679167
158627260
132029459
441894618
195497475
402968058
306534483
46809517
162913582
44746304
206288389
418635726
147879179
129279368
326751484
309100145
270512818
65935001
430041113
424526470
446538563
323222917
399361790
250378918
80530607
296355129
265367051
475206098
333661045
286219284
156168257
294446263
338948558
213728406
430325614
158641238
33148201
207876282
315806397
438819708
464672817
95766384
99693056
233605543
228803075
28872200
16534973
9499685
117638589
111297330
128071939
490173655
440775858
382842124
329009617
124705441
393279581
485788466
116132007
342240405
437011974
188585681
131497904
131477671
340927244
379969077
297168379
434266067
322464228
455775042
275834008
281729654
20266687
258301008
472080392
225258281
242235753
309877932
123844236
136001404
447895928
252001760
95299930
498897525
124270017
210667051
30336155
21711143
153703033
302008256
38932535
433112920
320470288
128066164
396641050
380664946
73207247
9745161
460292506
295304946
132110961
95221002
338956625
396905613
150642668
125845087
270367401
257294557
141071596
152926490
423188049
70729033
89923769
19435783
417899897
309304234
334242288
415823075
404521487
224896663
381628422
338956625
365034323
353695034
27692236
189060054
26741010
142991326
474600082
20333186
420219093
332403636
297707205
263045315
274353135
385651426
353090093
3721014
460292506
208661161
496486308
323017821
31792875
124362927
216154178
34260509
97291819
59289055
457680520
346526723
471308469
393172112
213702183
61280171
44321048
312821927
45769303
61207704
495883456
389550237
242378996
372742240
195542416
18614842
82095729
377266566
402748175
55054819
371724099
57421223
106363153
79390068
87877916
465566811
150685514
98134493
128380141
101329846
184091772
415719212
150554026
36408811
446489279
7619294
364637695
204059000
23091902
84011636
342249757
150333984
401693137
286958581
289784660
192638709
259481093
399220862
390344221
248329109
183710605
9653395
129453441
175405675
158870729
67671884
125939782
270043567
118476475
35543217
383634574
442889189
500230254
190170816
310860588
277753656
2993541
165848324
491760560
15875440
335202525
183767466
398099127
332478545
422893245
362280864
413599321
145906786
155112355
349387912
475387385
451435550
338956625
378915176
354008232
491321378
155222793
441843315
353890145
207752544
272246621
125724093
402928020
208411734
132304637
199922549
137686481
339320258
338956625
275325418
277782712
153977839
57755062
387179767
498573394
461212986
478395453
292191081
392636309
179886251
37947969
130329101
492521319
367363344
124579496
356580077
100151434
63867646
64395659
376304425
288070706
486072885
242227050
377047549
274105010
245392289
97598815
216135181
307932570
498643940
14654777
22547944
362365124
171270679
112959046
44280772
436803046
1979195
221663674
427457371
476119870
98951157
79060136
12308345
25398268
118658607
349046095
79815896
384601747
47334661
113534885
167556550
410870847
63599124
477342290
48856716
479673881
330682526
105421944
392543729
116579854
114986523
247072853
342054826
441169907
177110871
221738060
376582077
395195018
145409038
294797770
90437336
386386086
21669067
331585335
387127260
92458951
349907337
377468807
190334871
244279202
36927872
347286948
466945909
117076477
364065422
121773599
134321767
411059327
34382117
251570895
272892657
27027031
41868803
271908014
427159940
91954799
234360247
501031906
314169054
484512987
281632646
346005307
56554071
370090450
338960142
322736323
188609193
351442673
351125159
433400585
313136335
52341964
121962102
185272390
280100427
117573315
462227937
328934392
48166407
472544161
183911252
54474877
138313633
467566971
386963498
380460625
402467998
26682090
461637910
74789968
273534084
434107799
170366871
324260506
377547936
488285531
69613636
488289085
367977819
31308829
159321197
122959949
449071803
131947528
192144657
451404774
20291743
263036233
217510494
46058762
209626425
159183021
211782221
79378783
121813892
196433462
321679743
2481378
369580808
313185568
45502852
393640665
463716112
10370929
241686968
409280938
79414003
104145866
281902024
492699644
264866139
189235961
460314551
184110658
32743298
27647906
61466525
485342470
451537438
121728177
8805270
450519664
424151480
248033429
264965555
327620235
128727328
218163522
290920077
68997752
233311301
331596921
485849005
260431398
21771309
100015970
126327252
494012609
6710481
474433018
290168891
62378511
230416078
442031583
495975225
355021616
117678961
465136915
378362635
89807142
2522069
92360532
97242620
377372903
369484966
67147757
168655400
398684685
387074035
194160461
46793898
25379826
287442748
295475131
20641582
231076784
281195554
90596865
465951572
301217112
372557687
434789676
37581103
116236363
160426563
174213311
74843274
223670549
121813065
415342154
57290752
488509450
392682811
338974866
95428822
108263261
33424981
211984019
84192508
273486164
288222243
311072644
346133343
137513666
427920605
346102373
380691704
60766899
67074605
45395464
320742214
118753436
129203801
68904596
129140593
473162752
14337063
460421374
479257356
116697334
97051808
360287894
98812370
114257381
60790253
375812823
364547966
122606860
26832884
473893336
102975499
32324544
230020298
335079046
23556708
40730093
3529180
128366395
35784104
344462276
346910960
109881896
318480455
485528789
438550483
148082583
392556290
233832991
214786655
490797627
246738878
173886474
51361363
365700536
415448152
73052863
23092486
18564406
219110000
447134432
28252957
245842963
424161968
363539344
172649040
367142373
347876901
338983920
147057620
216193602
412439854
204960372
213016059
401348203
241078478
479898229
38474331
348262057
241462260
23763076
329547216
117430534
199083633
57593253
113418521
90751195
92783226
461982994
6723180
464843196
26865823
87637645
48511297
162204170
360949486
292157750
71802227
207470660
294332382
321241437
27068944
382436107
272539472
203284885
419079275
428846049
486579728
136153643
67782226
242416981
293260431
26546654
460665890
226127914
439552349
488596864
183050070
238176174
482016573
140476348
241109688
342891988
183821962
354048640
24009538
117387546
297746236
279698853
291165375
395538160
271365599
244354223
198426717
78713876
246920603
460334408
231157511
41116432
222737434
295148279
59995725
164137049
295840312
472007003
88064091
440982230
474927445
186764073
411671033
387648054
25596188
177410470
186509119
134148046
280548591
356638561
368377421
357707333
8074457
383645980
161453869
145812817
16269043
471457139
211327896
411892383
416328167
383050685
449440823
112722267
312453007
215976692
17300130
394120038
97487196
374839109
201962666
497521004
426993733
379386442
130831877
97489252
46985914
285972124
29763619
70795998
17117908
80718762
182837853
415073772
201085155
186711054
254224742
269405034
24507819
212128337
334966833
256699426
477056586
118788743
245305028
127060707
161634404
467403689
118816536
464145617
242074175
420537464
100911276
257531254
173906684
326907158
86980598
173397074
32785964
482792811
229892939
380179851
26514495
230105429
418363976
141844868
18161343
71862607
122901658
399529455
334151557
292472992
241595827
423153623
427046737
139508976
2657796
438399294
455481955
112728112
415544729
147231989
387873560
102350126
167331754
333485212
287599340
281941399
107975664
337645595
68775346
247908793
368955350
58126774
116601830
68776689
54116693
475039444
52615718
490827623
149532571
458435879
310307412
132959293
448887355
399093721
36702275
368824310
218177378
175167103
436784470
125274182
284364353
49057720
445848087
112558009
348486856
256610054
45292480
181041866
58091118
360979565
358580471
344175267
126445699
145237587
276074401
425690192
99819069
354067684
203227889
208052870
381042938
279356404
410073781
64105611
435134290
338850749
419938384
3726545
246549634
312216761
96828633
220257372
55652192
372591343
259337006
133458379
236527831
407246368
174237422
121718631
110547241
64300539
274771167
404855668
105061124
298322089
301342180
111989573
38812528
183268501
366885084
268941272
339011863
98662628
482680403
125478965
289930289
154375099
98242608
198270789
323427043
138494921
172036412
162306253
77269187
250889247
195176344
238640544
343613820
96889197
273335863
132005378
86931064
24332117
203094021
146572375
294109942
375645178
11958209
23514465
313362575
312095276
145505366
444692948
48476665
480350447
135579051
448750685
165043101
97706139
222651868
239300305
21866877
258146837
231887924
96890880
111329067
424398337
79780421
412626148
45408781
115211887
339011863
492832538
175191602
298752489
432386711
329322623
378638810
364763752
161727751
198980305
112996811
220066429
179779205
60340501
179465392
474763040
356615583
289227535
476780207
228253464
339011863
294742446
125803275
203639426
397151347
432268782
371791655
320814987
108181973
256769908
119437227
93336870
391402773
243915968
7717849
169161337
252015877
57613248
223662921
7988226
142327760
8107938
336239529
153635725
260684181
46565284
127822700
476462501
9195905
245044628
58605461
218386155
274238075
330487962
216688060
322163562
323888398
135419939
477352226
290018344
127364773
213956606
55828174
257430618
10204100
265348453
229808762
123477906
362199121
383193180
92910777
34773350
429932629
313025298
136248737
229061331
394387869
490623844
104085805
134288559
110118387
432752193
221533104
406422646
339025408
20985359
383316729
292916194
428914987
99761835
16757643
26708922
168403285
431759745
460287435
378728161
25322773
185003130
91890535
196634112
229878910
394271369
321726363
439426003
421907835
26021815
339025408
5182895
376379243
348829004
162786670
365452925
138807702
130226528
4000428
63887670
107759745
110064496
388081905
2354028
160031809
75465930
287552920
188320880
58718972
71488928
9548886
480610362
432805344
210406139
238647173
316480046
80626225
387046120
401270332
365115574
345067332
14569770
277410198
416359474
367617157
424978808
419698722
38702958
78792136
60803507
251955581
402272966
39233868
421066346
305547281
472903320
373998594
396940025
131645565
486528033
474224666
465515221
129590851
165269865
450170903
149196129
484388743
110404518
138077147
139906115
30895849
287996255
443933038
23501335
368936531
156479958
70503655
42620486
397320082
235188468
436263919
321306675
182292312
106468003
257112732
11011462
449127928
375294396
221481640
57529230
84576919
445146896
181514369
335319384
341434516
159894484
120977171
133065324
72197501
348238059
336175092
312288420
500543953
337267915
76376479
298747008
500095563
302596516
226565226
102274988
135920926
42085332
369482759
10782735
28764210
96931010
149294992
369173322
366402562
375451771
158867361
38834864
295511722
209973529
13413825
449315015
5708531
136417777
305833940
298843456
465022047
174706735
296606519
496178310
394110494
41455202
291151757
74094421
139592282
432754929
143496746
133678327
166805342
27400133
96092565
335179685
261708042
241638626
147594447
387005734
303451878
141339452
438424541
210622251
434637348
299367247
404691118
466537981
469065591
100070364
174038943
321935456
391745201
465663536
415965065
299378794
95347563
120395316
45655354
24683845
262269678
212580066
400271264
131348129
486272914
269790125
239678684
204870137
220620129
68183253
19607891
374582904
141651165
329233823
35021854
387368815
9151374
115056548
365606471
302016629
48573485
352103130
215328648
286301736
220902215
165745869
179362191
248338301
140235542
460788552
171616720
320024091
319084715
486612003
112659159
463253864
431163202
163110343
31249822
492630158
76338345
190492718
403884307
422265279
143966464
22662679
205754682
203429681
287385487
308136857
472068804
101257084
114328184
364929607
361616439
135402402
333540806
22666542
88669828
19790868
4749613
94450646
112590605
81498785
252247783
421477665
22407769
341137183
496534332
100205319
458305268
169800327
258742873
234737302
417785583
358510526
289461285
284858959
224934574
239276566
12681020
237458139
329040779
107677256
169385728
445472560
329147038
417364226
189762853
318588600
440040412
29420690
7513938
405532491
19531773
324363266
305477154
195217914
134632949
71147719
220478504
55302242
152112160
90632999
60029656
344063152
60603544
34016050
26849799
133640518
258086020
105212062
25044786
85334309
61363077
84597032
417057840
498082061
347819294
439061711
91736355
424430876
272270446
137753442
74372909
146999709
37477809
136197512
94346728
147007935
234435452
148703281
179597627
360617344
28775389
86100117
464005259
146977734
289577029
58622783
3992776
42172705
409415237
147810337
102212243
317550334
193634353
90669787
407240264
24375939
79852461
122565496
120126485
385693417
28980745
132449161
252924025
308064433
82140063
372725395
472392461
394789657
394132740
312762330
46020812
149743091
103208540
422075215
48074836
339040076
220411952
129309908
115229053
10889348
123968054
355452726
96973049
130329321
284621602
487986504
136033356
287977317
417155211
57867614
336751085
104682290
49139092
112822682
78356781
29402981
454847688
241056017
409733317
386949281
333911655
159583197
52388047
22763390
84949139
49160424
363254095
5561239
260491749
91001783
369815071
162168856
99347075
275608400
190681528
148311430
360467317
45869338
207993700
127575974
53971635
135597170
237396344
496923472
313720844
5131919
38250789
405612413
443335859
87965547
265659434
460028568
161441476
434657768
316076255
333450313
59344400
318619276
77182144
213829949
454649085
93932671
433321107
139330757
373472494
171482634
134582986
78456540
363862352
310093285
460415859
282044535
251233658
277578123
28560903
241503743
225646347
54022641
358891326
121435962
259506036
75318268
55384034
13653407
386152615
369878525
73169149
33451616
135669828
450651269
389969894
292652088
425251444
165780943
118512456
493189672
71367302
324824024
21274693
339056479
17461539
18124598
51116693
225154009
453377950
95942150
282895283
233142831
143981533
407861384
15038920
445763986
244618531
464231506
40484802
378614904
313207166
292772663
23149688
105958244
76666435
50495448
150152878
415375602
40755200
354702035
72869641
147700862
351256356
35515227
119199098
400176621
230065657
370321675
65116482
306084654
136215297
267691391
264842140
138052299
460434744
32618327
204514773
266469315
161049461
276211874
292818525
56015397
337057799
4695489
176322274
308306712
380333101
158098827
225983467
306267711
226107092
189016572
485062551
331832151
276229960
150798938
260719647
474334572
488273556
438986380
43781590
56604497
70770504
182300200
394839472
56275060
240843334
307041585
379846960
142984718
431900960
375639897
216096443
35270582
390251151
312320856
248901350
416944264
170812284
13836706
307053507
247695261
220314098
361902275
475654198
95150474
203563710
201579040
431967889
39929149
501366857
304941070
210081260
496247821
261794071
366935655
293851360
290678822
247410004
356950334
158276449
493672890
449132346
15545741
351942990
395847659
114657409
478326393
127558264
111356009
21769679
185156217
455484116
464128036
387903699
484977165
172583637
423816987
227226024
189185933
466292649
173173601
243560702
148276339
91819836
197386336
117140124
26886765
236502113
78249990
445382805
285647088
381405812
501964533
186200977
346473487
463354281
250387467
322590078
40956994
38252011
377855848
353170804
80635693
64065740
121975256
316247338
402499926
170914904
133526019
389391351
303413856
139650131
214118227
47977950
361723330
309263806
25478548
334058524
357642275
34908869
226567148
65417371
393300465
248979019
403890578
8568809
336692881
137280352
11785256
214490292
205259214
12567605
176098718
316272281
365984381
80459937
109858666
61575427
317118159
110935720
270524162
265980271
381766594
499903801
154658499
370656733
21948625
501312863
67527475
341866802
15646860
387760279
367120571
265492126
121079817
252422457
55087526
177474821
100508783
341995886
450897164
240586489
149468466
345378156
60443331
57371672
356131393
177930505
46318395
403687498
303398067
463532941
18526435
73063798
243820319
317674078
8346118
82462496
60915346
128133673
335074624
76637343
371798840
235995822
65040220
10804463
394370594
136309884
116317026
352377268
46071869
99147444
205392637
306430409
96215258
464673766
327044899
120594005
400915899
463453904
436499877
116178877
374667456
258117790
488099311
451602148
148880913
252448018
396018662
160745723
432300972
36319538
111924538
74788834
398579898
189710129
59218234
425078212
94263551
85510085
389830863
102746550
65350934
183017168
469486263
410177172
55925317
466583572
67465571
495781407
234162525
352303438
57736225
415482096
500413726
251225443
278006286
7548811
132853450
249103630
142125483
369573155
41741402
138917142
455332726
381098328
329792752
334556879
202237873
115736855
417652377
218070622
194119019
52294532
20762064
213742599
216043099
27501813
483697520
12255168
382211311
464776167
280423130
79154328
29488975
49749841
376957834
424420161
381667675
383918684
216163641
500002559
163081498
223864823
35832179
31057950
229094267
224260037
196282244
396747016
139042269
454946257
457054876
144821145
453576532
77931739
25750218
243550493
130193430
339069748
120107056
150233534
427676414
295431372
10202191
109532656
292094548
460463152
112556793
361762857
103831735
322447999
336303115
282516023
266180061
463614258
324216043
279750155
86560409
120118045
318686296
112576838
222862980
493233002
149668618
232097030
35219293
290671448
387780336
7715317
88217485
480786677
134766011
405541695
275612130
74847031
464266592
438404447
426907416
388875167
128300886
213798770
243075216
227231590
437567206
436381576
111819596
190944923
186311889
498268445
9871608
253355716
320074292
384634254
133101944
409999361
475500263
158616093
352498996
312999398
278147584
71132457
313916046
16223639
372044164
477229694
337596103
192602224
170507945
100085832
83547717
88698055
347438269
309838845
119764650
332202463
347284430
289269574
241246917
47998414
269864074
469723324
346981843
104074110
450970838
49627629
102866807
341460763
141118817
46066617
72914990
487120172
142863505
99242608
427382666
363428713
285269456
86864012
117611999
365808017
175526272
141320548
23583109
293347729
310872777
314861344
193645517
3079345
81066270
345912250
62163121
210148983
88750329
131267501
390164530
109708886
134886959
410413750
110029368
395842370
165949662
318140735
363257136
357178966
53822831
109972356
450210199
178300555
197723295
43321577
374288002
257604352
205357257
158783160
320380268
253259282
322321897
335737745
58396341
245419715
137429305
389412444
378724775
362740597
422405390
63787533
311841965
286331371
283448304
244017868
95244921
433711183
370527536
189719877
436788733
451239899
99635279
387805150
218588018
394656811
306538478
46514569
181170063
95896983
166588658
141030487
145073819
117214523
349462909
59085481
472041638
200099082
289823279
248601566
152026236
10060255
315777839
453498223
137192621
172733830
366509918
195351017
475416206
103021587
69422324
473249957
314833088
80901391
335404236
196782706
24045113
121508027
136974655
445895251
288415148
56421345
59973817
71684318
86998604
277823951
332999426
194561474
342489500
413025010
289549909
296664359
137466460
376054280
44151679
420909183
4127424
112184033
120324575
119418109
501282765
198572942
322644336
135704760
382395591
102226408
329201146
4207111
23587844
453751076
73025070
497467309
209548275
188208275
159397441
101416537
75198282
116817662
177006689
438618799
121929958
394902129
445084544
389714236
501947822
221126075
210686510
343116929
115598777
55663224
291416287
335769879
81457052
466052315
390421834
147570356
395972019
371057694
135242688
478858636
165071314
285352296
485550537
88605228
99481476
113541987
443735960
368083929
25162261
446688340
18257283
82221047
334071218
494606664
449499624
90329788
364720312
134985332
169813368
339088999
155416517
205401088
397425238
476491708
69120793
397261041
302665161
150184277
427688974
85629682
131014546
102527467
9550724
81223043
132886453
94704475
81212471
368034808
159144579
77529725
269566382
74125731
362933306
140903681
243458058
360004658
12312233
205411943
13234992
121375874
350323862
141436647
25652225
30218747
112206218
335640452
173148977
144175636
30766114
45353421
472158053
27515373
350040946
432500824
413745182
223086030
35177191
497642660
382595679
223942226
247846571
225275701
334381112
339088999
200771881
122515447
308366194
194790026
149084710
306735226
205418098
389753722
501287991
250786414
433814047
221423569
75322440
78354184
469235434
470325490
52298830
47521430
109684293
124197964
4006014
464466774
62812589
17466746
389790992
468517406
178802109
64916995
225585982
306736024
463486069
339093126
29555609
191687172
325462343
258322452
368986246
398000303
15206337
96624907
293946142
386619686
231132701
90242807
145496693
12106701
246105986
352776612
135120396
272194558
35385568
257909818
426858846
54202184
79426237
451578168
111746554
134622071
48196509
281069192
381579893
352716208
289148275
118834659
55987240
360003490
470426869
147189679
477668753
204172404
401442170
57734965
183023826
39156647
125755628
284388168
339096735
258996707
123728449
366308573
347413143
160331388
23945893
255841034
74070672
102561070
196686590
419403434
61751872
253000214
191322920
332846460
397440583
128867858
137967586
145151998
295043580
442424356
483874902
330764415
433265816
42340627
304981464
244483402
19223146
416891158
124240115
229330684
429346358
81546135
280962127
366956326
328121226
216650956
198700216
373394793
123784549
429195883
133466355
94488377
383809802
162351524
479886659
153155242
151495394
240135801
352470997
9992307
91487866
140544707
276499929
215943198
350862598
257379865
339096735
322067502
215503854
98615464
385274775
296795319
10397693
351817364
337566545
197142699
132691057
253737388
470801387
240207312
245503367
47029266
399754843
56877140
339096735
82373118
256305175
345393923
169061268
368188871
23292277
21438931
63595839
188861519
117855301
243770036
21889026
348574887
63707680
286844748
70140291
189965717
97038645
212697648
365908865
373993685
22719533
150280018
273599368
405528154
26236368
445688046
115748825
208368790
117380218
433290537
358340760
397326643
18586623
252391059
127579260
252366924
392868331
144111885
339101389
441441740
166681844
293316715
436173845
38828573
242125936
270027022
403446068
329242320
367065523
449920292
40806831
248569774
104703274
95533648
84037180
389433237
97262230
355564834
460539211
245174867
412398479
108032328
271489398
256070138
431776336
65821167
95215145
131618920
352065358
6323710
60649540
156223791
49352504
187543213
51873280
360415965
336414281
328106813
320123663
399507139
243996362
168393159
131089559
62605878
170380821
426132703
484164406
329711880
40983964
283302275
393487736
200561503
48029137
73012299
128017472
67420218
13662468
283559338
177562946
259632839
103595700
41079532
322683242
201252344
298292190
292803810
322053723
374800166
71046483
207074431
265438261
329742655
20788676
118907017
197585624
61506459
125485725
317448985
287578177
313224629
186881509
322691605
192338558
131512385
413105152
383822269
27070536
209789532
315392668
339107530
228957235
445846792
460076225
500703684
184352318
164802553
193565924
332765422
433051458
452676737
225955670
433053407
201318772
423037538
128042792
71115084
230397494
471947011
13211654
386204807
224047171
485225798
59323914
382232122
356211148
168689619
54255125
352779710
365325324
380250359
326157900
448624612
150266925
447161239
88211231
166889315
361116836
458684176
300143340
475794124
133811168
30276757
177695142
232116884
12591182
347254532
227532012
38893698
149030642
363515696
122506080
500334345
51756885
336855211
316162375
404970365
200616861
452013460
240480900
401908053
295634216
129319800
204598733
395596562
110429232
257293013
99088265
46971490
222851180
405585630
418696776
200371294
303439736
141772038
417477515
288879050
81670162
334880717
182756082
495190612
36961594
482689153
340223802
498300989
322186065
339109759
408019749
322699966
439498516
500360372
387880152
499731478
477515072
320394188
70762397
90823544
326284063
103213286
373050128
468747846
140219465
47459836
177621655
60280790
26636984
60072028
94838289
336589853
123400863
39509055
473626619
217349583
317989332
356611561
129794130
350401598
13314355
98726860
246266684
224925342
341248122
419285536
327288391
498356679
423395146
363693057
89537359
197600329
476817674
120354032
476132315
303516900
13936728
316505146
47525657
472515774
496836810
58836121
419739671
462941371
234702615
471562509
400589547
422004063
355862125
249803978
23343188
339109759
356354784
86343363
26446323
387883299
419134513
401884143
382029822
332777459
58867227
252411009
28978589
176483912
70672142
97213141
358721882
33659230
484369290
183565685
329990125
15358612
209503387
151828632
73949155
463006012
137902960
81216157
290031024
459549571
438586334
120257815
30985334
399692597
237439735
499047061
454343289
11777970
34448335
363238679
276063663
12887076
479658938
448428966
248674229
487077745
175397685
273208902
147452543
382295294
259662695
239414105
58905943
49157754
289572732
494797908
267219305
336737925
229217323
450046322
247905416
190610926
434130792
22958254
377024679
31914624
263497500
126678724
339119374
125997524
263497500
326435245
442800960
252463707
41325158
101778323
141201304
434704795
11162887
100807216
195001886
322699966
502750320
37386745
56349022
383690911
470936791
382588138
330990797
24957472
20446444
223139777
251460876
79160605
406165915
208215058
409957439
142483002
74675713
447883541
339119374
132259185
227004141
162332325
397032834
324185378
482502678
28813741
33432014
441836984
94861981
235951773
267383405
32857778
308492757
137679585
394860860
91037046
434737001
258596627
19425226
452316968
465213315
324193455
24856955
433439584
323373258
90607924
116505939
315354726
7545002
257735921
232872789
70189537
285247169
315371330
318467011
407911216
377263756
372980030
196848097
255366186
185061164
113801948
26811659
480250301
497779232
139897638
107042296
232709657
278271834
28852139
197537783
248954420
252099915
479819641
8170486
381121325
27378804
167882454
230329138
442875711
21363449
449866347
11310547
86591483
344063333
331592511
67296582
377294526
49442764
376583307
412638538
118171583
211354830
443215250
151687239
417742408
468256034
442012101
141232588
371811044
322887156
367196976
300569217
426966231
70075974
188110833
294935672
249151249
67699556
24716005
92011951
497487517
489321773
367809037
78450143
28894579
