414362805
79477148
234242657
348811266
440967103
152689961
386377448
380261398
76422667
364967073
441124483
24752334
413425751
430880850
303072585
430360983
432063071
146552488
274728522
308070583
463919284
313550745
357307518
224583234
361267825
12124391
220708154
73193774
66402495
116927992
236553964
219239063
124387749
460979709
61102083
432276851
413817650
366750804
438978125
424763979
73874362
129782290
249571496
360304598
22901261
405372964
70888613
365584029
471333793
150971458
391822706
15063435
418219447
308062580
328917027
125239358
153852208
231387831
172012113
234268364
228708107
160419112
171646944
462441301
197801456
45166557
456913687
289764955
496943223
118737040
63577599
146598814
33566410
473418781
20553816
340217820
470244560
158408221
118137470
199127911
119411837
481014947
9869633
383354262
271557142
106109128
331037969
268359508
472355237
474737800
36868319
146540841
348180107
281506449
139334443
169869974
463649152
176399831
484649235
441752975
29904695
209138982
372742640
34234702
139313112
115318901
342233595
365760620
408547437
430932817
180478381
302978038
487567929
67033218
213175108
236316137
490101153
447679600
251553406
110919148
127570741
52009301
29491647
328811228
175604131
82973957
47604901
428825130
268768595
146599944
425063575
435137840
429237115
465725402
476946525
207552779
80534474
41097154
452635352
268395657
427798948
113531319
418411444
135443205
47958072
408124599
67351232
172785766
28966909
130168295
352463391
250954954
118142618
484434464
384997013
354530962
44897512
298017195
374721831
351219221
127137617
179864394
230324158
202036600
85761418
333142338
20881115
363453626
461972048
48278107
228292196
379053998
499688521
400022898
427182136
185723084
60944650
19027541
408690716
126228504
60944650
10351657
351092083
284473897
161747954
102083282
205211273
130486863
452105593
164815955
454608121
139398964
170792260
475403634
48960077
63292681
442881804
120699018
130127383
279948035
368303319
428933857
79946328
216264848
220724362
369455944
489283
121775819
194742949
127051743
128695786
105906921
56029914
324689523
76058525
390830746
259437868
307439836
101175147
330302473
80700238
4494840
262722255
184025605
317975433
475947455
111007123
184044630
307254685
194186702
246638560
95249185
465697095
156189412
478704401
47917183
216146325
119856356
46959113
23305958
385577260
129149832
346419044
345215342
130239337
176014035
282732597
357545541
112030159
464777224
210350455
161428967
83372242
195104273
116779807
348925571
186271655
281545407
456271031
235802163
64080230
140280118
407852114
426915036
293298306
391487413
194857027
295569947
50503793
261229932
14778915
303678739
176364984
286337015
323672899
454008543
469504958
307378183
266274401
463184341
447155876
90452165
228577676
360212083
64580438
157254618
88808819
9022387
385302573
75893745
390748603
446895375
129957804
441578138
39461566
156810262
369606417
115037705
438272994
244026718
467417656
65034506
353651564
28436602
388359971
482050196
97210114
8017218
381263614
486578564
35127006
30354434
477323682
107862584
367608196
385576787
259420536
428889423
307745539
288266013
68154560
424801041
279718076
281154194
187344472
226302393
440036058
375424613
367972737
334588261
40980993
451574223
257574769
252574470
153592321
67459542
105126176
194999286
237437857
5751532
280446248
360925565
39318833
137999330
78702623
62143083
362820048
101418106
358881427
116778572
349379134
253952205
241703041
108076135
123832077
71241800
415556379
201215199
311554265
36945121
436732089
199611055
347723674
85842400
346260390
191795246
128579157
124961879
359390789
321347087
298667381
6286018
211617993
156450808
399990168
294979376
307112223
195658809
293070818
323925287
178372430
383577011
76823780
89050381
420383443
38795500
139101077
340104458
155416105
162478107
167853592
21603563
359725679
128953123
443897159
62376691
487945677
475380903
87721845
454411959
346656311
339154502
306846215
289070281
138373600
12868291
489269339
125032753
414034497
35793754
168914610
483304837
328934015
185427768
467582241
435689968
204528058
298732324
233271049
21643333
272693060
236834987
383180438
105158652
280872285
76176462
283936434
212980480
213990367
319790368
96789621
26559824
95110990
355596762
480308177
279433880
486859359
452199781
181964519
381997023
475647026
71230373
39475299
419929436
212962401
3714002
460487928
402931589
206337755
333657926
301688469
277938404
35243151
196733523
250258608
104654606
451797303
63233726
435615554
479957726
379481072
408703877
108860227
112159562
408462125
470866309
357396095
245347491
110515168
288640469
330634890
261921665
48251730
249360933
133753616
279554057
158346818
159433795
16856163
223045458
417123768
348161177
4651757
82855538
85286101
241099714
488463224
373433111
396628939
430519977
2245380
220657368
362714261
440246014
310262563
4646061
198014702
96551902
374819967
236093223
484510886
432912084
294505979
104977850
20789253
63702553
467704751
345860506
127537443
168370093
95598316
303823043
231769487
169040413
288748507
490995974
325508662
249019287
390620037
113214362
100517385
64748953
61376534
199312644
149350070
93452142
112048306
310297039
284997158
23770114
11024098
500757250
29885620
138510849
21029757
223400772
309534027
12282387
173511147
2520507
205214354
17650472
284803832
87948432
39713471
367561809
215432579
222297244
108441282
85898807
451902407
8626455
4813860
172235022
132323249
351072258
428971225
466818414
296051320
205635073
291309562
312058376
69334272
221279242
272529710
116059863
299466826
449123138
233481759
159329503
140000978
177740677
267367006
171160214
64811495
195249824
63052884
272135388
33449635
260755462
385690797
426541060
13961446
296538615
355237764
156554770
95544249
159283511
457533307
117607153
239142243
313129087
110710840
379722139
383581701
278591595
36333344
284671539
249086134
67348240
270183324
84229974
9022153
480275082
276041751
244506566
32769634
227626388
359063730
482647707
267814312
266755257
47601213
190156880
279757942
75989839
140095103
477046848
98872677
95819551
208429894
76442681
61634763
361274333
51455938
411534538
981887
176269088
289632162
423025315
109490578
289420202
417481761
315962563
215328892
162137278
12867527
184348310
297374589
466989990
314762547
310442860
237885274
67957815
68555593
223208945
223544063
215256207
205735340
385362931
15263319
297262835
39845956
265216204
83181998
280203806
397830832
214057561
492209697
120787173
81325674
292544420
266674597
299844152
455773887
101661737
453030153
32933827
89802877
487591201
311242069
189469108
427010341
18289057
364746635
243788106
417530705
236384022
13187045
117516869
197155327
464823542
138428357
356733363
176180306
344542074
48147199
149935650
341209041
432798073
427016715
49116487
106242250
483532506
104352789
438902618
458547495
238204866
467008005
320627714
63088400
145472081
341645049
268976479
130583278
108330747
455644367
116210555
244479416
316939810
403442862
469264575
24598123
300155639
485869285
273078079
96203581
97299698
23260377
417498488
120678804
313152907
32205778
211937297
156072378
3419902
35877926
238272976
252875387
116510635
89938118
128291564
224307653
170924673
68450919
25867379
382848769
5416595
300313323
366054137
464014560
55223010
301710500
182062831
55283549
454588307
39452303
289601484
157992857
59585831
182681996
430650746
452317435
179533766
328691620
97176962
235701262
8877983
129734478
218859393
128029481
269363463
491273976
68506959
112323306
438211808
103346792
140278688
371787587
397397610
285290952
344309482
129579209
126896272
218917617
462259377
193983986
8062546
159277253
82541106
82518756
448771538
399136281
144092477
404124061
48962042
452315087
321960549
34741355
477271544
68895343
261992842
170715654
216847777
68155091
237867669
352146089
154953249
163078806
389313701
496426641
145931828
37170028
33429630
433460742
358072404
12050606
321026520
471420579
262106377
18724428
494817608
25263967
86544579
119381847
427715117
272757172
477320324
109332748
101523717
312665617
405393235
12996095
198994809
222150656
257774117
45753354
4805712
309448784
71044892
367708136
398483440
216539658
8050752
367708136
275749336
16046924
245032832
244217810
400652116
180799200
191913245
332271227
343116090
338020910
360464034
171926982
28446806
433133482
21477001
158012696
368791143
5322490
414108529
276786484
472237548
480891586
437909579
194704391
298949683
217890126
48633291
6488677
97316702
189779513
282753728
4453174
1324559
327821362
182451401
456899561
4409187
336021758
176968780
182296261
403431562
496216771
195681769
227049344
243282161
469114482
178858667
458681971
23988423
366264724
102795385
15962751
118930199
94734581
357483532
79333663
142596438
256703069
65249945
20126470
269142664
490353393
170805545
218090062
452289812
488677716
235911265
217027923
153358151
316868032
153576483
390898967
112649317
19217899
49521287
394072034
159088661
463060863
448000823
217613249
287556606
18040612
157697383
194664575
428020510
249502609
224616558
44068578
129725304
265752517
91440997
192003643
151429899
81641642
248793230
276993677
126382976
59592959
166995378
452341765
11203756
464729979
430364350
489387002
387165099
471278079
48719994
96531405
433910268
150814549
432462413
180922248
414192935
361225031
397267564
308540059
286351497
103702625
130621267
314432398
131330874
359518916
91506815
321033842
60176307
389711800
57413659
251683810
288160643
485064803
298915767
384323242
131552803
172812418
48415393
96869058
460499921
1841964
387307505
34537526
364144035
381470809
135066665
315300360
266055052
376433893
53835302
260295855
277037204
71447189
2475714
40181974
352366597
375477106
345011206
94818110
399246278
446572150
415071581
65017057
465704072
36497534
313395774
487598560
143938285
102777184
90811274
193798977
113875212
467539143
459099923
483005601
225308598
355455721
72057501
13440627
389549488
27215089
365409692
155490861
41264153
267290089
125462524
90809004
214872009
233338613
363716014
483357987
448341714
140202705
228247143
370353014
38427473
160922302
323427366
372230020
57281170
357379481
116780309
378940112
209572688
448232265
418490191
256874837
101150755
420755891
278975883
207961030
131372482
340089972
50102745
291245799
7396562
310191436
101989932
439358721
42318101
152566099
451415643
351790016
137994585
421502479
44174456
330921344
270435761
145303331
94262574
204290744
124617768
26371612
297450978
190291064
234802381
314997946
293570059
332364424
27835773
373805853
138607808
390317392
280890331
423046222
188818597
186833407
133693521
461103244
138869028
329319187
392968258
444157210
53867030
299131800
133321627
409940427
347573553
35837444
388142535
429677740
287262562
188386418
490307303
10544231
180834072
131281728
398622178
57115992
215013868
196095393
49053994
1732872
108203228
390229295
167471687
489543828
101000714
56097340
399066841
189465840
16933965
107240119
353175236
366402776
420894919
412332099
138648371
444789566
485985585
250589483
315490129
26447674
341122509
110275236
73202083
392249124
98908316
499299272
258308816
371408066
21643464
81818848
476447843
247552359
47352544
132979049
36165847
397354988
437824447
414197325
182948375
147497226
69054877
294935012
333287637
134306250
60978438
72678225
195428827
179064598
319304630
493747762
107773863
294485994
152486175
12812521
43259805
217515655
19624554
73564143
154015886
16574093
318660840
164154389
309160565
490670134
323699710
427544743
82161070
221717535
50336666
110602281
118778926
283124874
4380298
35637266
209425883
381792445
231717783
317274516
182707005
416508187
16524418
285476996
242742286
238206675
163790763
154403014
496609828
470453892
148924577
153281716
336832136
367761639
66369071
330011423
174915756
53633935
136935391
158210296
29890678
239276162
447163644
272345858
244902001
77116176
490254190
150728391
318146102
361818771
169760123
422511419
36613351
109157290
177025955
301078677
399269772
490526891
453762388
186161374
331310890
209938665
347805494
275146066
323351748
127032516
12216160
75708135
138488455
121226840
205851089
423413081
462756865
173202941
210782203
97035824
65912836
456619885
224559665
93927254
368565142
356553055
7793090
7102437
381732054
477983947
32725496
379450058
480555111
4411391
364586571
29015994
42436974
439403692
99136599
394789829
358564744
299714502
135118413
390706596
47476110
318694103
97968968
71467899
25858948
321379192
52665958
26358650
234272860
196083092
337390738
125771891
220990808
109459198
436195313
164614314
304460144
8580183
303962564
169883907
204998935
54223163
133573372
27576194
190699491
180913150
9600092
256003703
98601297
218481530
138188661
412071525
229937190
393734018
110961105
98828314
68807200
163262462
47160329
119307515
252486762
354872079
149862707
1878657
54760322
430522138
87372611
160372573
337609553
344316050
256509207
189866453
194548780
407140604
442159270
24997863
386952951
308891845
189768674
292020434
280779631
61204948
475673071
388028880
22787636
317816551
261144211
182076736
17733214
223907942
374170880
132137774
327665543
195433787
25041672
27869176
134187696
368773939
100650047
301041322
256271818
403966054
413676357
220621189
83551581
147779703
238209406
135872666
193545755
435034987
115226262
467406825
252752642
83589192
151493806
314416447
445172693
367268821
277151729
149147239
2154215
375973693
337738648
31682131
91642081
248473556
445844139
74974994
67055685
65715509
48083189
468868236
106090571
398792710
167633535
423446128
64933724
281774309
108976411
205349289
377110184
113667452
496435527
470784021
189862953
177266526
198232410
397232645
106977321
414073211
262960561
428583711
182770031
13963384
77531481
177310650
375824608
307789029
433290827
374404325
91882666
91989741
324674475
154179150
203982413
43113942
480409757
257222942
360168252
12651668
69938384
177322859
2019733
40494974
375550937
473469657
124620386
172242167
421429419
94195489
190656270
434451091
346121867
251561127
106529101
232923015
290583337
55859018
283487077
492500108
306266594
196625319
348987160
311250921
11094201
478173510
35750811
418007754
245773177
122179536
66912722
113665951
131511932
99870102
197653532
48422549
353383718
221963215
14881378
295179689
50555888
192531613
499620448
371944293
43202555
326188292
340602614
279263829
352329605
404227457
442989430
453252535
417707345
319766767
13324861
6101659
498781219
282718752
46462305
449009836
71609912
244220030
28988032
307592769
167414191
256224156
143567957
113077416
35204425
284658483
154451314
238333526
12349815
308477865
452674156
285273483
70572604
70697356
290740608
19397061
361405193
281616345
190647748
427580581
338972476
232694367
235542685
239447797
336375348
55111348
427522330
51588848
464173122
464014199
323980531
95818369
191270006
356670072
17047668
440683293
77157462
156107697
22413208
235144332
479131250
132030024
45015160
243176746
182849269
28996458
302618788
17495050
382209398
139198562
333577241
346011013
120765599
130254673
68199505
404532236
189859031
63382256
69173836
218646807
66864788
21879447
502040277
205861313
262314328
65745472
116702124
399921716
458338133
359190697
178525442
446259157
6034034
279681473
229202683
12133181
209572578
281015533
324728322
294701492
117743075
449463506
443004082
37147978
54625173
123264918
145849419
185331636
57954626
386815288
271266932
120062487
378985585
493285348
491409953
141993614
453466106
117156344
218707551
270254994
75607018
64378844
455908152
321683461
56376823
42847692
339757519
131681872
257822622
39368106
384426341
280079927
308071157
301535894
23968991
90704907
137767000
56227602
100656977
20669464
84841962
498467070
417761852
52385995
19301304
398970764
444754610
273411073
246148651
47734616
352539406
130283358
389801756
399452229
453527580
364227224
277784974
149295543
218772249
14319494
283638145
238561366
395682911
444682295
286255484
429012962
242694695
342668286
297680382
99283928
326414609
13263911
373065473
69519567
441532301
478503869
262584117
235817299
390303785
13577972
179426834
105606209
46185891
256424822
2542276
376907545
362018729
229420539
254851478
128785299
479305559
142128147
80335481
55759486
227480347
453130376
471953490
263603368
370393333
221060132
430411207
176624923
130570942
170460156
41586688
493109824
286477074
222589259
478757652
369444569
433077617
165286977
83023504
401708814
402297705
39756637
185467850
230918993
116292801
110824564
30366475
208547388
221595042
69421418
155369677
372735866
96586079
189272958
288393333
118928027
359444842
409426579
362284512
301411659
332421340
398409834
20739217
362115632
312603451
51388001
482764542
315387527
85578605
19457201
160401704
86869385
248266501
185513091
324349576
325225507
296263244
60041421
176308414
394371588
55287516
442121165
352335129
43761358
248327424
6612821
99724207
272732551
294616682
441661854
140155890
276265277
309843789
37881553
154187337
31508944
501062677
116209567
438470369
230648366
271710678
459104021
267582792
174010381
177852787
221689106
186001174
298322979
71590783
169816431
392042993
62807274
358288252
7972659
159342360
30458881
153031125
22807214
326291551
142731406
389850310
453884255
51183263
102095155
55000792
487638605
310672055
108282633
137981328
422476981
9505538
32790667
486175224
294168436
273742538
500517377
381505600
57977896
453770236
134167338
256351400
361837111
301655600
319637547
129648082
219402924
136171909
437588766
266914509
407755425
6219558
401988011
404702311
387455534
134232513
373999978
361613328
20877372
32058835
273690777
127567778
444298361
453249322
67792355
310307789
93544046
364434543
92926558
320367721
402354454
250117235
187489392
345466395
270086404
477775807
83140915
286817185
78914415
293666069
131128942
211736144
261844977
159046951
477093342
178191589
449521268
199532776
425518628
17338056
329950598
3942765
50013190
295710791
365795427
491708732
476466005
329311124
131930812
42994538
488179838
268722845
344135546
441850405
427971961
349189005
133199177
343905750
452524543
90580036
486348134
219935100
461281655
280269590
284704638
467187298
259102424
475547419
177430582
246153890
312976689
128777345
139995350
453183696
154933168
98184754
500958826
395047350
217600965
228804491
341101636
27581239
302298225
41328799
114520845
321194949
132109695
385466277
74552444
473987033
492732217
295338857
259529435
254603748
139073916
394292903
19880764
37224325
271740191
260115961
431328638
158004902
427179897
348680231
57031528
473856942
301181210
223538326
65892114
500978694
245359693
453850461
85648942
434829974
100706448
312962131
354558041
29399754
188995072
29937322
443203490
95018973
137002723
204734720
333442212
5230803
355584769
206764317
141813669
112900456
182919700
132212394
461377576
446710260
131512383
303808100
137631333
268586211
67442438
112251366
485596101
380084133
480223004
45720609
51074430
128868747
497768252
157475180
54224763
204553936
30821022
90694514
63171354
122938192
391207519
246626175
407036228
288574633
387804243
85371656
377807869
39554108
56654282
263812341
324708371
324625285
378078586
120827841
71363879
230968907
19348927
131204254
237901936
367862766
183899341
110111616
181120616
469658178
178445562
205272232
449201219
254040960
258300939
424962812
411468005
465415416
140397606
8171307
139200783
444536660
431455164
130498605
199196735
264737301
401231048
94132285
203494948
140264311
60798592
58154639
293086996
396363470
34291558
127112623
130351090
271142302
117599164
275924590
96951373
385188863
451926625
502693726
179899024
322317810
85879750
129671792
417342921
245765279
493623730
18712619
465361606
470168734
95573831
166488613
146931325
357585321
491355257
91506715
344355254
51548238
143715594
252741832
262777973
106146956
151930994
27120828
275974442
239685227
46968958
100668386
445565361
358219304
149986544
161416177
492324808
373171002
184343808
187360298
111346569
480857332
29963741
234249521
265378325
434855939
66253212
180967298
233455204
104348905
341414725
65734795
346628270
132497175
499606231
83495771
64127957
245582903
292303925
92627828
184189476
295824561
337431837
493946070
367024940
149423270
441446683
229617522
361793902
119481281
125260777
57017724
129953336
357594228
420534637
220354242
199330275
230668046
100074289
222201301
459095160
497639125
479216450
104624534
363608028
175182806
5570300
262448527
442144242
3212604
403577549
68192395
480596312
65786516
300722212
12251447
358286792
122169805
233034641
84212256
495684549
49327954
476815011
175625358
62181773
128283536
404274482
433755068
483264331
17888557
108656546
390875770
108370232
340619776
249762296
360412725
445843204
138556331
100031085
377504500
283026859
149999200
485693498
254027403
422986710
463500644
197980672
350177520
353264641
351295396
378007307
196707299
241909107
39844225
349274894
466512837
106787208
254618236
124400804
138175850
251930413
493533062
146337450
271831649
174997440
43116000
393970000
197934933
51979226
106413784
237168703
209316951
261167356
487103045
388290715
87291031
500288363
344518067
64247472
310740401
307660060
65562234
87485872
87485872
349989815
190270349
131617052
479027351
34703450
45180702
38368352
415197625
277426296
478682726
284701568
491655512
289076370
257147910
21476648
464170667
74866005
274328446
438974694
122448871
496725234
43820287
290770398
469403506
306320191
273305430
165404984
451764841
18122866
428422114
479590995
468475128
332163985
184308633
50197467
57887913
28130759
181658735
85477457
123443312
198607848
244275749
426850120
371954859
313095262
48174925
170835199
133193469
13278503
244440909
414837619
29573647
106535907
233208103
191980807
225778230
146527383
383182465
397475702
264513762
65669094
487266396
454402095
260207610
327780569
122459483
281526555
440017885
148892915
49429519
133299216
217822806
294219230
210453557
60534077
336563939
14791407
165816875
159596558
250734166
425932646
353378414
443569865
10080769
227301819
291997028
274016091
228963771
330855008
497979011
165973153
122627895
353377413
263141182
365603839
3716973
395184650
378012767
378248896
51496340
70407260
66638738
182703499
23994853
126917244
401314737
86386651
44048639
88794975
108280690
382220229
3522327
499466387
38743789
118473088
402750312
113541079
76639974
221174537
11004854
419685781
171473458
124358705
393638573
91181403
98507479
110535944
116454101
466903111
87090952
491893631
288968701
196954523
202299742
389142106
39145387
71776261
106098670
252150301
279954131
400912043
303610203
69520407
83108233
434687440
463817823
481132184
123176450
453847876
310147814
101218468
354342233
116800698
376968050
364676357
124765423
15891968
100363010
480606014
34583005
310315598
45475752
37009079
4678913
470200164
38576725
351695717
111774017
109696049
428815596
439843780
152192275
349274248
447317194
212483192
492493859
249981589
177770183
50023568
135683360
208291269
476890964
223550785
19687379
150474766
441797144
474096777
11658201
477296433
404014312
361501881
330719368
281231880
346523047
105882916
150304370
218440993
417069647
423942761
219816588
405381718
240022034
138049901
144873605
298100448
240025643
25136809
400638792
120711570
479538660
86071654
212668066
229069136
417313017
7436020
466869835
28056181
91345838
101209599
260965663
370174973
291997196
73242997
249993514
35013254
324415181
109720584
23109116
273537679
209695846
425353877
420526855
284773799
28143053
464495124
197153436
419361186
490571488
399740873
247654786
133915495
22244457
435705442
262967126
276555315
125971804
145892974
66280691
272895488
164711993
386243544
313776289
246458221
318771834
236849335
370630616
225750703
295105280
64469450
6934969
297760521
182947397
21324111
448605179
313650857
421529935
220061201
28120254
471342348
95430860
190085016
282096163
344901408
291625136
467991819
7527766
498414937
83242956
227534772
430584003
419525101
215029155
418005217
47446505
63996865
72947686
91120031
304030811
219351856
15269493
395538701
286981290
249442505
204023915
443048652
433760988
14991387
260220926
100359912
50923731
351147983
147611980
382426816
17678385
85588362
150683880
101345405
305798785
102982862
255688694
404858664
234661350
61479882
120803386
248605698
205284553
281995237
283069989
45267442
109347338
50838399
74128510
283306158
150424808
100744596
92149718
388164230
325783949
4128072
126737611
91183773
26863329
32689180
217091004
134863397
17909246
75453475
126860823
275270494
335292966
291919960
71969486
71588699
434039777
226557276
3639988
444375133
334395851
113634931
122616489
210144995
264955226
389765869
104934138
175094838
334738474
341797361
91651940
110573572
86515581
78828130
38536735
437265180
369499632
361267204
426689463
260392605
392643558
335401981
466415106
81346367
493434907
363452271
145791688
464215458
453019601
494990785
353557641
298324184
256005840
201895368
499566863
462193404
352203565
399317521
30108821
451393260
113854768
350869255
54105738
49230299
89427164
37620377
6720327
74857308
39441202
485149230
352903344
281081326
55486273
410817842
182838858
294983957
57504697
348562753
440068481
95185115
270707824
5782770
246635443
312322298
438191869
300082839
27375432
372319170
267071951
138434023
435313950
152460932
412155734
123984694
68251723
459955849
68201313
275764792
406218527
363870841
94473762
304330897
393208416
114216503
41116641
188189503
368302306
268497399
278290247
41133513
333208864
115245044
130639831
106934248
188206117
11231552
270637987
20984339
207161329
324466551
142872620
175220755
169432830
79641999
115449234
89524979
242128240
492390494
295946383
488805313
319011199
377331719
135407166
416657926
282385312
386539520
334564327
402635098
301308635
48386011
13542859
24468611
312010615
312381428
20595818
144367175
451514610
436124677
493832390
454804274
464837984
195747909
99357489
326235660
233704484
478046138
262852512
236319986
72094298
448905236
474096348
262852512
47254278
55809767
247864798
494611219
485371349
274038041
437671436
42705221
380981619
488402185
165009802
202368936
416112071
218867230
164735931
442470273
184215279
477020823
435339467
73295075
479823907
415559433
477663712
363177183
307097857
128786938
178073684
313414382
73455934
25539091
105700240
482219973
474289472
338575612
486708045
253352599
59995513
371224767
8063183
146034133
7888012
311519616
158805279
263255319
265209871
131610580
292022492
186922027
482926918
480055579
177483988
223670574
405655747
44544396
199998869
85403244
477070009
407204071
308309249
317806832
290902818
198827027
199998869
164920296
262361425
266375339
86621353
10263749
111511708
358352468
49617527
363655443
382037424
163489539
61569664
435181582
308327160
47133512
498122240
453307804
62249247
86683524
123654354
136183252
297524907
337104875
131486935
465186951
58504236
274628073
38085912
292261160
484344923
102369095
184339273
225546476
127489128
437292966
462355108
217479651
407507624
422860434
101946901
204142126
230218528
479695897
43578246
159216643
429259982
28570970
33703017
412659234
6461507
377543166
351728584
163548869
308160012
224253558
309514332
320861038
492913235
112962382
389333522
3998295
166049291
77354038
288202332
310758452
7508946
331552875
324978608
483798279
127130129
250859997
122007981
421061427
221107353
405730536
53478157
427061106
439236261
17453330
157852310
343543033
15091253
426473710
284576323
82514769
64549591
216444967
483751360
39877149
322550080
427966187
209300053
92946521
467827961
59835451
286098159
135666345
59807590
477511368
408224561
259672076
300807073
423919352
376436966
487635723
84231632
297486497
445796865
201663393
31913464
125910473
271166413
46292042
129916740
487718692
293302256
412737119
53777422
456231024
378805018
335666290
303116461
98344845
323826294
109129483
288849489
171263178
188722233
463326792
225657372
483570363
5254481
466948033
115294165
152869208
447077750
71933954
333768620
401921792
396759782
211612136
190199698
359455037
103479159
502772898
396602771
306380166
15111870
346877668
290167638
475711201
479812290
450064184
229317950
248897055
8126807
479892709
248193884
246270056
152912227
383162638
371129409
173932402
292587927
295348242
201964325
49039217
439684360
7155290
386021925
283882824
300897022
19944892
125148024
297311570
498515461
304708566
155547971
299347662
206620680
73576433
18453941
438827739
259284880
135632678
172258757
24024619
49390336
493387638
342293445
229924230
174117200
10689171
28886812
187890565
338725277
241107640
365591995
133607171
15620980
407439298
293989030
473002325
103671241
435721787
71939454
280126895
466807632
183807679
216852111
96103897
42254716
420082663
286097300
90623884
76378905
173942138
405419224
342448928
188518177
66222167
144762943
218313399
223503082
40544124
415110807
115178592
183733379
303158642
344998925
28468271
58528005
73618327
287777509
381393545
126359039
357702049
312321286
143536394
149051012
125341379
320060741
318922468
319110398
378503480
293166703
435808640
90925941
271336223
493491589
452769844
115363283
307381915
429455966
27510398
90838026
55668319
433218415
56072584
288241591
378663670
474147584
410115728
115394890
224551183
363130691
137348608
334531539
23724292
75089847
20531800
480129214
13511574
496382461
86006130
254353069
428484217
170335527
23747996
417001309
187172893
27354311
250763822
262214349
461029674
424958747
348531091
274483515
176609282
228455008
229246309
443956682
69815478
340866062
81249118
457085974
219945360
412862890
339768643
386120160
251988540
191452941
317325231
325380608
100476123
485857167
275735386
215148808
259850894
75097828
381588042
121505806
416578235
107467490
49605967
155429762
417681540
87281071
316102204
159544438
342625158
16092937
443442010
152470267
321536905
58265798
319384568
448004759
403389937
356225385
427387143
244512647
308127685
13651366
129325352
456090104
126129853
311762009
436806272
256169135
209888171
294602539
270685469
393227162
326201952
11821923
119691595
383445834
105345304
368408328
294610043
183996094
52464597
394438702
25360813
201586957
204401202
122764552
117621991
58362669
71227107
400126315
77733841
126832648
361762606
105529567
408477734
218250070
92721401
36759635
462046418
478738254
429845096
51298165
71031718
161963505
132101157
117650567
133218645
64275441
253336751
109534990
373657362
284100598
489729276
140086210
298900659
424130357
241359142
4583856
8209205
365387920
21192257
80680779
19513457
319737687
458806127
246315436
410888669
409821175
334954073
44000775
205225296
138506844
300541608
224217279
231524387
7017150
5146818
178855302
76639146
116903431
307932997
346240888
436413648
362121460
317344773
213114187
256906542
340176380
481005210
240116082
96842012
312617180
7450298
287461364
199213652
242192374
263014819
422562431
139830284
193189395
372734146
42351692
327100360
165382358
464978598
397842054
498070439
224740392
267863590
413348343
345594751
457650833
360008004
77875385
440780199
374671987
84716281
139732590
298955076
94671545
113077276
32717418
37940820
493499321
193558485
413382204
274009984
232759509
351332741
111991428
307426644
115448571
199697062
438951936
86690491
69865751
187729291
113495037
168417062
137692849
367085966
431784683
294731657
158597260
21776655
442754515
398883564
240677809
16820941
176803689
135432601
458362702
98708634
478076074
64252989
327650683
489329415
69908648
248183257
36711414
44752732
371325119
299069171
30922534
142217319
401289873
228101830
61008332
208895410
354223868
235316053
80117508
406587903
168648979
305281084
435943777
140404330
247278298
239430970
141038814
270972944
312914416
211786872
271063889
69420434
278238244
429425137
50764247
14941513
465975191
347659251
143520125
241382930
444699010
229362857
196937142
225188390
130639485
161092837
130082794
250653819
433435905
490330254
444785418
75306674
58645659
72834920
188371900
394042248
305777529
25862166
91217757
483578512
479963432
406701261
374905127
339458946
80527540
310479513
30310733
45136131
423642735
142411708
15375763
7088210
95484034
224806657
366344796
107070520
98140098
56332170
440502890
427755541
249946281
503824662
264344507
36211010
498869223
266097279
290847223
73380774
357005031
346483767
100426367
311762226
16965470
250727053
217363087
66495643
371296332
113779648
113658895
279411994
15001509
22086525
206978421
460367713
466893281
274087374
489042542
403644382
36264365
232746608
289781161
460415420
234758796
224535866
154696061
478865604
241042494
70385674
19167922
241727645
265578555
462489173
138542902
233440414
90233555
126212132
189546290
28357443
172710753
219400101
129409166
68648770
267968698
124064512
24514153
105692825
419381620
381896477
440475825
305099187
119856139
188956940
209384220
52314318
200118595
98587202
449763843
421666049
347381822
359441014
37632224
359514514
444174601
189228530
139374988
399049978
103416242
361405995
354946419
140532911
89573866
499937899
17074582
258568032
386522203
65032711
316467194
120452813
58782374
18313125
66014635
315763760
294694015
226559388
264462842
383261460
191431477
437416357
305110884
256665426
