164203714
92027951
98610397
332236540
100651417
35971986
464393529
90899182
149808327
452039190
153505676
100852144
146790767
33525697
191587294
370267690
58576525
2103316
295904704
404595716
435158296
223656769
159251206
86509974
49481936
140934130
371944329
117235020
481601212
166043394
327820413
425198334
49531982
138291857
194188122
262779368
10010038
222709581
451405628
284971918
489991035
118124567
397587398
249491968
270804708
318252117
29256035
100366766
83000919
194415428
491602741
114499096
239522683
392067071
103482781
28149296
254169898
291012115
166000978
30610209
63297816
168724876
78828589
291072945
455803243
212811481
189769156
344249818
125316548
26322399
126520048
466575167
302867995
397331581
336323562
100551449
325602309
24934416
69904648
292088235
16271571
474380330
345955856
572105
220498590
61295324
253994274
442364550
389466845
205204011
247287913
447791053
373018638
138045297
323644066
259271080
28171302
322151874
325762828
30662633
93056998
285091356
475017835
480946941
433916423
209750539
194014571
300343586
247549460
259318816
257988564
474118038
419063564
337507713
311534005
390911127
319576394
285937219
164161102
369554446
434129301
174452031
457399988
421286286
58044275
190501288
336484667
176849478
414017733
208078304
239937242
65727491
291214325
355513339
147663882
28624929
433619435
258774796
447188454
90975013
64197905
162561030
153479742
383660589
155052273
59121368
209302458
100883043
377358145
339919297
138177710
426038611
349017384
133974781
293834142
77953350
491788876
205512558
217314753
265716445
407106983
219570842
383161585
41328383
145846483
137293744
72927809
60550774
147766178
98405428
147526700
180620750
268926193
321687895
80392092
156972762
265751793
24398691
187798586
243718043
242480685
102059607
4207740
242253265
84708485
396993653
471924901
413112544
77069813
451201430
96038595
61020374
373019552
92442442
392282987
440182698
454174257
115262876
493790961
335502264
464276534
11032644
402520179
173229350
226154167
171725024
120918755
89492218
364867093
131337147
290481715
216687507
231020983
204397778
41677184
53781588
300179795
371712611
215116206
124721611
124237610
199884408
224636179
201297495
127573307
169979577
141416139
9559048
389211906
121704721
329475071
125762568
21000156
221240422
32490055
219667366
492633364
142595405
421732466
310026647
466665173
305389011
486690088
405626725
465460649
126107764
169693241
3074029
182608853
440261754
326454536
285474306
120667458
307975140
129869003
203699474
159542420
322848360
165699528
386271982
86887997
478798992
235044594
48555857
57143528
145501837
440969516
280271352
383319030
96645016
110447561
82076897
173979799
290983569
92614718
177154209
61578860
85087279
163491490
35667835
117280745
319495490
111009964
111607526
381077316
313173973
270936782
260440571
280390441
48901920
386341664
351132436
373236616
274738885
241889252
190045475
311257529
162292445
115444458
168554965
432840243
186136128
136426212
464851609
287198147
199513459
79398847
78627259
199196542
86369514
213444499
321141324
128402970
175246681
247978654
66722493
424580562
225361452
28106254
131448508
138814506
103056875
426400743
47662986
132910644
237193284
225972674
336964724
337510935
186307801
19161138
100786524
426927868
178818620
129426285
270077828
359406434
22546655
241964204
306031525
51389038
117443379
256220774
248941017
395393897
193155859
28439303
444455645
304757184
377620907
297459921
496357428
94972271
7692480
1951527
104637718
280698920
337842534
234725987
130074743
248932296
309079893
346742774
91642959
238213531
40364178
203378599
115211011
392397157
83668830
415255598
412972254
5850530
58281844
338520877
336974158
151631859
229882466
37449529
63969747
479120049
153408833
381136061
102763325
18337492
136114890
478983182
22943201
219252739
350100480
100667240
382930695
446857551
353493740
129549338
241196767
234375958
25772839
395791367
460936609
95983725
146659183
381366229
157968589
26210113
3359926
228334483
213402330
365944229
56211820
346099267
274937868
220424353
43021512
99449062
83517530
324312786
2663463
413989143
427424214
79608573
146468110
166562412
136995848
421700742
217740092
347907426
216639338
157582691
290788168
407224775
273052790
102815979
309775134
102625611
186791890
256541462
387766846
472249988
241538315
346341695
163640459
28656116
133159506
296624273
147271518
348357018
367133839
231204699
414154782
53544498
304202257
200143233
95568687
401244323
224446013
397755973
30666303
403232429
468302902
31443959
276805477
357001001
43512542
291658754
61337674
159730069
288430430
101521565
242196373
146098683
321432787
81324825
185250457
494138332
86605025
116569996
131465590
252943103
26996279
375717619
245050313
289817954
36098720
266527941
364058128
481128565
277489088
479145446
34606195
368930973
7538552
465132344
169335940
385277378
79553937
213881978
322199238
99256572
224503790
141526427
228332628
446756464
18786171
403829217
65763974
27089400
328076732
56686720
465216777
118060640
265511765
346535859
483618460
211534232
496749401
38348037
295341449
204346058
291002442
217819178
19901138
500963642
99734778
214888699
193622407
205433611
413237600
45804791
1877451
78532193
297278558
359055194
258776930
95709731
105177287
414483407
460207408
371334423
151726572
290452309
257442852
235918330
179715934
375997597
78550936
44550545
86338374
135572120
453872128
158099991
494264351
37469289
89207529
220304565
482500325
334624137
383005667
248601059
52992010
45110453
44523478
324611506
295101789
134305443
383316341
328898547
33686006
66092420
25461457
429731398
424196030
491814915
323202109
122423806
86588254
482725609
155756113
483130828
315688208
438538038
227392264
55937701
127805165
108885461
440391117
57396743
10581807
124467091
392881913
115829848
131559261
475788225
290380294
131567981
55480633
340586713
72189564
221651213
22431559
144612742
248930513
78938245
222962843
382244927
139195369
3161799
406861875
10347658
327210180
396681077
454004147
93262131
131766687
94967536
396862679
150215722
56685868
302726585
234414161
282563671
61704742
484795621
86158461
144911719
194203951
418085772
309100093
22205150
334838039
381661333
142625445
230169202
379555279
363416579
409202180
143063662
21051672
297508643
76395171
430915796
26305364
154444218
195617606
207011564
390809027
482846405
248304837
312518040
21988063
499209911
236063651
211941809
210942436
425314087
470955061
326454520
312569842
444262841
410639301
37004944
13532276
396034220
254849629
179769396
120436102
439475759
137108575
51008639
106175507
87641216
465620065
150631124
97878845
145536263
183772375
394669345
58430901
494175163
203893298
118419774
342055376
150061469
157143716
333367863
247859795
183487322
206632433
229254268
294255359
67741671
19115097
115733389
449785919
62871999
359207060
392222854
106062449
189657175
310677696
277557813
2755061
165901631
253422174
178366003
182666804
332699089
183621306
145610978
410258337
171901645
349469325
475571004
378589137
295555428
374620216
276299151
207306807
271727658
144560156
132307717
316961382
239913934
201290447
414764396
153815195
57808822
386828948
498347848
279583882
241078737
33648815
309301498
463901273
129857527
218408777
448131005
486605832
17508955
187542259
327359617
117589779
139833350
112726697
44165834
133703587
413307637
221254585
427197063
476057898
98839941
78876045
164474149
189605418
435674092
498498824
113833757
36036598
257220478
63705077
477412990
48633438
330385539
63795444
183544647
419036314
29234173
479733474
383785257
66937567
427052008
398790058
92079532
193204660
10167184
117772990
206744621
437672659
363957430
372265790
345594660
135872475
375638460
241281913
370871076
224449377
500787228
313937097
281462034
345701101
56239951
369701041
361661269
137795033
312825514
51988004
121650308
279705964
117306713
461791268
468871974
472426287
54101330
155874168
45345479
372749236
154654970
160718167
88012681
132372419
487963180
68919871
31486637
364075171
345751506
262533735
216977592
193642612
23878985
321213309
1800871
13972162
105085196
282091461
306768862
483213656
183802290
32322890
27397817
466163383
112642095
395124021
388455827
233043187
485648597
499368543
390687166
409168169
82065727
389300544
62365870
441498928
84454733
378279194
89859865
201509454
79330028
195421650
47058639
33126638
168428283
398126738
265765346
139956450
193891266
46399241
320815596
32373197
434535430
48835386
465689802
300857991
459849771
391306693
402150084
12000088
159865761
174079963
82287649
371736661
266285121
458913518
33169133
211745787
58338540
78681238
7340872
386202553
496810039
55367024
30198565
352596342
409517526
323253626
4038607
42046454
128973719
326332998
399921022
179862346
129289436
472889672
13962156
444960639
429830057
418622679
27813405
118754610
360029901
9835020
370943941
160972072
158968056
470678727
346337296
111347221
435909545
189978997
233851129
214694731
240850356
409290668
491479804
153113860
60367779
324839618
53503780
140909108
248678987
274570116
124205649
483408747
66266608
479200714
43745603
328803488
469114921
118818913
198551003
57213404
113185838
403564111
92848744
461576510
393186309
309679547
69011571
365747370
141109385
44485067
334473781
175500927
347446918
38971269
400434656
499280473
226171790
439078014
481456542
489976107
198699079
116891225
441656852
256023447
279445580
290628129
395800834
38920046
87961209
333848886
30798542
93758652
54018688
471580010
88230373
474704915
186583206
450642861
192756106
5907396
92520754
133686239
444880769
31058330
357183457
383181256
145379789
15771083
50940929
416044708
382647177
449125352
112148736
312157290
96926858
374628140
397571283
96943072
285390913
29450534
216018478
205202301
338277980
334321165
256315904
476594192
127385426
161950691
191212189
382482482
216651833
136028777
439618801
196261042
285968001
374679546
285032651
29409516
76659913
145077023
316151437
347439695
460415529
16355984
441415351
485104131
377332159
128319143
161937507
163532072
416121978
114767782
59869252
189914313
286398418
12012428
337367515
68384084
247982093
129607488
114350808
149515181
94801077
132933468
298665694
398381862
333274498
436177807
124807488
40949248
85705696
426769705
159468103
108639749
117428348
57532343
360353694
343990833
320866752
54175545
51565191
441755534
370813029
431295280
360584880
338725324
419349629
200270555
96419299
219778840
54934196
372130677
241852242
236659024
407218465
173818483
133083695
374367747
295374440
211553578
289362043
154279492
97530376
120731256
130180157
63312207
366010884
372106422
18820450
29816833
272789971
15591634
203078296
145906749
374802110
276259503
195812972
88556492
443946111
164494631
39907665
222630619
239434697
21518779
96183887
151797256
325276479
50230720
328683051
312904061
449574591
286551744
112383446
407515794
488690399
60151864
293892427
227767356
395928294
396514052
372667949
226374188
207119925
187779947
92787682
390841860
7777211
342925342
411216980
386591307
26563194
491881359
379836117
45985930
408506740
354564490
57490836
448280917
39243552
161566068
63743930
58970926
126567466
213796795
226212880
10433433
416498991
265204655
229255436
122967124
312929506
228564167
490094444
33458859
30349410
150783596
209079244
67235856
165704691
127262601
23843583
334844795
167533217
320141752
301023923
411581643
122247379
312025831
468123415
84758681
147715119
405609852
62983830
373929570
436022788
170823417
299747787
108088637
212563334
76054102
247442154
221913825
8918511
431998541
316199018
238920920
316199018
79897902
386310652
44520506
364633432
344244242
13916401
277154448
415720778
201226263
185156131
350744407
27634219
478592657
50138365
305152861
6263992
49674770
24740431
160331835
486171250
484933565
177217902
88619782
413966409
75125470
138285599
176175661
500082692
156118053
383120749
27671293
419578446
435983875
206562589
263329763
55652250
77555099
300566282
451202540
375566425
56929618
83956996
444348214
181110382
334657303
159263499
14530167
124978668
72042533
34335489
496594624
311837765
337545046
76570628
298103751
499457537
301890712
135711151
275604404
81991197
132765856
443253198
188348344
365634992
38010137
115023058
304634292
13093033
425609036
132768607
342504473
194868322
312637822
138696192
391933386
338525505
270001166
99632719
386600884
303449779
140706691
348836050
441293192
222811993
312737830
173244487
391378571
464630019
388200986
492581615
314400152
268745948
304704940
11326356
67437336
19040170
118176749
290591590
3231225
365156083
47712569
351817343
214731660
360488906
458630210
497311990
49516086
459783306
170932679
51016320
347568280
431461188
116220684
129943687
220101946
30445165
57951361
143271884
22570557
205438376
202636337
307888140
398026701
249604193
89104771
159200934
335423709
363526794
391140008
112772692
28188171
340726619
495711508
99650126
457332163
169226475
480606018
334423810
39664748
235160150
332818519
459851074
103223079
242038317
90695710
11946928
208237153
478236563
413261766
385587207
444815952
328296758
416699404
455554359
456483117
470147633
368942398
146664821
194366488
133683007
54700822
59949571
133349402
172463878
148934723
430073621
297279904
256165642
374805972
74574448
146089868
98600624
93797016
146323127
233586888
254265081
356903886
85480590
146146386
289090062
41155901
409053423
276435199
31016464
374868327
30395255
87819507
164337691
316667329
363882395
327323673
195450328
41553502
307521647
410393654
471676242
393967185
393955341
312114247
252779215
28658415
80794967
260829773
14819797
220260562
423883216
123314638
354402458
96030893
24241388
22229519
323775637
229530087
48504639
112549324
480679779
469509196
94557766
165387576
436386044
51607315
21986209
84234617
223460303
297086939
295887507
363247898
445807522
50879409
221214514
282747311
34856160
98636178
274902129
189927293
454315463
270865748
371847920
9448408
447782609
151562781
443630082
399267637
241661624
325457758
264657930
92613108
297565606
39679976
42325908
433631680
315272859
333371356
59007621
317920952
76410641
212613498
455848309
138800849
171009006
77899890
208309596
233388903
339637982
136341085
250712542
276751642
27461733
225330844
53363668
300153991
300153991
385205191
292770752
165170279
298778946
102054533
326149658
54391592
27059450
271652854
394411551
165025157
118417240
430663833
159250691
421004451
431314169
16318523
49848081
224952867
41802677
281865135
402078186
406978590
138904982
120208311
463533153
377758188
313399133
22234864
49825846
20442079
348926649
432982965
235333006
410100430
63945441
305086738
377999023
328685268
415411592
225779570
113906846
20413970
399732510
291818855
336373694
3828429
307635704
379304221
129041537
366202986
388674989
161856859
410563704
412270806
14525942
240594982
298456052
275735644
150313826
259604037
461661663
365203343
162644584
221628694
333948602
57387405
306942503
379400576
141770490
431391488
215640460
34547025
389246051
311915715
248776901
275048414
46870461
169886029
246593676
116853631
201463987
420129146
361721857
109271729
192356909
191903398
323936789
440884152
124151754
20919808
351479512
93161209
110365964
184557736
185174500
425037406
119340652
369191046
424067548
338025611
164278875
98997279
385756873
298044861
312630421
385111846
59173385
197036208
116233939
26008240
22930686
77555645
380405873
500995367
364751144
462325218
249465557
352465898
80215663
63198323
121449979
402186489
169955949
133231912
388994656
302091507
140009124
431484573
310424567
338071869
470421108
333458792
331621430
430795765
213276844
11555177
174907369
40984500
483735760
109072346
109985939
208236238
147674868
385058117
153608504
21002509
45098707
310208988
156694052
202482943
366316766
30665513
373506733
176443623
341749535
149073432
344576160
59869494
56229183
394088506
402989680
316674388
60329385
127034039
334396755
349478631
350972142
235371707
64013264
136216311
351699174
379240348
53193117
286537732
481101738
27720278
119731333
58255497
228445223
435937475
114977264
257434815
270817458
374482393
147458590
431586853
110563191
93435582
322020948
489082216
226822495
241628778
16279935
9982261
440019431
362535543
253515840
393584370
356051661
277114538
6356103
132010951
248025505
141272499
213972195
166800261
173655075
426274043
3485920
295861385
226732338
4023286
252759590
210684088
19922369
212903591
485702363
97619836
87665996
261265774
158020697
390454078
225922330
279339335
182180634
254762729
44429029
400249004
467549345
163045249
34888432
29909741
333781990
254690669
298081659
215909558
371512044
399752963
179393538
125840728
128952595
119130107
159755742
449260434
249602642
400299625
276835168
40502523
34318751
231032870
48986767
360119009
106077849
221478150
492133827
148397106
34279356
146089483
37236515
500766972
176883920
298267949
47747818
355422334
283248597
90335883
80740526
135095280
110588312
190083282
185086147
8716160
252717116
319351154
383523761
410157639
173003725
186053100
312218887
138355010
148996630
195828049
477386181
336694375
191716551
95191971
103338917
279306953
330937018
394412678
92298413
334503181
343658932
48294046
101870738
240482314
46190289
147620772
15342240
301609140
492882092
269088019
52089302
10614868
108311180
116227154
80396715
182306431
310448396
501281021
403037666
208657642
88012381
119928682
88972237
388730773
108655627
133646522
382493348
317061554
362259531
197257409
235428847
227254168
262454661
32357987
188122447
323456486
281890133
332351388
148447187
250664087
245196369
292804414
494788235
51954951
420673348
62768228
310641400
475381694
188548608
436176482
98218734
384418556
388948687
275526997
463951152
466487226
192117274
16050700
375997187
356069893
321237824
221064782
321514816
257228877
135349913
141804953
9022128
171502240
454954199
5055667
19066299
415912337
127596481
94810566
81119269
444854707
287071604
334027220
70168240
86953409
276655494
332077668
192973213
341440474
288415011
136469965
375651824
44002194
419569819
3232845
500164999
70170483
43365170
381228860
101312302
328544309
2726285
23147795
452840013
130433767
208299854
188061759
340462023
37649057
289810947
27396897
9392763
371421814
114635672
275903665
55080224
255005594
105369644
276903542
502963827
389505870
146433390
374668563
394600817
370471504
433652285
208356612
352676071
326418210
87444983
244726236
123436340
147690840
159797490
175002210
373115708
333168799
494643549
447722481
364554885
133669954
396024162
137506713
395941716
301690969
148692352
102189618
489994622
274019020
60791926
157019288
407625756
7384940
282124234
314478356
363600686
263034431
347934468
496559939
62156918
394386581
11472390
119976567
141023658
24504465
29379495
334829523
171857835
476167518
296175214
348684427
430826387
256946912
221089096
456764215
317447973
54115617
381333779
75257616
21075621
228812124
102356350
294162045
128305001
16129614
325559859
74921479
70535288
393684559
333448993
144507735
108442621
123119857
3961830
399009472
467840162
178109627
100966226
224849054
305181367
461920994
192310991
372253952
256990098
329353780
292466196
385494289
230757346
89842005
321232606
35186065
351974429
434187798
219912455
197544774
385225979
342860563
284172604
109105557
500963648
334682536
489888907
110711138
218238473
36234841
59916623
323754295
331853495
117588374
358627363
245918026
432799856
229857416
36487170
476537138
203076898
373472218
99507146
17182150
274087747
257503012
122163930
271381964
151511546
31940514
195050150
60614549
251864318
190223099
60358381
34152155
378852774
143764752
293569084
442105218
482062062
432078074
40704059
303403192
182139241
150245447
6421614
324847216
243172851
97037666
35799717
94790030
280105600
365865968
377743619
151252685
255270733
132552676
382793798
384769426
240308886
121170511
339250777
23179307
88818390
5214232
350716252
252553127
469692552
239774849
244081541
138072285
55661153
47863659
81113827
344424068
215201810
188406281
498670133
410863460
332717320
176829233
116385930
324236926
151278405
188596051
95492376
296307782
3661335
444632785
173610969
433253808
250939432
70289600
446493634
165903248
221356882
331438301
147518786
18465811
501634667
11547459
103818162
388098745
95791396
243723937
493175123
30481012
255073769
429969942
368983126
496876722
70136670
350787197
5635604
60140996
154538900
384334054
34333319
179691551
398520720
243208053
167200291
129555268
424994778
482228689
329498722
40004089
283161106
362371798
198899534
55863945
66594464
284454767
176591033
340073066
291344434
499007802
234075968
277308942
329186570
70870299
312854208
21260163
26071446
208501007
314126491
85864514
20482494
354773546
241235059
331580151
431724859
452002319
225226707
431524670
470543831
11698563
484360845
58084804
380827728
355445719
167782414
351988791
363963411
149107308
86963266
302825760
434168323
176616887
231187257
218149995
175288297
321923724
380795552
490150377
127624565
203286321
394166668
109784713
223059266
409368000
335157644
407114031
4721615
180274803
333550404
480862059
339313079
407187593
397978797
164048164
499569113
319357612
69519273
89293516
250546399
371424306
409501644
68496213
122498184
215858401
310027581
243498070
41396948
128196284
379020836
223349144
339987514
497224740
169684351
118916385
475257120
429964061
138870084
187928570
454179473
119046457
195541824
248537479
22718923
354949444
86060995
25545015
418917445
400347504
380536763
30515091
77526241
20739503
302622848
27381181
69752290
394362279
32360738
484679394
381044112
293207271
316382958
116436186
249199329
443015032
234241723
386315870
361957010
122725325
79895998
349086971
349316131
182170360
243178718
237788150
56980789
265617448
335676665
228065289
114896270
257869858
381294412
21323422
31416965
262399833
124883528
275058125
263798346
250692511
251548480
490502659
186028252
360817185
469636159
381143335
116517315
315046823
91386930
78506999
83153662
178858854
97146245
61047787
141439544
73287057
446532555
130752638
161024772
395397624
500144886
365633594
475014369
402706300
89851257
478557000
188804269
73054291
470782675
46777438
438075950
23179405
315604797
43137993
321798786
89418713
114955015
313901549
5494661
257882562
68386109
284217652
95925918
284527243
137754549
386121723
133061625
252255193
246294378
409709437
196260336
296035170
64529690
26085245
312694636
367660216
142682446
369248501
371308460
441815955
150821022
416124272
467892652
440443965
140288431
348476837
67182309
319465145
365679893
298792525
425535499
248970565
247385638
25541500
498679617
23135777
17372439
64559064
502114419
438058340
345852355
329858854
328259529
468696451
496264094
125012516
29812572
179171227
140531439
458587635
502676728
392150489
281818878
159315003
112913099
106821898
19639423
123891644
351940640
475072124
81579254
353510024
81231229
501160828
118249745
267013279
161832605
449409732
61278799
41302820
391543414
177164488
128387932
498282019
280857802
40155821
80959148
457698256
440948740
63649322
60793342
461103060
251830856
236595990
132076744
381044363
36607179
25406548
454406348
166634635
434670926
96289652
488419873
80095904
279252133
250507784
362216864
56256957
21039337
285076273
145430279
43257427
253126428
131295750
163434562
134920424
71411524
311677479
243684769
358207184
223200646
23064572
486033075
198685169
200132427
255010969
456148797
158262893
218029750
124109086
352576597
141391347
370895696
487161389
300159834
64084069
36546099
170941040
272183028
370421409
183078469
489198247
80043265
242693306
79417648
434788898
469553467
415087726
378528282
287705086
108885022
75610609
403920345
366012648
209587013
125879485
205005295
487262761
74620385
147863216
493494679
20569406
21137849
268078241
266893176
57136404
51571485
114906952
265910756
490786233
104990758
404355931
174854457
140452162
117325525
175081765
187330111
124969227
469168018
198684145
126179542
32343430
132405658
161191245
79887525
54590779
63685723
147219051
172647646
458201561
124470319
295669970
322555223
469036247
486603138
423314448
347175232
95130933
406461851
415282686
211329362
367593409
358510518
270210052
375052806
44361364
212333457
141539212
104501352
38225545
37249483
298955835
375169070
319736354
488006011
436516712
115499797
281735772
249813764
454905283
495979267
216407881
99351840
146307387
259884966
321669644
10696183
101599782
138345277
410043153
216407881
184846265
411297647
501506623
420456278
367396432
306758640
53437619
61261577
186080567
428401046
41393202
5360308
392999808
95995926
49467786
83691412
173068204
128831581
418306982
90714248
130286053
341443120
102288076
196798945
388825868
412191492
384769455
134831076
223857178
260006386
291717630
263970604
22890411
418614472
450542587
26408956
136189230
400440028
501647812
500890198
383061401
169788987
62246376
283869919
92662976
143039460
96700785
494651914
293903827
131097384
41541420
267752648
464022827
500845475
91086913
142499251
301160315
469937358
76353148
71604259
9448562
96371865
179428448
277226866
309915948
283529994
329357892
350505899
222264633
502031341
73291090
313409024
398367796
293382164
213647335
40397466
153575940
275167205
380756520
500763578
258417695
36793588
486998352
386366717
315820488
384258584
288176131
452788361
163571491
300683466
313444983
175446136
263940531
229042621
139944796
296263249
135851384
450727853
103888805
441899650
427249828
16916686
470244377
463745815
217187559
322899988
342962621
207672201
112575972
233210060
54786469
18699109
158402307
254583010
414503490
363403982
122109260
54799624
188111206
330201634
195427667
210092526
97119181
358636800
28693956
293762859
363079601
410532118
30237401
204883217
278816523
317294409
480475744
214644279
107025931
227614394
22916896
165019953
82520426
70396782
147904578
450024733
7510896
472828080
265599317
256408060
99741902
203323549
228726143
430498596
308007075
469650647
489320891
241834823
452161042
278489658
418686151
60611080
140480723
387507776
270703632
20798012
274536418
400194954
218853090
143033651
177445341
438928728
355221439
135950268
493688814
29313397
271994221
147861178
359721088
391233200
72226093
390749041
494558409
419082762
336339596
47804884
81448681
381404916
99751990
294165084
157330687
295104151
204153613
8431986
389202864
302510847
110370374
242632448
386872660
73367631
395297747
274801282
393542407
148999320
79509554
452692713
321929517
123479044
143596914
109667146
210760239
231551044
482780955
322528569
200859175
455743725
329674547
409102634
313622758
186942395
29860303
404701800
66380871
71527871
426473288
55780217
22777520
72763065
83778663
126599597
252550269
33650061
407229556
160527623
490424503
382282463
340511173
297148809
418013151
241881869
190365705
77023024
42279169
457886200
200040079
62685080
158871182
71554454
34378298
344096498
259375957
314823268
493805208
68971254
203194369
330597192
116861116
411704606
92297152
245981421
140339762
170714571
277767869
409722509
438924294
314433728
17097253
98403249
490399392
123251442
436173643
390411417
76747121
110141019
475764075
264090570
258552176
98631570
340578164
53180835
258827276
64463190
94247886
176900921
298992969
478244241
334349836
97484825
222964101
243180311
371193678
201549531
454039034
7188865
393370337
79635349
152009122
371785047
146876855
397266814
105363997
229830783
361519070
122172693
115219504
167663959
264038729
402973989
244686337
306462724
125465256
142934790
23326172
11986229
47240996
245751725
162854636
457248575
320378211
38972854
496903598
336923569
70715394
435623306
250869358
410587770
488110497
23249893
342602740
502309629
30460499
301087130
254944912
7566515
56555422
385641170
75534287
243292059
98108742
72189417
61664872
200003979
204806199
169773040
63182032
101408942
448514341
135639453
337300286
22835364
110473244
66536908
210474517
210505488
87414650
61860714
368769613
219580342
232331037
408629559
404924604
84729370
391589648
138971716
166150944
251501817
152671474
403074726
443198327
356171530
241557242
400304717
98593145
136250143
465667654
430299931
291809906
371833837
26244279
405605210
157438312
329855126
127600140
281988137
242851632
412027321
173494030
176492086
55232100
434003656
377497575
173347153
314523383
476161568
93038481
115226569
183909051
501475316
378137034
233536495
285055040
476244228
31937490
501344050
483087483
444094919
187519909
333207941
142517316
305694881
477105066
61469268
219397465
242160795
457697817
27800372
356878849
341940118
498428397
124809131
175553332
5541366
177134581
360449522
129835685
321255170
92086802
203712608
343556723
494903531
344946330
195493948
292316880
23602407
371072271
498456231
6344596
457215222
94949927
284330859
379855683
326831802
377964736
96618052
505199637
33396486
450579766
479718053
47514565
431574140
152147999
294691554
176034351
193681940
322611861
70375089
346396383
286670448
375254308
283150896
373947642
289999997
489669979
56552073
408894368
480305057
427715672
148152921
414966492
393887564
83312305
192541976
178418885
307289977
140485519
121780845
28118093
11421186
206114885
173645931
438898495
279684272
320692278
364650938
22422511
78487030
301479145
190152475
19359036
349851193
450675170
489584837
179056025
211861597
27310964
488654833
129422861
398548413
448272231
136467597
222205561
70473997
281944718
183559880
49860311
76362374
96697041
101707676
259452045
495080933
42913042
389023805
39944513
42374315
134669330
129583815
61897132
422651501
314787013
182301136
136791376
88706278
215070908
98655393
488469823
183480100
169480103
462186327
503288499
76042111
487023190
210835032
356059117
79555533
112542840
48213330
152323859
275429087
343644410
141990779
358728573
270851903
317937813
205190490
16376861
335634875
11319273
251819579
77847336
34165186
440929600
294698762
71101367
288639010
503325221
487243361
102683650
126337559
372897723
108020384
464863562
26604737
439440850
5949291
137857898
241959158
320428600
354925949
310786969
458493153
158471549
182384737
416898246
245885346
112955180
40934117
132907901
353855388
129916244
435383193
251597851
102972788
153313320
80218209
130432630
34193194
89896702
66113416
357777454
27623226
473409250
53172941
290944273
422879390
219352760
497954511
319884894
475316035
74289557
341510491
415796702
66798784
338638238
180567442
128987059
114401376
28896908
209862424
162583852
239598756
48373341
154416702
322789620
37748610
71501565
49094088
435792039
385067112
122322728
102821077
392982530
196256838
278793955
99578523
68814680
80224597
103232797
109658529
169424385
314892724
93821685
302293495
190408453
367610853
228098054
250978581
481989841
238061928
337502473
223200033
354541123
82423321
246321089
413128080
148392419
238522403
149573499
437737082
339241131
311523620
328390721
148847012
66578574
237467308
28482233
308266067
47052893
301960034
97724653
125157224
322147048
92683553
70071201
56568287
106218110
99702822
464126915
26014040
388102275
492271596
197989966
6675374
140163161
405929557
245659250
411545019
368986918
168615817
283512979
318506823
187005085
239142674
288009188
400155013
158482014
28749769
36073024
405953512
233319015
265772507
343292888
346335208
299463839
223032336
120535420
371505654
368731704
126093604
404114402
384956264
80418792
278627829
108070612
110392126
15789582
192791369
339128171
317769795
239626634
39098595
285539959
409277728
6654784
61358996
456605515
501424506
424415814
254185175
181107217
366685490
55870075
471026381
91070726
133770825
380019094
490241630
441670463
291019719
405374453
107728722
15185903
262758616
113370498
301136826
426691718
362801978
298368531
394059012
260213512
382451201
303166742
326781818
49719747
297529369
495460069
380392900
324747161
479199147
305352600
150232401
344837073
34569728
161158896
13702064
72533558
94371588
337421553
242993690
73259861
313812321
215897659
104618192
374037762
89263722
116730036
284188445
170825764
248770701
224176993
80406476
127867417
255882101
173575153
411464347
277064879
386374701
193766530
341566430
131916820
17443122
320271870
46834232
361341575
415632889
9109480
423094895
390207379
177927413
111841592
228491504
378941591
289113495
487435723
19958629
412669673
138443233
379055962
117335307
139176821
452585996
332152069
278991907
302442016
330220646
40330637
33266841
136333605
24239621
28505881
406892769
58275804
14198459
119308138
380602555
386723730
71012515
501931430
169425980
34632465
180071733
61971576
420336412
140236484
503738759
6956409
31512466
484386767
106362924
287041109
241331024
214444249
297463814
383174881
454825197
489039163
22875018
309712591
119799056
503124918
398332014
50453507
176565246
334178649
333203468
441331548
122395372
358161219
448411443
396228648
295036057
65332224
385889349
23747294
141233977
75855519
24251937
226737220
12353442
346608991
233551690
15445300
235719241
469369975
278543599
124937672
457142575
259121271
277194838
34576259
210284312
80953719
75032111
411108779
328501871
24992903
492913911
132124087
454601083
383360523
381763288
184719735
130657408
160848975
200807839
409410585
111752706
149980902
90031029
58342599
459726096
147724743
131988956
30293466
396844376
242852814
365368426
116931020
203834403
322235981
192015772
403253775
106211972
73141303
480571788
238980578
18665382
22421306
58205778
14366543
417433923
499612320
381377404
260596685
356421471
475786279
88929849
205245627
321173416
332905366
382294408
60493711
11042718
501591746
272783155
236644154
27702907
498678509
62886177
122561870
130220742
124463995
281470858
339553759
280055306
73234609
498955116
250751459
19009663
64600488
130689048
234559932
126110796
279009348
237825270
404086786
463480976
135677350
389132134
191700803
151718134
374837681
282831995
69212782
491408413
19181609
252391101
369228659
406224632
355356744
157997976
503326929
180842707
402047165
242428136
73268458
280540965
208852808
37923236
111090079
78669911
349865784
432189186
500086378
311576625
162317168
42990651
26485483
223529729
294569283
153650954
205619032
23422767
140210508
367244222
408477738
126807546
218385144
452635318
377862943
46131583
137188563
82369493
255407929
194329061
34346671
376176400
132316429
109110749
43133414
260309394
354500115
452835395
179307567
466840030
154977311
219983424
111383668
440397670
14538696
28267340
457136546
343332615
105605727
252746449
145121884
490373882
387809436
102064884
348183111
292825101
84427001
351244137
193246670
388251613
141226589
78787749
23428185
26634950
36727319
30732504
318101965
134246865
35493924
89094746
338671753
351633999
483357416
19105391
14248431
456077732
199815076
362512113
265309597
392630734
282326119
22888270
245763171
98660647
402345222
155144281
136127659
496327391
329956523
47779597
195411786
219192574
490958749
34971646
279791334
223952813
240310576
130286289
113964131
101058151
92541366
494287767
276166476
349367597
136130875
32494263
22391528
91550896
503577454
395097376
429328174
272007835
50897130
362085542
351421095
195428363
63337564
140241909
172418467
421749669
251021985
279023880
431003326
93528025
151844518
244865441
175551633
75272952
47526549
55509094
493116372
273750114
239227093
79729180
78254319
276297663
99917279
234917548
226778507
